10 0.1 1662.98046875 0 1662.98046875 1662.98046875 0 0
20 0.1 1662.79296875 0.0 1662.98046875 1662.79296875 1662.98046875 1
30 0.1 1659.6484375 0.0 1662.98046875 1659.6484375 1662.88671875 2
40 0.1 1657.71875 0.0 1662.98046875 1657.71875 1661.8072916666667 3
50 0.1 1656.265625 0.0 1662.98046875 1656.265625 1660.78515625 4
60 0.1 1654.76171875 0.0 1662.98046875 1654.76171875 1659.88125 5
70 0.1 1654.8359375 0.0 1662.98046875 1654.76171875 1659.0279947916667 6
80 0.1 1654.5625 0.0 1662.98046875 1654.5625 1658.4291294642858 7
90 0.1 1653.92578125 0.0 1662.98046875 1653.92578125 1657.94580078125 8
100 0.1 1653.515625 0.0 1662.98046875 1653.515625 1657.4991319444443 9
110 0.1 1651.62890625 0.0 1662.98046875 1651.62890625 1657.10078125 10
120 0.1 1651.78125 0.0 1662.98046875 1651.62890625 1656.6033380681818 11
130 0.1 1650.28515625 0.0 1662.98046875 1650.28515625 1656.2014973958333 12
140 0.1 1649.39453125 0.0 1662.98046875 1649.39453125 1655.7463942307693 13
150 0.1 1648.17578125 0.0 1662.98046875 1648.17578125 1655.292689732143 14
160 0.1 1648.1953125 0.0 1662.98046875 1648.17578125 1654.8182291666667 15
170 0.1 1646.9296875 0.0 1662.98046875 1646.9296875 1654.404296875 16
180 0.1 1645.32421875 0.0 1662.98046875 1645.32421875 1653.9646139705883 17
190 0.1 1645.24609375 0.0 1662.98046875 1645.24609375 1653.484592013889 18
200 0.1 1644.84765625 0.0 1662.98046875 1644.84765625 1653.0509868421052 19
