0 11.6 2.321703680630387 0.522804396890878 4.56103515625 1.435791015625 0 0
10 941.4 3.793630191113308 2.240010273972117 15.69287109375 1.361083984375 2.321703680630387 116
20 1236.3 336.52777582934044 229.39072907412492 1600.972900390625 1.244873046875 3.7757137718881224 9530
30 1227.6 1399.3969964816354 434.70836125674964 4957.800048828125 1.244873046875 191.68115127320286 21893
40 889.8 2319.9628297407385 1116.468550009038 10212.2861328125 1.244873046875 625.5808766318238 34169
50 326.7 7698.125769637067 2833.469393409822 23693.97412109375 1.244873046875 975.6542650443699 43067
60 235.7 6330.380017985817 4902.657961089132 23693.97412109375 1.244873046875 1449.6542306312897 46334
70 585.3 9301.04332643081 8643.954541564515 36655.763916015625 1.244873046875 1685.9170036446724 48691
80 229.1 17212.857783450407 7726.562727112931 47100.99609375 1.244873046875 2503.0799247224672 54544
90 389.4 7963.932746217145 13218.739790526248 63276.476806640625 1.244873046875 3096.026191535975 56835
100 870.4 12299.429608821907 12599.592326096239 63276.476806640625 1.244873046875 3408.1608903442625 60729
110 161.9 28381.502601854445 22395.263327551478 71274.78588867188 1.244873046875 4522.754857559123 69433
120 581.4 13959.668607950021 10444.13430692633 76256.7880859375 1.244873046875 5066.403348777021 71052
130 497.4 19347.155847958194 20565.41025378392 88215.07397460938 1.244873046875 5739.07324465858 76866
140 405.9 20817.488082641386 20287.839969825087 112689.76904296875 1.244873046875 6566.133397014545 81840
150 349.6 27535.301337759352 19601.32387930377 119636.64086914063 1.244873046875 7239.555074437558 85899
160 876.9 21251.879736868286 25569.76296985008 127773.080078125 1.244873046875 8033.267574427187 89395
170 386.3 12303.16157748591 10914.55079097127 127773.080078125 1.244873046875 9214.087529323544 98164
180 459.1 14114.745202697866 11492.628893981402 127773.080078125 1.244873046875 9331.047677598523 102027
190 304.2 26599.572304790257 19100.52972124806 143777.32592773438 1.244873046875 9537.034990601309 106618
200 552.6 24538.791740315373 20465.521383616586 143777.32592773438 1.244873046875 10010.354692495917 109660
