20 0.1 3451 0 3451 3451 0 0
30 0.1 5584.0 0.0 5584 3451 3451.0 1
40 0.1 7144.0 0.0 7144 3451 4517.5 2
50 0.1 5542.0 0.0 7144 3451 5393.0 3
60 0.1 8719.0 0.0 8719 3451 5430.25 4
70 0.1 5062.0 0.0 8719 3451 6088.0 5
80 0.1 8578.0 0.0 8719 3451 5917.0 6
90 0.1 11311.0 0.0 11311 3451 6297.142857142857 7
100 0.1 8626.0 0.0 11311 3451 6923.875 8
110 0.1 8276.0 0.0 11311 3451 7113.0 9
120 0.1 10726.0 0.0 11311 3451 7229.3 10
130 0.1 8511.0 0.0 11311 3451 7547.181818181818 11
140 0.1 10132.0 0.0 11311 3451 7627.5 12
150 0.1 12015.0 0.0 12015 3451 7820.153846153846 13
160 0.1 12898.0 0.0 12898 3451 8119.785714285715 14
170 0.1 13013.0 0.0 13013 3451 8438.333333333334 15
180 0.1 12413.0 0.0 13013 3451 8724.25 16
190 0.1 15178.0 0.0 15178 3451 8941.235294117647 17
200 0.1 13558.0 0.0 15178 3451 9287.722222222223 18
