10 0.1 2.671875 0 2.671875 2.671875 0 0
20 0.1 2.33984375 0.0 2.671875 2.33984375 2.671875 1
30 0.1 2.140625 0.0 2.671875 2.140625 2.505859375 2
40 0.1 2.3515625 0.0 2.671875 2.140625 2.3841145833333335 3
50 0.1 2.6796875 0.0 2.6796875 2.140625 2.3759765625 4
60 0.1 2.5 0.0 2.6796875 2.140625 2.43671875 5
70 0.1 2.53125 0.0 2.6796875 2.140625 2.447265625 6
80 0.1 2.6015625 0.0 2.6796875 2.140625 2.459263392857143 7
100 0.1 2.73046875 0.0 2.73046875 2.140625 2.47705078125 8
110 0.1 2.859375 0.0 2.859375 2.140625 2.5052083333333335 9
120 0.1 3.12109375 0.0 3.12109375 2.140625 2.540625 10
130 0.1 2.94140625 0.0 3.12109375 2.140625 2.5933948863636362 11
140 0.1 3.0390625 0.0 3.12109375 2.140625 2.6223958333333335 12
150 0.1 2.94140625 0.0 3.12109375 2.140625 2.6544471153846154 13
170 0.1 3.01953125 0.0 3.12109375 2.140625 2.6749441964285716 14
180 0.1 3.01953125 0.0 3.12109375 2.140625 2.6979166666666665 15
190 0.1 2.87109375 0.0 3.12109375 2.140625 2.718017578125 16
200 0.1 3.05078125 0.0 3.12109375 2.140625 2.7270220588235294 17
