0 1.8 32.434366861979164 7.440906269234427 45.659912109375 23.845947265625 0 0
10 96.4 32.840360142877955 97.94052462353173 2061.61279296875 19.489013671875 32.434366861979164 18
20 195.7 47.32880240602643 317.6627965060186 13447.41796875 17.294921875 32.83291831084519 982
30 256.1 536.8019445643479 595.9760683170531 13447.41796875 17.294921875 42.48533245656472 2939
40 257.6 2180.8749835091335 1202.9689530047553 13447.41796875 17.294921875 272.6571222034798 5500
50 216.4 5559.300347121943 1845.25352273306 18280.132080078125 17.294921875 881.3209670181608 8076
60 253.6 9897.697173783483 3397.4255687877617 32017.43603515625 17.294921875 1869.9095782041554 10240
70 353.2 12737.219468390014 5181.812971066079 41370.18701171875 17.294921875 3463.4027953604777 12776
80 265 12774.626548312192 7019.699645427845 41370.18701171875 17.294921875 5471.933607792433 16308
90 310 12952.329029501629 6858.465157751845 46356.676025390625 17.294921875 6492.723579961299 18958
100 283 13691.674295184142 7998.714648367445 52940.119873046875 17.294921875 7400.547357891076 22058
110 301.8 15088.715042104146 9135.634291015895 60949.25 17.294921875 8115.90774171217 24888
120 309 16182.469422532362 9233.691286125015 68819.40893554688 17.294921875 8870.008380735426 27906
130 294 16570.48235021061 9940.291156344238 79406.67309570313 17.294921875 9598.989688618783 30996
140 290.3 17336.6447833801 10466.416711088445 91707.44897460938 17.294921875 10202.955637024015 33936
150 319.5 18390.576951825937 10432.650648145309 91707.44897460938 17.294921875 10765.10715014521 36839
160 300.8 18612.03815216713 11733.449828691964 112620.60278320313 17.294921875 11373.674268503853 40034
170 300.5 19204.58219739554 12762.428394300472 116113.82104492188 17.294921875 11879.528981622649 43042
180 270.4 20570.513696794696 13267.282146072195 116113.82104492188 17.294921875 12357.557624387597 46047
190 322.7 20792.348324137678 12537.32904749901 125784.69702148438 17.294921875 12813.093576876545 48751
200 282 22083.32463777148 13936.90209804148 125784.69702148438 17.294921875 13308.47729824735 51978
200 11.1 23655.184200802363 14962.92620123094 125784.69702148438 17.294921875 13760.046141954384 54798
