0 1 29.957958984375 6.719573101635858 43.408935546875 23.079833984375 0 0
10 100.3 34.598300800722846 176.01404941804037 4085.65087890625 17.052001953125 29.957958984375 10
20 188.5 82.49686696991033 529.3461881879849 14646.10205078125 17.052001953125 34.552492885457816 1013
30 258.7 651.4010559483112 1022.1080732584829 23283.654052734375 17.052001953125 65.73784317848506 2898
40 240.6 2373.704272643586 1552.4663606025133 32700.2880859375 17.052001953125 341.965870787517 5485
50 214 5739.776455717009 2027.082214635244 32700.2880859375 17.052001953125 961.4516894246608 7891
60 260.7 9843.739461216208 3332.1291984800528 33061.156005859375 17.052001953125 1980.8530452082941 10031
70 307.3 12253.530150056313 5580.7290302437805 50154.801025390625 17.052001953125 3602.830010434804 12638
80 297.1 13120.424073005206 7069.801030161552 75276.89306640625 17.052001953125 5294.867533766031 15711
90 314.8 14243.308812995727 7738.152116273911 75276.89306640625 17.052001953125 6539.366435279765 18682
100 283.6 14289.450374888438 8836.618196139878 75276.89306640625 17.052001953125 7650.315157453372 21830
110 280 15309.853003627231 9282.066699227822 83758.96899414063 17.052001953125 8413.656902229415 24666
120 277.7 17139.919712021307 9729.1394461661 83758.96899414063 17.052001953125 9116.684248181278 27466
130 291.2 17864.095385289493 10228.680844728053 116946.66015625 17.052001953125 9853.401005218733 30243
140 285.6 20249.94278526843 10771.884739043078 116946.66015625 17.052001953125 10556.979410731206 33155
150 314.9 20685.544907454565 11710.736619994324 116946.66015625 17.052001953125 11325.7196122718 36011
160 305.1 19576.252867031908 12462.117690035795 116946.66015625 17.052001953125 12078.377678015686 39160
170 250.8 20021.706570906765 12814.171074963315 116946.66015625 17.052001953125 12620.322128554373 42211
180 284.8 21984.490331328223 14052.103944498338 116946.66015625 17.052001953125 13035.417997903414 44719
190 271.2 24284.84309265676 14087.24781134109 152931.98706054688 17.052001953125 13571.229758274972 47567
200 274.7 24820.232588960695 15299.883957642878 152931.98706054688 17.052001953125 14149.111565050036 50279
