10 0.1 2.33984375 0 2.33984375 2.33984375 0 0
20 0.1 2.12890625 0.0 2.33984375 2.12890625 2.33984375 1
30 0.1 2.46875 0.0 2.46875 2.12890625 2.234375 2
40 0.1 2.91015625 0.0 2.91015625 2.12890625 2.3125 3
50 0.1 3.4609375 0.0 3.4609375 2.12890625 2.4619140625 4
60 0.1 4.23046875 0.0 4.23046875 2.12890625 2.66171875 5
70 0.1 4.578125 0.0 4.578125 2.12890625 2.9231770833333335 6
80 0.1 4.71875 0.0 4.71875 2.12890625 3.1595982142857144 7
90 0.1 4.98828125 0.0 4.98828125 2.12890625 3.3544921875 8
100 0.1 5.2890625 0.0 5.2890625 2.12890625 3.5360243055555554 9
110 0.1 5.7890625 0.0 5.7890625 2.12890625 3.711328125 10
120 0.1 5.66015625 0.0 5.7890625 2.12890625 3.9002130681818183 11
130 0.1 5.421875 0.0 5.7890625 2.12890625 4.046875 12
140 0.1 6.26953125 0.0 6.26953125 2.12890625 4.152644230769231 13
150 0.1 6.171875 0.0 6.26953125 2.12890625 4.303850446428571 14
160 0.1 6.16015625 0.0 6.26953125 2.12890625 4.428385416666667 15
170 0.1 5.69140625 0.0 6.26953125 2.12890625 4.53662109375 16
180 0.1 6.12109375 0.0 6.26953125 2.12890625 4.604549632352941 17
200 0.1 5.73046875 0.0 6.26953125 2.12890625 4.688802083333333 18
