0 0.4 37.47772216796875 5.48244727556564 43.06689453125 30.85693359375 0 0
10 93.1 25.14176677044172 32.74552430625031 1019.64599609375 17.23486328125 37.47772216796875 4
20 183.2 35.522832079225246 68.74281193554957 1044.61181640625 17.23486328125 25.194540911179804 935
30 276.7 392.93647685049274 419.0606519416639 2909.297119140625 17.23486328125 32.03278790064827 2767
40 294.7 1115.473942648243 755.0068872633105 5370.21484375 17.23486328125 212.4846323755705 5534
50 228.6 3227.1535223746473 1820.8195075720414 12044.4521484375 17.23486328125 526.2577130704846 8481
60 294.4 7064.409774780268 3777.0046056685637 22476.06689453125 17.23486328125 1099.6995093061412 10767
70 278.2 9460.082931375946 6126.296962673865 34126.970947265625 17.23486328125 2380.4308215048013 13711
80 305.8 10422.613666541909 7987.783669490996 40260.240966796875 17.23486328125 3574.6096955520657 16493
90 243.6 11851.394304948895 9772.982400129655 49834.015869140625 17.23486328125 4645.715835559581 19551
100 307.6 14020.759825945826 10515.976386050721 57080.654052734375 17.23486328125 5444.052705138532 21987
110 262.1 14198.934624524562 10972.916867739008 74527.76196289063 17.23486328125 6496.678133203935 25063
120 273.8 16130.646257532871 14317.29108989034 82290.39111328125 17.23486328125 7225.894079734471 27684
130 266.8 20228.84345516448 19754.666122661234 89418.30908203125 17.23486328125 8027.32762988936 30422
140 325.9 21942.585007308506 20525.032903777894 97579.69506835938 17.23486328125 9011.118630851402 33090
150 245.7 24193.302293789122 22796.081023743573 106251.56396484375 17.23486328125 10170.535641522225 36349
160 314.4 25706.209172605566 23037.610032251236 118261.7451171875 17.23486328125 11058.38642914836 38806
170 300.3 26012.406567309645 24243.54337721812 127493.2470703125 17.23486328125 12156.187494832016 41950
180 277.4 27619.989176314964 27482.525101630603 128621.06982421875 17.23486328125 13081.825958886704 44953
190 280.6 30914.668044793805 29026.096870947964 128621.06982421875 17.23486328125 13926.816525340617 47727
200 297.2 30403.188117251902 28596.12861862462 162012.51684570313 17.23486328125 14870.119146668969 50533
