0 1.16328125 1.16328125
10 961.51484375 962.678125
20 1904.92734375 2867.60546875
30 2906.83359375 5774.4390625
40 3360.29140625 9134.73046875
50 3225.0234375 12359.75390625
60 3324.6671875 15684.42109375
70 3245.190625 18929.61171875
80 3296.3609375 22225.97265625
90 3223.2484375 25449.22109375
100 3253.071875 28702.29296875
110 3178.078125 31880.37109375
120 3181.7984375 35062.16953125
130 3230.0359375 38292.20546875
140 3275.21484375 41567.4203125
150 3193.65546875 44761.07578125
160 3202.91328125 47963.9890625
170 3245.41953125 51209.40859375
180 3210.63984375 54420.0484375
190 3211.403125 57631.4515625
200 3176.01484375 60807.46640625
