20 0.1 5254 0 5254 5254 0 0
30 0.1 9386.0 0.0 9386 5254 5254.0 1
40 0.1 13897.0 0.0 13897 5254 7320.0 2
50 0.1 19104.0 0.0 19104 5254 9512.333333333334 3
60 0.1 17926.0 0.0 19104 5254 11910.25 4
70 0.1 16752.0 0.0 19104 5254 13113.4 5
90 0.1 17239.0 0.0 19104 5254 13719.833333333334 6
100 0.1 19811.0 0.0 19811 5254 14222.57142857143 7
110 0.1 18032.0 0.0 19811 5254 14921.125 8
120 0.1 20559.0 0.0 20559 5254 15266.777777777777 9
130 0.1 24112.0 0.0 24112 5254 15796.0 10
140 0.1 16040.0 0.0 24112 5254 16552.0 11
160 0.1 20057.0 0.0 24112 5254 16509.333333333332 12
170 0.1 20261.0 0.0 24112 5254 16782.23076923077 13
180 0.1 19022.0 0.0 24112 5254 17030.714285714286 14
190 0.1 19575.0 0.0 24112 5254 17163.466666666667 15
200 0.1 20870.0 0.0 24112 5254 17314.1875 16
