10 0.1 1.6859587317564169 0 1.6859587317564169 1.6859587317564169 0 0
20 0.1 13.982392542723975 0.0 13.982392542723975 1.6859587317564169 1.6859587317564169 1
30 0.1 31.48474918074111 0.0 31.48474918074111 1.6859587317564169 7.834175637240196 2
40 0.1 53.660436137071656 0.0 53.660436137071656 1.6859587317564169 15.717700151740502 3
50 0.1 64.34108527131784 0.0 64.34108527131784 1.6859587317564169 25.20338414807329 4
60 0.1 65.98150051387461 0.0 65.98150051387461 1.6859587317564169 33.0309243727222 5
70 0.1 64.85097636176774 0.0 65.98150051387461 1.6859587317564169 38.522687062914265 6
80 0.1 64.5221074927191 0.0 65.98150051387461 1.6859587317564169 42.28387124846476 7
90 0.1 64.96275366041613 0.0 65.98150051387461 1.6859587317564169 45.06365077899655 8
100 0.1 65.44447375362701 0.0 65.98150051387461 1.6859587317564169 47.2746622102654 9
110 0.1 65.11932861264097 0.0 65.98150051387461 1.6859587317564169 49.09164336460155 10
120 0.1 65.61109657157812 0.0 65.98150051387461 1.6859587317564169 50.54870565987787 11
130 0.1 65.35556134410002 0.0 65.98150051387461 1.6859587317564169 51.80390490251955 12
140 0.1 64.75345682233238 0.0 65.98150051387461 1.6859587317564169 52.846340013410355 13
150 0.1 65.47004132231406 0.0 65.98150051387461 1.6859587317564169 53.69684835690479 14
160 0.1 66.04809200209095 0.0 66.04809200209095 1.6859587317564169 54.48172788793207 15
170 0.1 64.11131530585456 0.0 66.04809200209095 1.6859587317564169 55.204625645067 16
180 0.1 65.51905387647832 0.0 66.04809200209095 1.6859587317564169 55.728548566289795 17
190 0.1 64.81097876747799 0.0 66.04809200209095 1.6859587317564169 56.272465527966936 18
200 0.1 64.6807440925088 0.0 66.04809200209095 1.6859587317564169 56.72186096162542 19
