20 0.1 3553 0 3553 3553 0 0
30 0.1 7054.0 0.0 7054 3553 3553.0 1
40 0.1 11780.0 0.0 11780 3553 5303.5 2
50 0.1 14442.0 0.0 14442 3553 7462.333333333333 3
60 0.1 17107.0 0.0 17107 3553 9207.25 4
70 0.1 13220.0 0.0 17107 3553 10787.2 5
80 0.1 14564.0 0.0 17107 3553 11192.666666666666 6
90 0.1 15954.0 0.0 17107 3553 11674.285714285714 7
100 0.1 14364.0 0.0 17107 3553 12209.25 8
110 0.1 16089.0 0.0 17107 3553 12448.666666666666 9
120 0.1 15052.0 0.0 17107 3553 12812.7 10
130 0.1 17191.0 0.0 17191 3553 13016.272727272728 11
140 0.1 16989.0 0.0 17191 3553 13364.166666666666 12
150 0.1 16260.0 0.0 17191 3553 13643.0 13
160 0.1 17137.0 0.0 17191 3553 13829.92857142857 14
170 0.1 18407.0 0.0 18407 3553 14050.4 15
180 0.1 16505.0 0.0 18407 3553 14322.6875 16
190 0.1 20833.0 0.0 20833 3553 14451.058823529413 17
200 0.1 19275.0 0.0 20833 3553 14805.611111111111 18
