10 0.1 1.0060362173038229 0 1.0060362173038229 1.0060362173038229 0 0
20 0.1 10.036275695284159 0.0 10.036275695284159 1.0060362173038229 1.0060362173038229 1
30 0.1 18.11004784688995 0.0 18.11004784688995 1.0060362173038229 5.521155956293991 2
40 0.1 23.675860385648033 0.0 23.675860385648033 1.0060362173038229 9.717453253159311 3
50 0.1 34.775043499875714 0.0 34.775043499875714 1.0060362173038229 13.207055036281492 4
60 0.1 40.0 0.0 40.0 1.0060362173038229 17.520652729000336 5
70 0.1 42.80944431194848 0.0 42.80944431194848 1.0060362173038229 21.267210607500278 6
80 0.1 44.07504155782475 0.0 44.07504155782475 1.0060362173038229 24.344672565278593 7
90 0.1 43.11291477679637 0.0 44.07504155782475 1.0060362173038229 26.810968689346865 8
100 0.1 43.30166270783848 0.0 44.07504155782475 1.0060362173038229 28.622296032396815 9
110 0.1 42.98287345385347 0.0 44.07504155782475 1.0060362173038229 30.09023269994098 10
120 0.1 43.021032504780116 0.0 44.07504155782475 1.0060362173038229 31.262290950296663 11
130 0.1 43.000717875089734 0.0 44.07504155782475 1.0060362173038229 32.24218607983695 12
140 0.1 42.84325637910085 0.0 44.07504155782475 1.0060362173038229 33.06976544870254 13
150 0.1 43.28714763497372 0.0 44.07504155782475 1.0060362173038229 33.76787194373099 14
170 0.1 43.15539739027284 0.0 44.07504155782475 1.0060362173038229 34.40249032314717 15
180 0.1 43.27471482889734 0.0 44.07504155782475 1.0060362173038229 34.94954701484252 16
190 0.1 43.105087969567286 0.0 44.07504155782475 1.0060362173038229 35.439262768610455 17
200 0.1 43.49030470914128 0.0 44.07504155782475 1.0060362173038229 35.86514194644139 18
