10 58.5 25.102188084268157 3.497806660452992 38.572021484375 18.596923828125 0 0
20 152.4 77.38685283510712 73.72309231753349 264.4970703125 17.673828125 25.102188084268157 585
30 175.3 897.6192301757254 633.1788520508034 3496.37890625 17.673828125 62.883994191560035 2109
40 127.6 4473.632963461568 2089.7531210285433 11642.652099609375 17.673828125 441.7785743780546 3862
50 112.7 8688.357653884406 3728.3267627888013 21598.174072265625 17.673828125 1443.0721128114067 5138
60 124.5 12701.715925420434 5860.958594190616 28657.77392578125 17.673828125 2746.4139810938123 6265
70 129.4 15721.74864326489 8289.886039238136 39300.055908203125 17.673828125 4396.793597696561 7510
80 130.5 19230.321339574333 11434.841887614351 48107.718994140625 17.673828125 6061.320157097449 8804
90 230.5 21537.25189497608 13330.35152804487 59113.10205078125 17.673828125 7761.344545576263 10109
100 389.6 22360.369331500835 14410.261198504179 66913.84692382813 17.673828125 10319.22004423637 12414
110 368.2 21003.88004851248 15940.503096045502 80315.30200195313 17.673828125 13195.511744002302 16310
120 178.5 25933.96137038799 21596.482688835065 89431.8779296875 17.673828125 14633.607587199907 19992
130 134.7 37010.29717877107 30130.963444923156 101658.76489257813 17.673828125 15559.866094018604 21777
140 160.4 41408.22976250774 32502.99436587554 109930.005859375 17.673828125 16809.378750616146 23124
150 363.6 39552.891793934046 31714.172436906283 117948.69580078125 17.673828125 18405.001406030013 24728
160 348.3 39622.2982249582 32514.898693643907 127446.3408203125 17.673828125 21115.963521754842 28364
170 397.9 32516.739023488917 30348.263667059633 131868.05297851563 17.673828125 23139.939524871534 31847
180 405.4 31512.66355151499 30557.564573171676 142743.72998046875 17.673828125 24181.36991634696 35826
190 161.7 34194.59881082225 31553.94112864938 161141.6650390625 17.673828125 24926.63231346259 39880
200 337.9 42486.99895154647 37051.721983464886 167103.60205078125 17.673828125 25287.774126755856 41497
