10 0.1 1.4594866633115249 0 1.4594866633115249 1.4594866633115249 0 0
20 0.1 10.609480812641085 0.0 10.609480812641085 1.4594866633115249 1.4594866633115249 1
30 0.1 21.741293532338307 0.0 21.741293532338307 1.4594866633115249 6.034483737976305 2
40 0.1 30.91364205256571 0.0 30.91364205256571 1.4594866633115249 11.270087002763638 3
50 0.1 39.314516129032256 0.0 39.314516129032256 1.4594866633115249 16.180975765214157 4
60 0.1 48.40764331210191 0.0 48.40764331210191 1.4594866633115249 20.807683837977777 5
70 0.1 57.468030690537084 0.0 57.468030690537084 1.4594866633115249 25.407677083665135 6
80 0.1 66.32548618219037 0.0 66.32548618219037 1.4594866633115249 29.98772759893256 7
90 0.1 73.70304114490162 0.0 73.70304114490162 1.4594866633115249 34.529947421839786 8
100 0.1 80.64680417621594 0.0 80.64680417621594 1.4594866633115249 38.88251339106888 9
110 0.1 86.16149068322981 0.0 86.16149068322981 1.4594866633115249 43.058942469583585 10
120 0.1 88.98928346291237 0.0 88.98928346291237 1.4594866633115249 46.97735594355142 11
130 0.1 90.03315375051803 0.0 90.03315375051803 1.4594866633115249 50.47834990349816 12
140 0.1 89.19117647058825 0.0 90.03315375051803 1.4594866633115249 53.521027122499696 13
150 0.1 89.90637131765243 0.0 90.03315375051803 1.4594866633115249 56.06889493307745 14
160 0.1 87.66266266266265 0.0 90.03315375051803 1.4594866633115249 58.32472669204912 15
170 0.1 89.9566309061858 0.0 90.03315375051803 1.4594866633115249 60.158347690212466 16
180 0.1 89.28324498732427 0.0 90.03315375051803 1.4594866633115249 61.91118787938737 17
200 0.1 90.12539184952978 0.0 90.12539184952978 1.4594866633115249 63.4318577187172 18
