10 0.1 2369.2734375 0 2369.2734375 2369.2734375 0 0
20 0.1 2366.76171875 0.0 2369.2734375 2366.76171875 2369.2734375 1
30 0.1 2366.08984375 0.0 2369.2734375 2366.08984375 2368.017578125 2
40 0.1 2365.72265625 0.0 2369.2734375 2365.72265625 2367.375 3
50 0.1 2365.3828125 0.0 2369.2734375 2365.3828125 2366.9619140625 4
60 0.1 2365.01953125 0.0 2369.2734375 2365.01953125 2366.64609375 5
70 0.1 2364.671875 0.0 2369.2734375 2364.671875 2366.375 6
80 0.1 2364.5 0.0 2369.2734375 2364.5 2366.1316964285716 7
90 0.1 2363.80078125 0.0 2369.2734375 2363.80078125 2365.927734375 8
100 0.1 2360.12890625 0.0 2369.2734375 2360.12890625 2365.69140625 9
110 0.1 2351.5 0.0 2369.2734375 2351.5 2365.13515625 10
120 0.1 2333.671875 0.0 2369.2734375 2333.671875 2363.895596590909 11
130 0.1 2318.578125 0.0 2369.2734375 2318.578125 2361.376953125 12
140 0.1 2309.734375 0.0 2369.2734375 2309.734375 2358.084735576923 13
150 0.1 2305.453125 0.0 2369.2734375 2305.453125 2354.6311383928573 14
160 0.1 2306.203125 0.0 2369.2734375 2305.453125 2351.352604166667 15
170 0.1 2304.2421875 0.0 2369.2734375 2304.2421875 2348.53076171875 16
180 0.1 2307.96484375 0.0 2369.2734375 2304.2421875 2345.9255514705883 17
200 0.1 2303.828125 0.0 2369.2734375 2303.828125 2343.8166232638887 18
