10 0.1 0.859375 0 0.859375 0.859375 0 0
20 0.1 0.73046875 0.0 0.859375 0.73046875 0.859375 1
30 0.1 0.78125 0.0 0.859375 0.73046875 0.794921875 2
40 0.1 0.87890625 0.0 0.87890625 0.73046875 0.7903645833333334 3
50 0.1 0.8984375 0.0 0.8984375 0.73046875 0.8125 4
60 0.1 0.921875 0.0 0.921875 0.73046875 0.8296875 5
70 0.1 1.16015625 0.0 1.16015625 0.73046875 0.8450520833333334 6
80 0.1 1.6015625 0.0 1.6015625 0.73046875 0.8900669642857143 7
90 0.1 1.73046875 0.0 1.73046875 0.73046875 0.97900390625 8
100 0.1 2.078125 0.0 2.078125 0.73046875 1.0625 9
110 0.1 2.37890625 0.0 2.37890625 0.73046875 1.1640625 10
120 0.1 2.390625 0.0 2.390625 0.73046875 1.2745028409090908 11
130 0.1 2.640625 0.0 2.640625 0.73046875 1.3675130208333333 12
140 0.1 2.94921875 0.0 2.94921875 0.73046875 1.4654447115384615 13
150 0.1 3.109375 0.0 3.109375 0.73046875 1.5714285714285714 14
160 0.1 3.25 0.0 3.25 0.73046875 1.6739583333333334 15
170 0.1 3.37109375 0.0 3.37109375 0.73046875 1.7724609375 16
180 0.1 3.37890625 0.0 3.37890625 0.73046875 1.8664981617647058 17
200 0.1 3.48046875 0.0 3.48046875 0.73046875 1.9505208333333333 18
