10 58.3 10.294537447738003 1.657536928140354 24.614990234375 8.055908203125 0 0
20 160.8 10.16572274734724 1.6485297847500127 34.175048828125 7.69287109375 10.294537447738003 583
30 264.4 10.361624436371262 1.5980679915040958 34.175048828125 7.487060546875 10.199998863425659 2191
40 334.5 10.993554760486756 2.313713274268069 34.791015625 7.487060546875 10.288383147783088 4835
50 433.3 11.936274282216415 4.602070073626487 221.55078125 7.487060546875 10.576744889163745 8180
60 514.8 16.818785530333408 33.54838406743961 1028.7900390625 7.487060546875 11.047522549205079 12513
70 629.4 15.810617549327729 31.811624636779268 1226.90087890625 7.467041015625 12.729786397619588 17661
80 702.8 21.011594248007913 46.19669709718147 1226.90087890625 7.467041015625 13.53925211537584 23955
90 785 33.95203830986268 85.68712902170653 1428.60009765625 7.467041015625 15.234233895969657 30983
100 876.3 101.14030237664754 190.33410871196511 1947.822021484375 7.467041015625 19.017994219639224 38833
110 885.7 284.8460050688192 357.0448990861317 3734.873046875 7.467041015625 34.13770567396026 47596
120 915.5 1282.5296838998936 1048.7709171995775 8974.217041015625 7.467041015625 73.47172526087797 56453
130 916.8 1904.329487719045 1758.741164763397 15670.442138671875 7.467041015625 242.18477262309278 65608
140 925.8 2408.346200741499 2639.179613411603 23840.089111328125 7.467041015625 445.9739930681512 74776
150 930.7 3264.9659431828895 4190.842858097057 31659.65185546875 7.467041015625 662.1679371698226 84034
160 922.6 3062.319515086868 4750.871437089028 45666.8349609375 7.467041015625 921.6920588522946 93341
170 933.4 3895.124109020099 6272.004678700574 45666.8349609375 7.467041015625 1114.2435511570336 102567
180 942.2 3190.7856903691554 4570.813774351444 57902.48876953125 7.467041015625 1346.2051880243882 111901
190 912.7 2626.998985587283 4190.541868017961 69025.94897460938 7.467041015625 1489.4561585171423 121323
200 901.9 2601.151518723059 3459.6015130247533 69025.94897460938 7.467041015625 1569.044915762594 130450
