10 583.7 0.9756780810321013 0.5218687956871466 7.56982421875 0.2021484375 0 0
20 1607.3 0.9668156340164795 0.5171968611150642 18.68603515625 0.152099609375 0.9756780810321013 5837
30 2644 0.9821020452409938 0.46971234228832165 18.68603515625 0.152099609375 0.9691766610922524 21910
40 3347 1.0401305842335484 0.5346199356449103 18.68603515625 0.152099609375 0.9762448546164039 48350
50 4331.6 1.1259659494056127 1.1813454589697463 208.4619140625 0.152099609375 1.0023785061720851 81820
60 5149.9 1.5885433938568596 10.292254053657626 1009.19091796875 0.152099609375 1.0451584710990725 125136
70 6297.1 1.5030213676918147 9.604518286300992 1009.19091796875 0.152099609375 1.2035856239119538 176635
80 7026.7 2.015734067106312 14.4674001970637 1009.19091796875 0.152099609375 1.2822805156156742 239606
90 7850.5 3.3022898900995448 25.92940024429581 1208.6259765625 0.152099609375 1.4485989128383838 309873
100 8799.3 10.109179211387787 57.076883672324946 1482.929931640625 0.152099609375 1.8232957550124704 388378
110 9066.6 30.22674836688128 106.59759092661362 2502.298095703125 0.152099609375 3.3538249916302183 476371
120 9308.4 132.91160124440867 328.98182551776875 7021.550048828125 0.152099609375 7.650653012977172 567037
130 9172.7 196.56414098580635 614.9207181050687 15248.81396484375 0.152099609375 25.313763420273062 660121
140 9209.9 254.0132393914895 961.7412809444124 22569.572021484375 0.152099609375 46.20666116417033 751848
150 9198 330.7270061681154 1524.3873487347767 32497.2939453125 0.152099609375 68.88436254607923 843947
160 9179.5 307.1654151579503 1692.045760977559 38356.466064453125 0.152099609375 94.61744467786397 935927
170 9395.7 377.9311086823402 2040.2024634964575 38585.001953125 0.152099609375 113.60199589912763 1027722
180 9287.7 318.75492791478626 1612.8478809914166 42277.64306640625 0.152099609375 135.7434200051083 1121679
190 9311.7 267.63312471484653 1386.3547381823635 46247.185791015625 0.152099609375 149.73829535060673 1214556
200 9185.8 257.5524054690091 1163.2271488459162 46247.185791015625 0.152099609375 158.13337028593835 1307673
