10 487.93671875 487.93671875
20 1343.60234375 1831.5390625
30 2210.21875 4041.7578125
40 2797.8828125 6839.640625
50 3620.946875 10460.5875
60 4304.99453125 14765.58203125
70 5263.98203125 20029.5640625
80 5873.88203125 25903.44609375
90 6562.52734375 32465.9734375
100 7355.66484375 39821.63828125
110 7579.1109375 47400.74921875
120 7781.240625 55181.98984375
130 7667.80390625 62849.79375
140 7698.90078125 70548.69453125
150 7688.953125 78237.64765625
160 7673.48828125 85911.1359375
170 7854.21796875 93765.35390625
180 7763.93671875 101529.290625
190 7783.99921875 109313.28984375
200 7678.7546875 116992.04453125
