10 0.1 2173.0078125 0 2173.0078125 2173.0078125 0 0
20 0.1 2172.1796875 0.0 2173.0078125 2172.1796875 2173.0078125 1
30 0.1 2171.1015625 0.0 2173.0078125 2171.1015625 2172.59375 2
40 0.1 2170.3046875 0.0 2173.0078125 2170.3046875 2172.0963541666665 3
50 0.1 2166.82421875 0.0 2173.0078125 2166.82421875 2171.6484375 4
60 0.1 2165.2265625 0.0 2173.0078125 2165.2265625 2170.68359375 5
70 0.1 2161.48046875 0.0 2173.0078125 2161.48046875 2169.7740885416665 6
80 0.1 2159.19140625 0.0 2173.0078125 2159.19140625 2168.589285714286 7
90 0.1 2152.91796875 0.0 2173.0078125 2152.91796875 2167.41455078125 8
100 0.1 2150.453125 0.0 2173.0078125 2150.453125 2165.8038194444443 9
110 0.1 2146.76171875 0.0 2173.0078125 2146.76171875 2164.26875 10
120 0.1 2145.15234375 0.0 2173.0078125 2145.15234375 2162.6772017045455 11
130 0.1 2142.64453125 0.0 2173.0078125 2142.64453125 2161.216796875 12
140 0.1 2141.86328125 0.0 2173.0078125 2141.86328125 2159.7881610576924 13
150 0.1 2145.55859375 0.0 2173.0078125 2141.86328125 2158.5078125 14
160 0.1 2145.33984375 0.0 2173.0078125 2141.86328125 2157.64453125 15
170 0.1 2143.6484375 0.0 2173.0078125 2141.86328125 2156.87548828125 16
180 0.1 2142.15234375 0.0 2173.0078125 2141.86328125 2156.0974264705883 17
190 0.1 2142.28515625 0.0 2173.0078125 2141.86328125 2155.322699652778 18
