20 0.1 3799 0 3799 3799 0 0
30 0.1 7260.0 0.0 7260 3799 3799.0 1
40 0.1 10128.0 0.0 10128 3799 5529.5 2
50 0.1 12403.0 0.0 12403 3799 7062.333333333333 3
60 0.1 10793.0 0.0 12403 3799 8397.5 4
70 0.1 14396.0 0.0 14396 3799 8876.6 5
80 0.1 11027.0 0.0 14396 3799 9796.5 6
90 0.1 15344.0 0.0 15344 3799 9972.285714285714 7
100 0.1 16292.0 0.0 16292 3799 10643.75 8
110 0.1 17761.0 0.0 17761 3799 11271.333333333334 9
120 0.1 20140.0 0.0 20140 3799 11920.3 10
130 0.1 19909.0 0.0 20140 3799 12667.545454545454 11
140 0.1 20831.0 0.0 20831 3799 13271.0 12
150 0.1 15178.0 0.0 20831 3799 13852.538461538461 13
160 0.1 14048.0 0.0 20831 3799 13947.214285714286 14
170 0.1 19230.0 0.0 20831 3799 13953.933333333332 15
180 0.1 19806.0 0.0 20831 3799 14283.6875 16
190 0.1 20548.0 0.0 20831 3799 14608.529411764706 17
