10 0.1 2649.625 0 2649.625 2649.625 0 0
20 0.1 2649.76953125 0.0 2649.76953125 2649.625 2649.625 1
30 0.1 2648.9609375 0.0 2649.76953125 2648.9609375 2649.697265625 2
40 0.1 2649.58203125 0.0 2649.76953125 2648.9609375 2649.4518229166665 3
50 0.1 2649.6640625 0.0 2649.76953125 2648.9609375 2649.484375 4
60 0.1 2648.3203125 0.0 2649.76953125 2648.3203125 2649.5203125 5
70 0.1 2648.82421875 0.0 2649.76953125 2648.3203125 2649.3203125 6
80 0.1 2649.28125 0.0 2649.76953125 2648.3203125 2649.249441964286 7
90 0.1 2649.13671875 0.0 2649.76953125 2648.3203125 2649.25341796875 8
100 0.1 2648.51953125 0.0 2649.76953125 2648.3203125 2649.2404513888887 9
110 0.1 2647.6875 0.0 2649.76953125 2647.6875 2649.168359375 10
120 0.1 2647.55859375 0.0 2649.76953125 2647.55859375 2649.0337357954545 11
130 0.1 2647.41015625 0.0 2649.76953125 2647.41015625 2648.9108072916665 12
140 0.1 2647.38671875 0.0 2649.76953125 2647.38671875 2648.795372596154 13
150 0.1 2646.96484375 0.0 2649.76953125 2646.96484375 2648.694754464286 14
160 0.1 2646.77734375 0.0 2649.76953125 2646.77734375 2648.5794270833335 15
170 0.1 2646.7734375 0.0 2649.76953125 2646.7734375 2648.466796875 16
180 0.1 2645.90625 0.0 2649.76953125 2645.90625 2648.3671875 17
190 0.1 2645.21875 0.0 2649.76953125 2645.21875 2648.23046875 18
200 0.1 2644.703125 0.0 2649.76953125 2644.703125 2648.071957236842 19
