20 0.1 3455 0 3455 3455 0 0
30 0.1 5730.0 0.0 5730 3455 3455.0 1
40 0.1 8950.0 0.0 8950 3455 4592.5 2
50 0.1 10764.0 0.0 10764 3455 6045.0 3
60 0.1 11776.0 0.0 11776 3455 7224.75 4
70 0.1 11139.0 0.0 11776 3455 8135.0 5
80 0.1 12241.0 0.0 12241 3455 8635.666666666666 6
90 0.1 11048.0 0.0 12241 3455 9150.714285714286 7
100 0.1 12593.0 0.0 12593 3455 9387.875 8
120 0.1 12876.0 0.0 12876 3455 9744.0 9
130 0.1 11456.0 0.0 12876 3455 10057.2 10
140 0.1 16391.0 0.0 16391 3455 10184.363636363636 11
150 0.1 14517.0 0.0 16391 3455 10701.583333333334 12
160 0.1 13569.0 0.0 16391 3455 10995.076923076924 13
170 0.1 17262.0 0.0 17262 3455 11178.92857142857 14
190 0.1 15971.0 0.0 17262 3455 11584.466666666667 15
200 0.1 13179.0 0.0 17262 3455 11858.625 16
