0 84.921875 84.921875
10 943.32890625 1028.25078125
20 1767.390625 2795.64140625
30 2676.8078125 5472.44921875
40 3082.79765625 8555.246875
50 3164.26875 11719.515625
60 3176.00234375 14895.51796875
70 3105.81875 18001.33671875
80 3243.0046875 21244.34140625
90 2971.0671875 24215.40859375
100 3189.0921875 27404.50078125
110 3157.6 30562.10078125
120 3191.51484375 33753.615625
130 3086.5828125 36840.1984375
140 3115.8 39955.9984375
150 3165.83203125 43121.83046875
160 3234.684375 46356.51484375
170 2960.6359375 49317.15078125
180 3265.81171875 52582.9625
190 3106.92109375 55689.88359375
200 2945.175 58635.05859375
