10 92.4 11.40791829427082 2.5420398407623486 40.841064453125 8.14306640625 0 0
20 181.4 17.112347216958373 53.688000378865 1127.280029296875 7.983154296875 11.40791829427082 924
30 277.8 14.595068517565474 34.313449906254874 1127.280029296875 7.840087890625 15.187258712735108 2738
40 380 11.853443539268085 5.2417967338267015 1127.280029296875 7.840087890625 14.889016442578974 5516
50 452 12.530517794178664 23.738646327908192 1127.280029296875 7.840087890625 13.650805082276122 9316
60 559.8 12.629921670895298 24.072618584707175 1127.280029296875 7.77294921875 13.284825135600745 13836
70 645.4 13.908912925850242 29.944962455621816 1127.280029296875 7.579833984375 13.09617896932406 19434
80 681.3 25.468505608533363 85.12441175673247 1309.910888671875 7.579833984375 13.298797362225017 25888
90 782.9 27.885702396538445 93.84660230688141 3015.205078125 7.579833984375 15.834261790899943 32701
100 888.5 21.437037685310543 53.943352987728275 3015.205078125 7.579833984375 18.162185020644426 40530
110 948.4 38.6223941772408 85.39292330765264 3015.205078125 7.579833984375 18.751015657608068 49415
120 1013 165.15642338081545 159.58701162282577 3386.55615234375 7.579833984375 21.95073303617471 58899
130 1053.6 273.2754311528996 173.30351993366875 4226.43505859375 7.579833984375 42.96615616545676 69029
140 1075.3 339.8429782086623 198.0055646795904 4226.43505859375 7.579833984375 73.4637181747284 79565
150 1110.1 442.64869360463774 263.60068250505424 7358.19091796875 7.579833984375 105.1780628584558 90318
160 983.6 1827.4756715703982 868.5935998016307 7368.25 7.579833984375 142.11652085856787 101419
170 1107.3 2794.8145464774393 1377.2343264300077 15974.279052734375 7.579833984375 291.11829701605797 111255
180 1184.9 3363.9779775843135 1532.1090199009889 19110.2548828125 7.579833984375 517.7502093360981 122328
190 1187.2 1689.7754165361532 1771.7792740522084 25688.35888671875 7.579833984375 769.0969589725715 134177
200 1041.9 1647.0315423407665 852.9972249143414 25688.35888671875 7.579833984375 843.9368733040278 146049
