0 0.1 0.906005859375 0.0 0.906005859375 0.906005859375 0 0
10 90.2 1.1258471842087032 0.3455203027063398 6.875 0.419921875 0.906005859375 1
20 187.3 1.0051143094300585 0.22082893116526522 6.875 0.419921875 1.1256037275920547 903
30 281.7 0.9759648451366703 0.3444470283838466 9.891845703125 0.419921875 1.04430809350797 2776
40 384 0.9546803156534831 0.28882995085821056 9.891845703125 0.419921875 1.0098859710938897 5593
50 457.6 0.964605691549661 0.35549078527575995 11.333984375 0.416015625 0.9874127688367964 9433
60 556.9 0.9712547977644101 0.3350772046997064 11.333984375 0.416015625 0.9799629019179634 14009
70 658.6 1.1481101009717585 12.334927657423838 1001.65087890625 0.365966796875 0.9774858648339335 19578
80 749 1.753518851958865 25.78801912298808 1001.65087890625 0.365966796875 1.0204353839901679 26164
90 825.9 1.7349015917294786 24.57569826167252 1001.65087890625 0.365966796875 1.1835896947730034 33654
100 907.4 1.8866369841459787 25.714214947175325 1005.717041015625 0.364990234375 1.2922262742820705 41913
110 962 4.9500990266859315 60.23481288327038 1463.373046875 0.364990234375 1.3980117251088517 50987
120 990.7 165.06741174366945 428.5956138006453 3105.7099609375 0.364990234375 1.9618258033699687 60607
130 979.7 582.2253293119842 966.0135120046517 8594.846923828125 0.364990234375 24.87765868635132 70514
140 988.9 1246.5959076165327 2070.7585346956903 16532.469970703125 0.364990234375 92.86753714782391 80311
150 932.2 2042.0405933680483 3435.773039990806 18238.23291015625 0.364990234375 219.35556215408843 90200
160 1015.7 2131.221149991049 5123.235911250398 32648.280029296875 0.364990234375 390.0823347367991 99522
170 878.8 3024.278116315618 6479.061547085388 34670.987060546875 0.364990234375 551.323291953198 109679
180 971.4 1442.0826626126368 3360.020789341805 34670.987060546875 0.364990234375 734.7695427782965 118467
190 967 1738.14867803028 3973.4177409291065 34670.987060546875 0.364990234375 788.3721800339802 128181
200 1025.8 1736.9262976152759 3468.9996467935557 34670.987060546875 0.364990234375 854.9972950902671 137851
