10 0.1 2.7924528301886795 0 2.7924528301886795 2.7924528301886795 0 0
20 0.1 13.85346336584146 0.0 13.85346336584146 2.7924528301886795 2.7924528301886795 1
30 0.1 23.32426416027702 0.0 23.32426416027702 2.7924528301886795 8.32295809801507 2
40 0.1 32.56103637269557 0.0 32.56103637269557 2.7924528301886795 13.323393452102387 3
50 0.1 40.36582310197945 0.0 40.36582310197945 2.7924528301886795 18.13280418225068 4
60 0.1 47.72044088176352 0.0 47.72044088176352 2.7924528301886795 22.579407966196435 5
70 0.1 54.4994944388271 0.0 54.4994944388271 2.7924528301886795 26.76958011879095 6
80 0.1 60.29263370332997 0.0 60.29263370332997 2.7924528301886795 30.730996450224687 7
90 0.1 66.72526368658966 0.0 66.72526368658966 2.7924528301886795 34.42620110686285 8
100 0.1 70.22375215146299 0.0 70.22375215146299 2.7924528301886795 38.014985837943605 9
110 0.1 73.63796133567662 0.0 73.63796133567662 2.7924528301886795 41.23586246929554 10
120 0.1 75.26801296434805 0.0 75.26801296434805 2.7924528301886795 44.18150782078473 11
130 0.1 85.01940491591203 0.0 85.01940491591203 2.7924528301886795 46.77204991608167 12
140 0.1 87.04675572519083 0.0 87.04675572519083 2.7924528301886795 49.71415414683785 13
150 0.1 85.31898539584934 0.0 87.04675572519083 2.7924528301886795 52.38076854529163 14
160 0.1 84.13266523502743 0.0 87.04675572519083 2.7924528301886795 54.57664966866215 15
170 0.1 83.55919202250064 0.0 87.04675572519083 2.7924528301886795 56.423900641559975 16
180 0.1 82.79149352236617 0.0 87.04675572519083 2.7924528301886795 58.02009425220354 17
190 0.1 84.33235867446393 0.0 87.04675572519083 2.7924528301886795 59.3962831005459 18
200 0.1 86.17075664621677 0.0 87.04675572519083 2.7924528301886795 60.708708130752115 19
