10 0.1 4.8984375 0 4.8984375 4.8984375 0 0
20 0.1 4.140625 0.0 4.8984375 4.140625 4.8984375 1
30 0.1 3.578125 0.0 4.8984375 3.578125 4.51953125 2
40 0.1 3.26171875 0.0 4.8984375 3.26171875 4.205729166666667 3
50 0.1 2.921875 0.0 4.8984375 2.921875 3.9697265625 4
60 0.1 2.78125 0.0 4.8984375 2.78125 3.76015625 5
70 0.1 2.6015625 0.0 4.8984375 2.6015625 3.5970052083333335 6
80 0.1 2.51171875 0.0 4.8984375 2.51171875 3.454799107142857 7
90 0.1 2.578125 0.0 4.8984375 2.51171875 3.3369140625 8
100 0.1 2.6484375 0.0 4.8984375 2.51171875 3.2526041666666665 9
110 0.1 2.62109375 0.0 4.8984375 2.51171875 3.1921875 10
120 0.1 2.6796875 0.0 4.8984375 2.51171875 3.1402698863636362 11
130 0.1 2.73046875 0.0 4.8984375 2.51171875 3.1018880208333335 12
140 0.1 2.76953125 0.0 4.8984375 2.51171875 3.0733173076923075 13
150 0.1 2.87890625 0.0 4.8984375 2.51171875 3.0516183035714284 14
160 0.1 3.05078125 0.0 4.8984375 2.51171875 3.0401041666666666 15
170 0.1 3.26953125 0.0 4.8984375 2.51171875 3.040771484375 16
180 0.1 3.359375 0.0 4.8984375 2.51171875 3.0542279411764706 17
190 0.1 3.30078125 0.0 4.8984375 2.51171875 3.0711805555555554 18
200 0.1 3.62890625 0.0 4.8984375 2.51171875 3.0832648026315788 19
