0 2.2 15.999911221590908 5.541975463081985 30.321044921875 10.873046875 0 0
10 90.4 13.67678184846861 2.6521937615675255 30.321044921875 9.947021484375 15.999911221590908 22
20 192.3 19.589262281428773 9.54558010454737 65.385986328125 9.315185546875 13.73197498692292 926
30 237.9 769.7223010710582 577.6590947654297 1816.68603515625 9.315185546875 17.685489717472148 2849
40 359.9 1900.634168670985 938.1204704764921 8898.325927734375 9.315185546875 359.8996393368641 5228
50 388.6 1965.7877363753698 1642.6494799619509 16349.72802734375 9.315185546875 988.0976195196556 8827
60 382.3 2891.5819247936997 2676.5232522688757 16502.181884765625 9.315185546875 1286.9494872221103 12713
70 389 4129.391760159766 3927.265360359699 32498.403076171875 9.315185546875 1657.9285516171385 16536
80 383.6 5723.74047495153 6177.755146886135 32525.558837890625 9.315185546875 2128.6027845178933 20426
90 378.6 7004.457929334116 8334.03138966374 39055.55517578125 9.315185546875 2697.0203997393683 24262
100 387.6 7256.176214920848 8922.353037014986 39055.55517578125 9.315185546875 3278.450750817724 28048
110 387.9 6230.130868375279 8309.154122672591 77488.1279296875 9.315185546875 3761.3997515339156 31924
120 384.7 8254.867207109963 12917.33798908076 81504.791015625 9.315185546875 4028.869181532174 35803
130 384.6 13168.481438647184 21510.022790890136 91171.19409179688 9.315185546875 4438.892243433756 39650
140 383.2 17853.85920323513 26169.523401384806 91171.19409179688 9.315185546875 5210.779314538935 43496
150 384 16648.935982958505 25526.343044141646 105689.51708984375 9.315185546875 6234.449914046284 47328
160 385.8 17726.165976390403 26226.808870210403 106432.5849609375 9.315185546875 7016.024853551892 51168
170 387.2 17842.532350839756 27100.649037726947 112122.2998046875 9.315185546875 7766.937593927551 55026
180 378.2 19497.486419984343 27779.595360548552 112122.2998046875 9.315185546875 8429.314973444072 58898
190 387 16727.760161990773 25330.66905834427 118866.26000976563 9.315185546875 9097.14880258918 62680
200 377.5 18531.570801557296 27919.741347729603 164649.72192382813 9.315185546875 9540.88232566783 66550
