0 20.65625 20.65625
10 933.3046875 953.9609375
20 1936.22890625 2890.18984375
30 2745.63515625 5635.825
40 3662.77578125 9298.60078125
50 4062.73359375 13361.334375
60 3939.571875 17300.90625
70 4014.678125 21315.584375
80 3958.72578125 25274.31015625
90 3975.03125 29249.34140625
100 4013.8140625 33263.15546875
110 4035.3203125 37298.47578125
120 4006.1625 41304.63828125
130 3997.346875 45301.98515625
140 3954.2625 49256.24765625
150 3982.5640625 53238.81171875
160 4002.103125 57240.91484375
170 4020.94765625 61261.8625
180 3984.70546875 65246.56796875
190 3983.70078125 69230.26875
200 3906.85859375 73137.12734375
