0 0.1 8.393907500167202 0 8.393907500167202 8.393907500167202 0 0
10 0.1 7.261146496815287 0.0 8.393907500167202 7.261146496815287 8.393907500167202 1
20 0.1 20.709467899075694 0.0 20.709467899075694 7.261146496815287 7.827526998491244 2
30 0.1 31.67456556082148 0.0 31.67456556082148 7.261146496815287 12.12150729868606 3
40 0.1 37.35849056603773 0.0 37.35849056603773 7.261146496815287 17.009771864219914 4
50 0.1 38.7854482956173 0.0 38.7854482956173 7.261146496815287 21.079515604583477 5
60 0.1 39.606501283147985 0.0 39.606501283147985 7.261146496815287 24.03050438642245 6
70 0.1 37.62662807525325 0.0 39.606501283147985 7.261146496815287 26.255646800240385 7
80 0.1 37.95620437956204 0.0 39.606501283147985 7.261146496815287 27.677019459616993 8
90 0.1 38.785589773387564 0.0 39.606501283147985 7.261146496815287 28.819151117388667 9
100 0.1 38.15062518173888 0.0 39.606501283147985 7.261146496815287 29.815794982988557 10
110 0.1 38.599019890458344 0.0 39.606501283147985 7.261146496815287 30.573506819238585 11
120 0.1 37.86775415088843 0.0 39.606501283147985 7.261146496815287 31.242299575173565 12
130 0.1 38.13240821046545 0.0 39.606501283147985 7.261146496815287 31.751949927151635 13
140 0.1 39.176741508347725 0.0 39.606501283147985 7.261146496815287 32.207696947388335 14
150 0.1 37.981330221703615 0.0 39.606501283147985 7.261146496815287 32.67229991811896 15
160 0.1 37.48152527342595 0.0 39.606501283147985 7.261146496815287 33.004114312093 16
170 0.1 38.73198847262248 0.0 39.606501283147985 7.261146496815287 33.26749142746553 17
180 0.1 36.43178410794602 0.0 39.606501283147985 7.261146496815287 33.57107459664091 18
190 0.1 35.78092085464941 0.0 39.606501283147985 7.261146496815287 33.72163825513066 19
200 0.1 37.80452010566481 0.0 39.606501283147985 7.261146496815287 33.82460238510659 20
