0 6.9 27.588209069293477 5.637548846310872 45.236083984375 20.623046875 0 0
10 73.1 95.84125482269579 118.28213320443103 1248.14404296875 20.623046875 27.588209069293477 69
20 132.7 1801.9586068493327 898.0843152451441 4653.402099609375 20.623046875 89.95442962646484 800
30 243.4 1300.863812160571 405.4697222031989 4653.402099609375 20.623046875 1158.0454231265803 2127
40 185.5 3844.1815338875103 1205.1763280235148 11064.940185546875 20.623046875 1234.26115627912 4561
50 148 8777.331416939394 1781.5986906679127 14567.141845703125 20.623046875 1988.8438090945135 6416
60 231.5 13740.435839000069 2410.0615397438396 23600.90087890625 20.623046875 3261.255366795935 7896
70 230.1 16929.30709060342 4409.72172665147 30213.985107421875 20.623046875 5637.05624752775 10211
80 208.6 17985.84158164268 5624.929586361436 40040.2451171875 20.623046875 7713.740166159234 12512
90 215.1 20279.754567733708 6311.693651595679 49148.3349609375 20.623046875 9181.585319789763 14598
100 243.5 22675.929722692297 7575.876411643278 57881.72705078125 20.623046875 10606.874116274772 16749
110 218.5 23741.286889480845 8421.363040895674 65972.89599609375 20.623046875 12138.783540879998 19184
120 198.5 25767.97753438878 9870.540457502937 80813.18798828125 20.623046875 13325.150231726217 21369
130 205.2 26705.68158422996 10931.833390011461 91793.25805664063 20.623046875 14382.742601161224 23354
140 218.2 28729.46855956584 11326.083792099851 101164.19213867188 20.623046875 15378.04571039751 25406
150 232.5 30640.6938156292 14016.49256098997 107511.0078125 20.623046875 16434.04123950021 27588
160 222.8 33262.57034668854 14770.380725031959 119540.47802734375 20.623046875 17538.259045788443 29913
170 223.4 34017.81176965448 16145.42366236756 130623.60913085938 20.623046875 18628.261397252474 32141
180 193.4 35200.73595964181 17669.01770920511 134461.72387695313 20.623046875 19628.414285454543 34375
190 190.4 38677.03558618879 20333.401910910987 134461.72387695313 20.623046875 20457.87447763494 36309
200 207.4 39910.41369005009 21124.571280591852 134461.72387695313 20.623046875 21365.661951810915 38213
