0 69.9 2.587324106983187 0.7932244087114814 7.654052734375 1.4169921875 0 0
10 740.6 9.858297860529037 24.395038630113227 1059.2890625 1.198974609375 2.587324106983187 699
20 1504.5 180.47386181299885 137.90695497913362 3249.59814453125 1.198974609375 9.231226836009784 8105
30 2504.3 134.3269909057198 95.7256084698299 3249.59814453125 1.198974609375 120.52044684589318 23150
40 2454.1 503.8723556688303 209.03137799383512 7482.671142578125 1.198974609375 127.69487638732528 48193
50 2480.1 1244.0407808558384 791.6585674769572 8709.135009765625 1.198974609375 254.6199942008295 72734
60 2444.1 1665.5851764097547 1570.9001186175 15928.83203125 1.198974609375 506.2078850075232 97535
70 2456.5 1758.1484462359879 1797.1504872521314 18951.72900390625 1.198974609375 738.5186705650258 121976
80 2461.3 1989.9576060562044 2229.2702188444873 33442.7490234375 1.198974609375 909.441521093937 146541
90 2436.2 2227.587984885991 2617.7122486023236 33442.7490234375 1.198974609375 1064.82639319261 171154
100 2436 2438.5427347318027 3097.2786678563602 37373.115966796875 1.198974609375 1209.7106885793514 195516
110 2423.7 2485.8166206650535 3607.1176981186586 37373.115966796875 1.198974609375 1345.852644246517 219876
120 2407.7 2659.777732578181 3293.44159973054 38772.18310546875 1.198974609375 1459.0350921147422 244113
130 2449.6 2707.6298265015057 3599.2358493518427 38772.18310546875 1.198974609375 1566.832849504795 268190
140 2430.3 3172.972000125206 3996.5053060120413 38772.18310546875 1.198974609375 1662.3104697138633 292686
150 2444.6 2991.45534143057 3981.9271531632116 38772.18310546875 1.198974609375 1778.1302841982363 316989
160 2436.4 3473.206319179854 5187.552509188718 41038.093994140625 1.198974609375 1865.0017073068855 341435
170 2426.1 3224.9350657888617 4318.2420550600245 52951.919921875 1.198974609375 1972.115989094624 365799
180 2417.8 3431.763994736792 4673.782176788453 52951.919921875 1.198974609375 2050.0389845816744 390060
190 2409.3 3834.7306946912945 5194.649536635385 58009.384033203125 1.198974609375 2130.6866974798886 414238
200 2441.3 3802.438069664787 5127.309341933762 58009.384033203125 1.198974609375 2224.3500067708455 438331
