10 897.8 0.9204724558904394 0.2536840979702492 4.384033203125 0.352783203125 0 0
20 1874 1.1000649565184812 12.642200847724169 1000.35107421875 0.352783203125 0.9204724558904394 8978
30 2029.2 125.56606445071863 421.19299075902205 7014.218017578125 0.203125 1.0418940397626344 27718
40 2035.5 485.58976504448447 1033.1383026360852 15031.56298828125 0.203125 53.67352215846955 48010
50 1950.2 994.7907165395904 2260.3083388369487 15069.346923828125 0.203125 182.2722952725606 68365
60 1910.2 1126.6081901600573 2812.36439674679 31100.552978515625 0.203125 362.6100130909636 87867
70 3183.1 1264.9314630897848 3954.7969204265373 31276.690185546875 0.203125 499.04106487581555 106969
80 3681.9 1117.5411428109844 3650.4413993918183 31276.690185546875 0.203125 674.6826878264557 138800
90 3709.1 1091.7615779500125 3476.245150060537 31276.690185546875 0.203125 767.5291648823287 175619
100 3726.7 898.3892154870182 3110.871724493057 31276.690185546875 0.203125 824.0667250962042 212710
110 3653.3 992.1736742548617 3095.1375491949902 31276.690185546875 0.203125 835.146849465224 249977
120 3691 893.1957855745507 2788.503143690303 31276.690185546875 0.203125 855.169400126771 286510
130 3656.8 787.196448593794 2277.394910557995 31276.690185546875 0.203125 859.5091252114212 323420
140 3669 929.9348056563437 2662.784531002706 31276.690185546875 0.203125 852.1635193619112 359988
150 3708.5 1055.0926920616807 3022.1898567844614 31276.690185546875 0.203125 859.3568310508446 396678
160 3677.8 991.7030053061673 3313.6927077781675 31276.690185546875 0.203125 876.091463570416 433763
170 3694.9 854.0724420519362 2402.767887658683 31276.690185546875 0.203125 885.1277883156719 470541
180 3648.1 1203.248390670181 3214.6931884626674 31348.0419921875 0.203125 882.8667309764164 507490
190 3650.9 1202.0944813318683 3691.300464932602 31348.0419921875 0.203125 904.3528824942147 543971
200 3683.9 982.8864566429484 2935.0888630125223 31348.0419921875 0.203125 923.0791918105804 580480
