10 90 25.673511284722235 4.231233950460336 60.052001953125 18.60302734375 0 0
20 184.3 119.14464239160841 82.50338167451856 1077.432861328125 18.60302734375 25.673511284722235 900
30 149.9 2054.2247313638773 1378.2927698344085 8216.722900390625 18.60302734375 88.47602482099319 2743
40 122.9 6205.280512015931 2633.2283029103037 16289.717041015625 18.60302734375 783.1147120222623 4242
50 152.5 10070.037099129097 4562.469696603921 25092.0869140625 18.60302734375 2001.1446458903338 5471
60 148.5 13967.197359006734 6757.372560210386 35619.884033203125 18.60302734375 3760.015570874484 6996
70 300.6 15212.790832641358 10045.013753094086 43547.458984375 18.60302734375 5547.265300313983 8481
80 347.6 14778.231590841662 11921.303013017225 52676.875 18.60302734375 8076.608884380849 11487
90 371.6 13192.940997596963 10974.058245486713 58115.890869140625 18.60302734375 9633.438432443256 14963
100 406.1 12725.243652944926 10403.61327789143 76470.4111328125 18.60302734375 10341.565823208884 18679
110 350.8 13700.590309412744 13893.816210976114 85306.97705078125 18.60302734375 10767.252527982766 22740
120 362.4 17592.79744688465 21085.16666160268 94383.6240234375 18.60302734375 11159.288071157725 26248
130 347 17439.322889203755 20674.931787386548 102927.22900390625 18.60302734375 11939.786128791442 29872
140 358 15446.451167169493 18887.625029410658 113937.22900390625 18.60302734375 12512.139093779468 33342
150 390.8 17196.539315511687 19147.87375244914 114662.5 18.60302734375 12796.65340022918 36922
160 387.8 15973.71054447011 17234.920482611407 114662.5 18.60302734375 13217.783798390436 40830
170 310.7 15465.940710366714 17597.54844027455 117886.13305664063 18.60302734375 13456.83461527549 44708
180 351.5 15853.602763199568 16517.59650094287 139210.97192382813 18.60302734375 13587.385543591885 47815
190 393.3 19498.047659626838 18781.028990676514 139210.97192382813 18.60302734375 13742.572637434101 51330
200 361.7 17388.39289556853 17332.334462269013 139210.97192382813 18.60302734375 14152.182742970972 55263
