10 0.1 2.1484375 0 2.1484375 2.1484375 0 0
20 0.1 1.8203125 0.0 2.1484375 1.8203125 2.1484375 1
30 0.1 1.69140625 0.0 2.1484375 1.69140625 1.984375 2
40 0.1 2.23828125 0.0 2.23828125 1.69140625 1.88671875 3
50 0.1 2.5 0.0 2.5 1.69140625 1.974609375 4
60 0.1 2.671875 0.0 2.671875 1.69140625 2.0796875 5
70 0.1 2.73828125 0.0 2.73828125 1.69140625 2.1783854166666665 6
90 0.1 3.23046875 0.0 3.23046875 1.69140625 2.2583705357142856 7
100 0.1 3.1796875 0.0 3.23046875 1.69140625 2.3798828125 8
110 0.1 3.30859375 0.0 3.30859375 1.69140625 2.46875 9
120 0.1 3.5 0.0 3.5 1.69140625 2.552734375 10
130 0.1 3.73046875 0.0 3.73046875 1.69140625 2.6388494318181817 11
140 0.1 3.73046875 0.0 3.73046875 1.69140625 2.7298177083333335 12
150 0.1 4.078125 0.0 4.078125 1.69140625 2.8067908653846154 13
170 0.1 3.76171875 0.0 4.078125 1.69140625 2.8976004464285716 14
180 0.1 3.890625 0.0 4.078125 1.69140625 2.955208333333333 15
190 0.1 4.0703125 0.0 4.078125 1.69140625 3.013671875 16
200 0.1 3.76171875 0.0 4.078125 1.69140625 3.075827205882353 17
