20 0.1 3517 0 3517 3517 0 0
30 0.1 7405.0 0.0 7405 3517 3517.0 1
40 0.1 11485.0 0.0 11485 3517 5461.0 2
50 0.1 14489.0 0.0 14489 3517 7469.0 3
60 0.1 18487.0 0.0 18487 3517 9224.0 4
70 0.1 20235.0 0.0 20235 3517 11076.6 5
90 0.1 16268.0 0.0 20235 3517 12603.0 6
100 0.1 18522.0 0.0 20235 3517 13126.57142857143 7
110 0.1 16633.0 0.0 20235 3517 13801.0 8
120 0.1 18929.0 0.0 20235 3517 14115.666666666666 9
130 0.1 17196.0 0.0 20235 3517 14597.0 10
140 0.1 17558.0 0.0 20235 3517 14833.272727272728 11
150 0.1 19105.0 0.0 20235 3517 15060.333333333334 12
170 0.1 18163.0 0.0 20235 3517 15371.461538461539 13
180 0.1 18904.0 0.0 20235 3517 15570.857142857143 14
190 0.1 18743.0 0.0 20235 3517 15793.066666666668 15
200 0.1 20823.0 0.0 20823 3517 15977.4375 16
