10 532.87109375 532.87109375
20 1574.9859375 2107.85703125
30 2408.85390625 4516.7109375
40 3132.1328125 7648.84375
50 3279.1640625 10928.0078125
60 3270.87109375 14198.87890625
70 3275.99765625 17474.8765625
80 3239.61953125 20714.49609375
90 3202.71328125 23917.209375
100 3191.87578125 27109.08515625
110 3248.9609375 30358.04609375
120 3232.69296875 33590.7390625
130 3163.425 36754.1640625
140 3240.875 39995.0390625
150 3116.67421875 43111.71328125
160 3313.38125 46425.09453125
170 3173.40859375 49598.503125
180 3258.81484375 52857.31796875
190 3239.803125 56097.12109375
200 3235.0515625 59332.17265625
