10 0.1 1.7623363544813697 0 1.7623363544813697 1.7623363544813697 0 0
20 0.1 8.050314465408805 0.0 8.050314465408805 1.7623363544813697 1.7623363544813697 1
30 0.1 17.270682329417646 0.0 17.270682329417646 1.7623363544813697 4.9063254099450875 2
40 0.1 23.998998998999 0.0 23.998998998999 1.7623363544813697 9.02777771643594 3
50 0.1 25.525525525525527 0.0 25.525525525525527 1.7623363544813697 12.770583037076705 4
60 0.1 25.576152304609217 0.0 25.576152304609217 1.7623363544813697 15.321571534766468 5
70 0.1 25.438596491228072 0.0 25.576152304609217 1.7623363544813697 17.030668329740262 6
80 0.1 25.513784461152884 0.0 25.576152304609217 1.7623363544813697 18.23180092423852 7
90 0.1 25.595387315116568 0.0 25.595387315116568 1.7623363544813697 19.142048866352816 8
100 0.1 25.495111556781147 0.0 25.595387315116568 1.7623363544813697 19.85908647177101 9
110 0.1 25.439036628198696 0.0 25.595387315116568 1.7623363544813697 20.422688980272024 10
120 0.1 25.582560761713857 0.0 25.595387315116568 1.7623363544813697 20.878720584628994 11
130 0.1 25.432222500626413 0.0 25.595387315116568 1.7623363544813697 21.270707266052735 12
140 0.1 25.544703230653642 0.0 25.595387315116568 1.7623363544813697 21.590823822558402 13
150 0.1 26.467636728549927 0.0 26.467636728549927 1.7623363544813697 21.87324378027949 14
160 0.1 25.556946182728414 0.0 26.467636728549927 1.7623363544813697 22.179536643497517 15
170 0.1 25.47642928786359 0.0 26.467636728549927 1.7623363544813697 22.39062473969945 16
180 0.1 25.60120240480962 0.0 26.467636728549927 1.7623363544813697 22.57214265429734 17
190 0.1 25.532448008018036 0.0 26.467636728549927 1.7623363544813697 22.740423751548022 18
200 0.1 25.58838257386079 0.0 26.467636728549927 1.7623363544813697 22.88737239662539 19
