10 0.1 3.561575119137196 0 3.561575119137196 3.561575119137196 0 0
20 0.1 18.545183714001986 0.0 18.545183714001986 3.561575119137196 3.561575119137196 1
30 0.1 31.564386317907445 0.0 31.564386317907445 3.561575119137196 11.05337941656959 2
40 0.1 48.546209761163034 0.0 48.546209761163034 3.561575119137196 17.890381717015543 3
50 0.1 52.813399633603765 0.0 52.813399633603765 3.561575119137196 25.554338728052414 4
60 0.1 53.22033898305085 0.0 53.22033898305085 3.561575119137196 31.00615090916268 5
70 0.1 52.0515518148343 0.0 53.22033898305085 3.561575119137196 34.708515588144046 6
80 0.1 52.912116484659386 0.0 53.22033898305085 3.561575119137196 37.18609219195694 7
90 0.1 52.719229768410095 0.0 53.22033898305085 3.561575119137196 39.151845228544744 8
100 0.1 52.47317456163309 0.0 53.22033898305085 3.561575119137196 40.659332399640896 9
110 0.1 51.6380655226209 0.0 53.22033898305085 3.561575119137196 41.840716615840115 10
120 0.1 51.65094339622641 0.0 53.22033898305085 3.561575119137196 42.73138469827473 11
130 0.1 52.639632746748276 0.0 53.22033898305085 3.561575119137196 43.47468125643737 12
140 0.1 52.15573556310426 0.0 53.22033898305085 3.561575119137196 44.17967752492282 13
150 0.1 50.11814124442111 0.0 53.22033898305085 3.561575119137196 44.7493959562215 14
160 0.1 51.01556317594302 0.0 53.22033898305085 3.561575119137196 45.10731230876813 15
170 0.1 50.40837161817253 0.0 53.22033898305085 3.561575119137196 45.476577987966564 16
180 0.1 53.485952133194594 0.0 53.485952133194594 3.561575119137196 45.766683495625735 17
190 0.1 51.383501422291175 0.0 53.485952133194594 3.561575119137196 46.195531753268455 18
200 0.1 50.35147097110128 0.0 53.485952133194594 3.561575119137196 46.46858278848018 19
