20 0.1 5073 0 5073 5073 0 0
30 0.1 9332.0 0.0 9332 5073 5073.0 1
40 0.1 12656.0 0.0 12656 5073 7202.5 2
50 0.1 14828.0 0.0 14828 5073 9020.333333333334 3
60 0.1 16686.0 0.0 16686 5073 10472.25 4
70 0.1 12423.0 0.0 16686 5073 11715.0 5
80 0.1 16728.0 0.0 16728 5073 11833.0 6
90 0.1 14778.0 0.0 16728 5073 12532.285714285714 7
100 0.1 14856.0 0.0 16728 5073 12813.0 8
110 0.1 16277.0 0.0 16728 5073 13040.0 9
120 0.1 13940.0 0.0 16728 5073 13363.7 10
130 0.1 17573.0 0.0 17573 5073 13416.09090909091 11
140 0.1 15433.0 0.0 17573 5073 13762.5 12
150 0.1 15086.0 0.0 17573 5073 13891.0 13
160 0.1 16796.0 0.0 17573 5073 13976.357142857143 14
170 0.1 16281.0 0.0 17573 5073 14164.333333333334 15
180 0.1 17392.0 0.0 17573 5073 14296.625 16
190 0.1 17216.0 0.0 17573 5073 14478.70588235294 17
200 0.1 18439.0 0.0 18439 5073 14630.777777777777 18
