0 6.54609375 6.54609375
10 994.07109375 1000.6171875
20 2005.1828125 3005.8
30 2823.86015625 5829.66015625
40 3150.853125 8980.51328125
50 3167.37421875 12147.8875
60 2997.6953125 15145.5828125
70 3202.28671875 18347.86953125
80 3136.5140625 21484.38359375
90 3185.86953125 24670.253125
100 3188.8828125 27859.1359375
110 3069.80625 30928.9421875
120 3136.721875 34065.6640625
130 3110.5375 37176.2015625
140 3029.90625 40206.1078125
150 2972.7578125 43178.865625
160 3059.72734375 46238.59296875
170 3157.91875 49396.51171875
180 3195.42890625 52591.940625
190 3071.36484375 55663.30546875
200 2940.13125 58603.43671875
