10 0.1 0.94921875 0 0.94921875 0.94921875 0 0
20 0.1 0.80078125 0.0 0.94921875 0.80078125 0.94921875 1
30 0.1 0.75 0.0 0.94921875 0.75 0.875 2
40 0.1 0.87109375 0.0 0.94921875 0.75 0.8333333333333334 3
50 0.1 0.9609375 0.0 0.9609375 0.75 0.8427734375 4
60 0.1 0.96875 0.0 0.96875 0.75 0.86640625 5
70 0.1 1.05078125 0.0 1.05078125 0.75 0.8834635416666666 6
80 0.1 1.0390625 0.0 1.05078125 0.75 0.9073660714285714 7
90 0.1 1.03125 0.0 1.05078125 0.75 0.923828125 8
100 0.1 1.03125 0.0 1.05078125 0.75 0.9357638888888888 9
110 0.1 1.01953125 0.0 1.05078125 0.75 0.9453125 10
120 0.1 1.01953125 0.0 1.05078125 0.75 0.9520596590909091 11
130 0.1 1.01953125 0.0 1.05078125 0.75 0.9576822916666666 12
140 0.1 1.01171875 0.0 1.05078125 0.75 0.9624399038461539 13
150 0.1 1.01171875 0.0 1.05078125 0.75 0.9659598214285714 14
160 0.1 1.08984375 0.0 1.08984375 0.75 0.9690104166666667 15
170 0.1 1.078125 0.0 1.08984375 0.75 0.9765625 16
180 0.1 1.05859375 0.0 1.08984375 0.75 0.9825367647058824 17
190 0.1 1.05078125 0.0 1.08984375 0.75 0.9867621527777778 18
200 0.1 1.05078125 0.0 1.08984375 0.75 0.9901315789473685 19
