10 778.2 1.1567200538401916 0.7999632581429414 23.35400390625 0.2451171875 0 0
20 1706.6 1.7745018707243188 1.4337461050315827 25.301025390625 0.191162109375 1.1567200538401916 7782
30 2417.3 78.29320369987647 66.94716800025043 1173.163818359375 0.191162109375 1.5810223915311332 24848
40 2551.7 330.30741061948163 253.1402800105721 3870.1728515625 0.191162109375 39.408964676809525 49021
50 2459.7 549.778528323848 780.8464825406509 10724.9189453125 0.191162109375 138.99381596231711 74538
60 2566.8 729.9483668354212 1651.4075814196842 16257.81201171875 0.191162109375 240.91615993726617 99135
70 2583.8 920.2332153651007 2612.8462173301505 32037.927001953125 0.191162109375 341.4945008959117 124803
80 2450.1 973.1125021543285 3239.282635133 33094.93994140625 0.191162109375 440.7599791153533 150641
90 2458.8 854.3926305912057 2800.753468863173 35126.498046875 0.191162109375 515.2319456737912 175142
100 2479.2 910.9873043526854 2786.9177168189185 42616.039794921875 0.191162109375 556.9847265316962 199730
110 2485.4 983.5311894117873 3262.78828869752 57595.841064453125 0.191162109375 596.0741338474068 224522
120 2454.6 1077.3574530863236 3734.73600396509 61489.049072265625 0.191162109375 634.6899495594123 249376
130 2451.3 972.4162427047639 3061.054587237665 69632.13696289063 0.191162109375 674.3571414664938 273922
140 2497.3 1019.1819844631402 3122.521451639152 69632.13696289063 0.191162109375 698.8392657101439 298435
150 2365.8 962.3168507555898 3163.877254049386 69632.13696289063 0.191162109375 723.5755700545589 323408
160 2432.3 1185.4501883766354 4214.065827642523 109614.03100585938 0.191162109375 739.8495387487698 347066
170 2472.1 1165.3982499676736 4071.982999160603 109614.03100585938 0.191162109375 769.032806430092 371389
180 2410 1380.215929871873 4865.05921872769 123531.01611328125 0.191162109375 793.76974851611 396110
190 2450.3 1184.6384695121803 3976.8899448324864 123531.01611328125 0.191162109375 827.4037719107789 420210
200 2466.1 1146.0003866393088 4379.3554111799285 123548.85693359375 0.191162109375 847.08685244885 444713
200 10.5 512.7221028645832 775.6023764802993 123548.85693359375 0.191162109375 862.7918268757907 469374
