0 14.6 1.1956134952910966 0.388891318238169 2.567138671875 0.570068359375 0 0
10 942.5 1.0026039249005285 0.37714327954599086 8.618896484375 0.43603515625 1.1956134952910966 146
20 1825 8.377163861836472 81.74536118555442 1320.027099609375 0.408935546875 1.0055481728659472 9571
30 2620.7 47.055203384129676 185.63516674843777 2182.22998046875 0.408935546875 5.841175444484943 27821
40 2982.5 175.51893932051493 314.2192596502718 3416.262939453125 0.408935546875 25.83258786423525 54028
50 3188.3 343.1856673257771 500.8989123137458 7624.14404296875 0.408935546875 79.0733238210113 83853
60 3027.6 415.5633837558392 648.0005081946251 8513.02099609375 0.408935546875 151.83109882587104 115736
70 2999.5 316.0578679535766 503.19461103659654 15228.641845703125 0.408935546875 206.51673191451937 146012
80 2998.4 288.4206151972477 423.0920713892486 15228.641845703125 0.408935546875 225.1846620280462 176007
90 2874.7 272.67361221422635 432.0508882106323 15228.641845703125 0.408935546875 234.38927203443163 205991
100 3113 348.2917231936265 511.5493686869859 15228.641845703125 0.408935546875 239.07773290207368 234738
110 3045.6 353.1487520547057 504.8898608463028 15228.641845703125 0.408935546875 251.8654001571628 265868
120 3040.8 316.31804475731616 532.1753502872415 15228.641845703125 0.408935546875 262.27524129521294 296324
130 2965.2 332.16292393456587 461.93092753750085 15228.641845703125 0.408935546875 267.3048483360771 326732
140 2976.1 319.0667944911007 544.0880739218723 15228.641845703125 0.408935546875 272.70119513516573 356384
150 3114.9 337.02168268782276 493.5669717600379 15228.641845703125 0.408935546875 276.2746885183042 386145
160 2886.7 374.8371469462858 549.7061380069736 15228.641845703125 0.408935546875 280.8091609080015 417294
170 3158 387.65344293170347 576.2128010903434 16457.843994140625 0.408935546875 286.89285238477146 446161
180 3009.4 378.6679596557727 616.042306406327 16457.843994140625 0.408935546875 293.5534058006853 477741
190 2970.4 366.10950858529645 553.4789488122843 16457.843994140625 0.408935546875 298.5972436293403 507835
200 2913.5 327.76632346759965 486.27138344548075 16457.843994140625 0.408935546875 302.32792050720724 537539
