0 1.3 30.48253455528846 3.8918799244790585 36.830078125 23.846923828125 0 0
10 94.2 38.07231642283706 239.4843052961624 4930.739990234375 18.820068359375 30.48253455528846 13
20 179.3 182.89559032740172 559.5002354041175 15927.685791015625 17.205078125 37.96900002045159 955
30 248.2 844.4694764216406 839.6140846026221 15927.685791015625 17.205078125 132.52990847036483 2748
40 231.7 2660.1024550831794 1448.324562012432 15927.685791015625 17.205078125 470.3949194942781 5230
50 224.6 5854.759536702402 2252.668759069275 22657.64599609375 17.205078125 1142.655733057215 7547
60 250.9 10082.195249640383 3200.793858754844 23218.68603515625 17.205078125 2223.3649276847136 9793
70 285.7 12734.432960710552 5444.154616857746 43325.258056640625 17.205078125 3826.1779075080576 12302
80 272.9 14326.568254078731 7260.334141711142 44480.610107421875 17.205078125 5505.106905924808 15159
90 268.9 15924.97556260387 8746.353946135861 47952.141845703125 17.205078125 6850.912363164973 17888
100 297.1 17308.700522449413 10048.689700878514 61228.93994140625 17.205078125 8036.709901352813 20577
110 291.7 17772.508422558618 10695.765618841406 87621.85498046875 17.205078125 9206.536813841261 23548
120 288.8 18210.326609857213 11574.43144683617 87621.85498046875 17.205078125 10150.68717026025 26465
130 285.6 19830.947400603345 12429.69072101648 87621.85498046875 17.205078125 10943.663653125921 29353
140 300.8 20378.267020611056 12930.674688117715 87621.85498046875 17.205078125 11731.706820650386 32209
150 291.7 20095.730811735335 13451.295409753071 98712.31811523438 17.205078125 12470.23801528598 35217
160 302.5 22106.06798715135 15037.782782011947 109075.21606445313 17.205078125 13053.538022818439 38134
170 257.6 22433.812708505196 14037.10486882397 119356.08984375 17.205078125 13718.857956298529 41159
180 305.9 23193.808048324332 15850.741511099608 133977.38208007813 17.205078125 14232.170484975431 43735
190 301.7 24583.603332256567 15598.49911965658 133977.38208007813 17.205078125 14818.007329576967 46794
200 298.3 24581.294003258037 15494.528665384762 136119.98706054688 17.205078125 15409.499231768941 49811
