0 14.5 2.763404162176724 0.7260164750555158 7.3291015625 1.594970703125 0 0
10 942.3 3.6657208840735405 75.70299595599366 4894.830078125 1.125 2.763404162176724 145
20 1820.4 18.869384148701826 176.13361385188148 15894.35986328125 1.125 3.6520465608424537 9568
30 2608.2 87.51007999747455 258.6853327923068 15894.35986328125 1.125 13.626712175468409 27772
40 2895.1 324.2177971929534 411.8357055141075 15894.35986328125 1.125 49.40912387253017 53854
50 3059.5 744.2161345313418 913.8455865591122 24467.0859375 1.125 145.49010812830667 82805
60 2919.7 1256.0229261986092 1648.8488519743296 24467.0859375 1.125 307.0247005251397 113400
70 3017.2 1387.0481556297336 2309.0772154179735 31103.97607421875 1.125 501.33384584368275 142597
80 2905 1553.4254107781574 2835.7596094527385 61084.43017578125 1.125 656.0130542367667 172769
90 2883.8 1709.4315182414482 3159.683656973859 61084.43017578125 1.125 785.1873587250824 201819
100 3073.1 1837.2614289765029 3490.5248126596025 61084.43017578125 1.125 900.7414198293756 230657
110 2990.3 1832.1600851705666 3588.7366056078126 61084.43017578125 1.125 1010.8466901596905 261388
120 3007.6 1875.9467261469522 3694.72152532396 61084.43017578125 1.125 1095.1600896502696 291291
130 3042.4 2116.6124707005697 4051.5914620099215 64977.043212890625 1.125 1168.2321190723144 321367
140 2989.5 2033.0990490888032 4373.766956502557 80022.84399414063 1.125 1250.2510559352188 351791
150 2999.9 2148.4087048832544 4533.554601694884 91183.9140625 1.125 1311.5664847309472 381686
160 3009 2357.028141714195 4731.515394075933 101076.22998046875 1.125 1372.5461895109345 411685
170 2991.8 2262.9640978309358 4947.846841807823 114627.6630859375 1.125 1439.6008257891217 441775
180 3046.1 2404.7358322776945 4828.494975858035 114627.6630859375 1.125 1491.8241625207395 471693
190 2984 2472.070374598783 4723.608965748392 114627.6630859375 1.125 1547.2019995437774 502154
200 2896.6 2355.771939726005 5182.874145401429 114627.6630859375 1.125 1599.0786603926617 531994
