20 0.1 2596 0 2596 2596 0 0
30 0.1 5184.0 0.0 5184 2596 2596.0 1
40 0.1 7695.0 0.0 7695 2596 3890.0 2
50 0.1 10009.0 0.0 10009 2596 5158.333333333333 3
60 0.1 11912.0 0.0 11912 2596 6371.0 4
70 0.1 10996.0 0.0 11912 2596 7479.2 5
80 0.1 12356.0 0.0 12356 2596 8065.333333333333 6
90 0.1 12250.0 0.0 12356 2596 8678.285714285714 7
100 0.1 12944.0 0.0 12944 2596 9124.75 8
110 0.1 12685.0 0.0 12944 2596 9549.111111111111 9
120 0.1 12982.0 0.0 12982 2596 9862.7 10
130 0.1 13652.0 0.0 13652 2596 10146.272727272728 11
140 0.1 13428.0 0.0 13652 2596 10438.416666666666 12
150 0.1 13548.0 0.0 13652 2596 10668.384615384615 13
160 0.1 15013.0 0.0 15013 2596 10874.07142857143 14
170 0.1 13812.0 0.0 15013 2596 11150.0 15
180 0.1 14522.0 0.0 15013 2596 11316.375 16
200 0.1 16109.0 0.0 16109 2596 11504.941176470587 17
