0 3.3 1.0141971472537878 0.1920312280545752 1.364013671875 0.640869140625 0 0
10 854.7 1.1478117664641128 10.883105553999727 1003.328125 0.318115234375 1.0141971472537878 33
20 1941.3 1.8319515549945609 26.825316948074917 1003.328125 0.318115234375 1.1472978640825346 8580
30 2787.6 8.46505425954458 67.75015910116227 1452.77490234375 0.318115234375 1.622101640086363 27993
40 3313 80.31878954296988 230.73750549300334 3067.552001953125 0.318115234375 5.036412746782693 55869
50 3239.1 281.7938244293096 700.0483316838263 7082.806884765625 0.318115234375 33.06038091785969 88999
60 3379.4 673.6531204862115 1629.317743838949 16588.18505859375 0.318115234375 99.43096308096518 121390
70 3343.7 800.4187792980437 2316.4044372157537 31152.3759765625 0.318115234375 224.47776937125857 155184
80 3337.2 943.5733612437325 3001.277675029808 31175.947021484375 0.318115234375 326.57530649025335 188621
90 3310.5 1083.8542476117673 3677.271566037887 32651.64501953125 0.318115234375 419.3280468164488 221993
100 3291.3 1078.6104076926642 3426.107624311203 32743.575927734375 0.318115234375 505.56604114540875 255098
110 3356.8 1103.854861853118 3625.2869396629185 32743.575927734375 0.318115234375 571.0517664689894 288011
120 3310.8 1298.2580129640269 4260.247606502104 32743.575927734375 0.318115234375 626.6683779574711 321579
130 2976.7 1125.8892012058543 3445.107158533775 32743.575927734375 0.318115234375 689.3574238931751 354687
140 3375 1174.0380953197346 3535.5187025159967 32743.575927734375 0.318115234375 723.1566337213119 384454
150 3279.6 1335.0786243135885 4123.073676154065 32743.575927734375 0.318115234375 759.5437781028738 418204
160 3242.5 1096.484808060685 3349.2593798190655 32743.575927734375 0.318115234375 801.3957533053718 451000
170 3204.9 1358.3236897976897 4086.4694472341944 32743.575927734375 0.318115234375 821.1884049068427 483425
180 3218 1352.268882282029 3876.2164340209765 32743.575927734375 0.318115234375 854.584170251878 515474
190 3218.3 1600.1464952533397 4885.531082003421 32743.575927734375 0.318115234375 883.8279884895433 547654
200 3277.1 1367.3524216372052 4010.6232648337996 32743.575927734375 0.318115234375 923.5861938182464 579837
