0 3.2 2.126953125 0.2979618368662091 2.947998046875 1.3271484375 0 0
10 854.6 2.336227634821848 10.946834873870388 1004.4111328125 1.14794921875 2.126953125 32
20 1941.5 3.673128322274176 28.562174406165973 1004.458984375 1.092041015625 2.335446941849792 8578
30 2785.2 15.69706702187848 73.32067718146406 1458.2099609375 1.06884765625 3.2632175988333025 27993
40 3292.1 124.32272429434548 244.68437641107064 3334.10302734375 1.06884765625 9.464445535634347 55845
50 3242.9 354.4754609348525 725.3673583724377 7157.799072265625 1.06884765625 52.06239289177893 88766
60 3374 768.211618163195 1654.6817515650534 16750.858154296875 1.06884765625 132.98118808604298 121195
70 3340.1 902.1713660843684 2340.3816951977155 31214.72314453125 1.06884765625 271.31451955280716 154935
80 3334.5 1094.0544690437453 3027.2374013119206 33780.381103515625 1.06884765625 383.19567626740593 188336
90 3314.7 1224.4050530281713 3716.4571875463616 33780.381103515625 1.06884765625 490.1222349040371 221681
100 3292.6 1194.064519220776 3429.0702903660076 34887.503173828125 1.06884765625 585.6347867914305 254828
110 3347.5 1258.2993104185146 3675.066018480221 34887.503173828125 1.06884765625 655.253827256441 287754
120 3322.4 1501.3034166813252 4287.172132618709 34919.64501953125 1.06884765625 718.096682505657 321229
130 2973.1 1318.6500508350507 3498.075202604833 34919.64501953125 1.06884765625 791.5091251602612 354453
140 3377.9 1336.5126525974651 3582.195368094425 34919.64501953125 1.06884765625 832.3031896221783 384184
150 3266.5 1516.80635723054 4145.7064561299885 37175.173095703125 1.06884765625 873.0524699408721 417963
160 3258.8 1287.4077004146698 3449.5760713979685 39351.1611328125 1.06884765625 919.7167267742624 450628
170 3196.7 1570.5480968792608 4136.877551230581 39351.1611328125 1.06884765625 944.5137398056886 483216
180 3227.3 1543.7528224405235 3910.1972424354176 43416.848876953125 1.06884765625 983.3590438870943 515183
190 3213.8 1988.5064327841146 4937.309188156664 43416.848876953125 1.06884765625 1016.3947370117561 547456
200 3281.6 1610.5091294726233 4085.1684090680014 43416.848876953125 1.06884765625 1070.297513228784 579594
