10 48.3 1.3706919036296588 2.0462786717993233 30.214111328125 0.369873046875 0 0
20 138.3 1.8896645017059834 26.849907343429358 999.1630859375 0.369873046875 1.3706919036296588 483
30 232.8 1.9311226651430953 29.296897208204985 1000.680908203125 0.369873046875 1.7553323661910505 1866
40 331.6 1.3809971274455297 17.383281269504522 1000.916015625 0.369873046875 1.8529098139641453 4194
50 417.7 2.5882722371955094 37.903724925753906 1006.7939453125 0.369873046875 1.644539312167111 7510
60 509.2 4.809862542882839 59.231606566106805 1006.7939453125 0.369873046875 1.981834805265735 11687
70 604.4 9.125437910078693 86.15606462124084 1411.06396484375 0.369873046875 2.8400693389057787 16779
80 641 58.9369708509044 236.38943127847986 3026.526123046875 0.369873046875 4.50456426263049 22823
90 724.7 579.3517150415696 877.0463581612844 7710.64990234375 0.323974609375 16.44010718435716 29233
100 864.2 533.2463727517115 1110.8757673245184 15045.72802734375 0.323974609375 128.2663248965616 36480
110 893.2 565.692175489768 897.6111401535982 22224.60986328125 0.323974609375 205.8302088902721 45122
120 820.2 662.1061313111028 1183.4269531590314 31076.76611328125 0.323974609375 265.29457943947654 54054
130 713.7 520.5967114322802 994.5623416721701 31076.76611328125 0.323974609375 317.57304815656533 62256
140 856.2 663.6047648995917 1103.8839617876201 31076.76611328125 0.323974609375 338.4538269786191 69393
150 881.8 566.1981993009229 1185.0613262552 31076.76611328125 0.323974609375 374.1659984939724 77955
160 808.2 520.4264967856328 1017.4573776104353 31076.76611328125 0.323974609375 393.68059343382333 86773
170 800.8 660.0351022573619 1232.7404746692325 31076.76611328125 0.323974609375 404.4798174166321 94855
180 880.8 363.48670564490396 816.8481389758294 31076.76611328125 0.323974609375 424.37508316821004 102863
190 800.8 499.5560690225287 1143.419456101131 32114.380126953125 0.323974609375 419.5725397216099 111671
200 750.8 662.0059204751913 1167.1562177515052 32114.380126953125 0.323974609375 424.9244235328195 119679
