10 0.1 1.2603982858583311 0 1.2603982858583311 1.2603982858583311 0 0
20 0.1 11.845102505694761 0.0 11.845102505694761 1.2603982858583311 1.2603982858583311 1
30 0.1 26.818971939408993 0.0 26.818971939408993 1.2603982858583311 6.552750395776546 2
40 0.1 39.1695847923962 0.0 39.1695847923962 1.2603982858583311 13.308157576987362 3
50 0.1 50.942447851218894 0.0 50.942447851218894 1.2603982858583311 19.773514380839572 4
60 0.1 60.58080808080808 0.0 60.58080808080808 1.2603982858583311 26.00730107491544 5
70 0.1 70.97989949748744 0.0 70.97989949748744 1.2603982858583311 31.769552242564213 6
80 0.1 76.59876835622927 0.0 76.59876835622927 1.2603982858583311 37.37103042183896 7
90 0.1 82.99640610961364 0.0 82.99640610961364 1.2603982858583311 42.274497663637746 8
100 0.1 77.44124061061304 0.0 82.99640610961364 1.2603982858583311 46.799154157635066 9
110 0.1 91.22725151656556 0.0 91.22725151656556 1.2603982858583311 49.86336280293286 10
120 0.1 91.64643030597377 0.0 91.64643030597377 1.2603982858583311 53.62371632235402 11
130 0.1 91.41838019303398 0.0 91.64643030597377 1.2603982858583311 56.792275820989005 12
150 0.1 92.21445221445221 0.0 92.21445221445221 1.2603982858583311 59.455822311146306 13
160 0.1 88.56429463171037 0.0 92.21445221445221 1.2603982858583311 61.79572444709673 14
170 0.1 88.33333333333333 0.0 92.21445221445221 1.2603982858583311 63.58029579273764 15
180 0.1 87.61594384557533 0.0 92.21445221445221 1.2603982858583311 65.12736063902487 16
190 0.1 89.7169126542463 0.0 92.21445221445221 1.2603982858583311 66.45021847470431 17
200 0.1 90.31731217918806 0.0 92.21445221445221 1.2603982858583311 67.74281259578999 18
