10 48.2 12.621271030536827 4.469295607397756 64.741943359375 9.09521484375 0 0
20 138.1 15.014709251674514 32.77741197141636 1008.588134765625 8.955078125 12.621271030536827 482
30 232.7 15.233875912353621 33.155284523697446 1018.469970703125 8.873779296875 14.395472953988865 1863
40 331.2 16.914620588367185 26.605860441627136 1018.469970703125 8.73486328125 14.861096744947046 4190
50 417.3 25.728010494361065 56.63853612295723 1057.093994140625 8.73486328125 15.76769111570251 7502
60 508.7 52.22259861035175 99.4322395029868 1092.429931640625 8.73486328125 19.32781212359477 11675
70 551.7 221.92717586515244 230.5636245838445 2221.050048828125 8.73486328125 29.310855844996322 16762
80 473.9 1896.957609841134 1110.5103122526177 10924.62890625 8.73486328125 77.00887808796958 22279
90 488.6 4065.257822193672 1807.2436419789683 13403.5361328125 8.73486328125 396.2307686712195 27018
100 506.9 6622.534513412189 4045.1536428207555 20779.27099609375 8.73486328125 958.1310377130544 31904
110 562.3 6699.7284877505035 4780.319687940604 31021.9560546875 8.73486328125 1734.7210146778373 36973
120 576.2 5960.200162771699 4849.317689181961 39215.532958984375 8.73486328125 2390.1402329398243 42596
130 650 5800.585678335345 5281.9937179675035 47606.84716796875 8.73486328125 2815.523526618042 48358
140 492.6 5607.50695766087 5166.322346714182 58639.4912109375 8.73486328125 3169.2167707421895 54858
150 622.4 6489.43483798853 6522.091675497426 66473.06103515625 8.73486328125 3370.123659889142 59784
160 545.8 5872.420501407063 7400.178975858391 70263.10107421875 8.73486328125 3664.248504945659 66008
170 579.4 6060.416433706345 6574.068265718256 80957.02001953125 8.73486328125 3832.8909748850197 71466
180 579.9 6974.4877792861 9049.838790995362 94078.50903320313 8.73486328125 3999.940968522228 77260
190 576.7 5916.030266494717 7439.854933574071 104323.56616210938 8.73486328125 4207.617402811344 83059
200 588.1 5285.1128740860495 6449.2657910426215 104323.56616210938 8.73486328125 4318.535568493261 88826
