10 577.66015625 577.66015625
20 1605.903125 2183.56328125
30 2668.89453125 4852.4578125
40 3799.265625 8651.7234375
50 4822.94375 13474.6671875
60 5898.35 19373.0171875
70 6539.02734375 25912.04453125
80 5906.52734375 31818.571875
90 4033.153125 35851.725
100 3852.76796875 39704.49296875
110 4122.34296875 43826.8359375
120 4282.890625 48109.7265625
130 4626.3796875 52736.10625
140 4200.97890625 56937.08515625
150 4329.36875 61266.45390625
160 4719.61640625 65986.0703125
170 4382.8109375 70368.88125
180 4885.646875 75254.528125
190 4560.1296875 79814.6578125
200 4446.6453125 84261.303125
