10 56.2 20.94723565043928 2.832137057184131 34.010009765625 14.754150390625 0 0
20 154.1 23.485451056537972 9.093546587815613 250.2490234375 14.429931640625 20.94723565043928 562
30 233.8 136.80236158542294 181.85779250047725 1318.558837890625 14.429931640625 22.80714527516495 2103
40 271.2 790.3206319893342 789.647374450412 5380.781005859375 14.429931640625 82.82083942814472 4441
50 223.8 2763.3007816863533 2190.700978676547 12371.594970703125 14.429931640625 351.06345615202923 7153
60 230.3 5962.785004761966 3996.904290491067 23393.72802734375 14.429931640625 925.9316421328425 9391
70 307.5 9166.540871363693 6278.046542810814 32646.43896484375 14.429931640625 1917.88249677068 11694
80 267 9621.138602747558 8416.41566471159 41397.56787109375 14.429931640625 3427.09940393254 14769
90 256.1 11757.85718450281 10393.397494005505 49314.993896484375 14.429931640625 4375.438452091042 17439
100 279 11876.776718522464 11163.488138534442 60154.237060546875 14.429931640625 5320.757170776368 20000
110 250.3 12526.017917268811 11416.627191408681 73297.5869140625 14.429931640625 6123.358949548267 22790
120 276.4 15618.112344082116 14357.882365661346 80490.541015625 14.429931640625 6756.96727581263 25293
130 275.2 18228.68793079458 19478.057226610646 90507.30322265625 14.429931640625 7629.911816166084 28057
140 243.8 19245.338948601082 20235.490707528803 93303.67211914063 14.429931640625 8576.642702188274 30809
150 280.3 21168.399023942682 22945.081099526065 107480.73608398438 14.429931640625 9358.977392498811 33247
160 253.7 21761.528635376162 23346.404362389298 114723.35302734375 14.429931640625 10277.19677760109 36050
170 277.4 25602.812823701952 25409.12812770272 124270.81884765625 14.429931640625 11032.263248774681 38587
180 250.6 25410.305820328107 26092.16139242413 130748.77197265625 14.429931640625 12009.481026895333 41361
190 278 28088.69348847096 27041.76096511405 130748.77197265625 14.429931640625 12775.032966447676 43867
200 249.7 33570.17456895539 30543.41966573891 160587.833984375 14.429931640625 13687.674213499462 46647
