10 529.51640625 529.51640625
20 1416.346875 1945.86328125
30 1717.02734375 3662.890625
40 1742.94140625 5405.83203125
50 1713.18671875 7119.01875
60 1733.65390625 8852.67265625
70 1749.42421875 10602.096875
80 1768.8703125 12370.9671875
90 1787.415625 14158.3828125
100 1642.35546875 15800.73828125
110 1740.90390625 17541.6421875
120 1653.46640625 19195.10859375
130 1719.9078125 20915.01640625
140 1739.81640625 22654.8328125
150 1736.4203125 24391.253125
160 1774.27734375 26165.53046875
170 1568.7515625 27734.28203125
180 1701.71015625 29435.9921875
190 1737.58671875 31173.57890625
200 1640.78359375 32814.3625
