10 583.3 0.9505021938753646 0.6553301002483766 21.928955078125 0.406982421875 0 0
20 1521.6 1.093482112784244 11.600835655951322 1011.751953125 0.381103515625 0.9505021938753646 5833
30 2054.7 33.5429281252471 187.6750297308188 3006.358154296875 0.27001953125 1.0538601893201605 21049
40 2158 324.9418266063035 833.5069429244057 7020.8349609375 0.27001953125 17.102347516935577 41596
50 2087.4 934.4003060401086 2103.37157302561 15082.677001953125 0.27001953125 122.25582286752059 63176
60 2197.6 938.8113080702741 2605.281763635291 31078.883056640625 0.27001953125 323.95366869434514 84050
70 2228.5 1122.9502913254405 3381.2021872846217 31116.17822265625 0.27001953125 451.3951592997194 106026
80 2109.9 1605.5806222372603 4474.552692244247 31147.0009765625 0.27001953125 568.0305694920895 128311
90 2039.5 1621.7610455108372 4798.004054827283 31147.0009765625 0.27001953125 714.5486644179335 149410
100 2086.6 1855.8745023467266 5414.12452290705 31147.0009765625 0.27001953125 823.5124553097786 169805
110 2177.9 2000.7607100150603 5544.15678662859 31147.0009765625 0.27001953125 936.488557986499 190671
120 2163.6 1809.0964021236703 5360.590015148037 31147.0009765625 0.27001953125 1045.5908559343927 212450
130 2089 2104.7276857455618 5630.2267988962185 31147.0009765625 0.27001953125 1116.1598177576166 234086
140 2057.5 1904.5832453912826 5469.149493915671 31147.0009765625 0.27001953125 1197.1524710358397 254976
150 2183.8 1909.1066659535568 5428.275661274127 31147.0009765625 0.27001953125 1249.9753175592173 275551
160 2141.8 2064.1188567251716 5593.052870894829 31147.0009765625 0.27001953125 1298.376940975805 297389
170 2125.5 2046.717939379623 5820.622656185905 31147.0009765625 0.27001953125 1349.820793687696 318807
180 2107.6 2152.174128099649 5627.04316998813 31147.0009765625 0.27001953125 1393.379170782702 340062
190 2095.7 1971.5339994332746 5579.256242522352 31147.0009765625 0.27001953125 1437.6624157483716 361138
200 1999.8 2295.6925657531674 6018.189778089345 31147.0009765625 0.27001953125 1466.943999593448 382095
