10 0.1 6.332992849846783 0 6.332992849846783 6.332992849846783 0 0
20 0.1 31.90255220417633 0.0 31.90255220417633 6.332992849846783 6.332992849846783 1
30 0.1 79.27631578947368 0.0 79.27631578947368 6.332992849846783 19.117772527011557 2
40 0.1 99.6003996003996 0.0 99.6003996003996 6.332992849846783 39.170620281165604 3
50 0.1 100.0 0.0 100.0 6.332992849846783 54.2780651109741 4
60 0.1 95.63894523326572 0.0 100.0 6.332992849846783 63.42245208877928 5
70 0.1 99.1991991991992 0.0 100.0 6.332992849846783 68.79186761286034 6
80 0.1 99.9 0.0 100.0 6.332992849846783 73.13577212519446 7
90 0.1 99.6 0.0 100.0 6.332992849846783 76.48130060954516 8
100 0.1 99.3993993993994 0.0 100.0 6.332992849846783 79.05004498626236 9
110 0.1 100.0 0.0 100.0 6.332992849846783 81.08498042757607 10
120 0.1 99.39819458375125 0.0 100.0 6.332992849846783 82.80452766143279 11
130 0.1 99.2992992992993 0.0 100.0 6.332992849846783 84.18733323829265 12
140 0.1 97.67441860465115 0.0 100.0 6.332992849846783 85.3497921660624 13
150 0.1 99.19759277833501 0.0 100.0 6.332992849846783 86.2301226259616 14
160 0.1 99.8003992015968 0.0 100.0 6.332992849846783 87.09462063611983 15
170 0.1 99.3993993993994 0.0 100.0 6.332992849846783 87.88873179646214 16
180 0.1 99.5987963891675 0.0 100.0 6.332992849846783 88.56582989075257 17
190 0.1 99.09638554216868 0.0 100.0 6.332992849846783 89.17877247399785 18
200 0.1 99.6993987975952 0.0 100.0 6.332992849846783 89.70075210916474 19
