0 0.1 1998.484375 0 1998.484375 1998.484375 0 0
10 0.1 1997.6796875 0.0 1998.484375 1997.6796875 1998.484375 1
20 0.1 1997.375 0.0 1998.484375 1997.375 1998.08203125 2
30 0.1 1996.97265625 0.0 1998.484375 1996.97265625 1997.8463541666667 3
40 0.1 1997.453125 0.0 1998.484375 1996.97265625 1997.6279296875 4
50 0.1 1997.921875 0.0 1998.484375 1996.97265625 1997.59296875 5
60 0.1 2002.21484375 0.0 2002.21484375 1996.97265625 1997.6477864583333 6
70 0.1 2002.171875 0.0 2002.21484375 1996.97265625 1998.3002232142858 7
80 0.1 2015.578125 0.0 2015.578125 1996.97265625 1998.7841796875 8
90 0.1 2043.9375 0.0 2043.9375 1996.97265625 2000.650173611111 9
100 0.1 2043.66015625 0.0 2043.9375 1996.97265625 2004.97890625 10
110 0.1 2052.08203125 0.0 2052.08203125 1996.97265625 2008.4953835227273 11
120 0.1 2051.53515625 0.0 2052.08203125 1996.97265625 2012.1276041666667 12
130 0.1 2050.34375 0.0 2052.08203125 1996.97265625 2015.158954326923 13
140 0.1 2049.79296875 0.0 2052.08203125 1996.97265625 2017.672154017857 14
150 0.1 2046.8671875 0.0 2052.08203125 1996.97265625 2019.8135416666667 15
160 0.1 2026.96875 0.0 2052.08203125 1996.97265625 2021.50439453125 16
170 0.1 2028.9609375 0.0 2052.08203125 1996.97265625 2021.8258272058824 17
180 0.1 2021.09375 0.0 2052.08203125 1996.97265625 2022.2222222222222 18
190 0.1 2037.00390625 0.0 2052.08203125 1996.97265625 2022.1628289473683 19
200 0.1 2017.9296875 0.0 2052.08203125 1996.97265625 2022.9048828125 20
