10 47.8 10.21307347509152 4.3703432969504385 74.785888671875 7.35595703125 0 0
20 139.6 10.190654415797342 7.374071187808458 188.092041015625 6.864990234375 10.21307347509152 478
30 239.6 11.705118475453888 30.205337733162825 1015.405029296875 6.864990234375 10.196372831134918 1874
40 337.8 11.110528054923389 5.963887268389379 1015.405029296875 6.68310546875 11.042966405792589 4270
50 416.5 12.757538347370206 31.856456501495273 1015.405029296875 6.68310546875 11.072807312011712 7648
60 515.5 15.38500005683196 26.781119713813737 1028.321044921875 6.489990234375 11.666805852794589 11813
70 603.1 20.4804477403856 31.32636729476404 1037.578857421875 6.322021484375 12.796419898163085 16968
80 689.1 21.38077806564954 29.65563035564929 1037.578857421875 6.322021484375 14.811393241197303 22999
90 743.3 20.713574468375803 35.63338246416936 1060.919921875 6.322021484375 16.325934252415113 29890
100 847.3 29.228532279464833 60.92689391694613 1261.31201171875 6.322021484375 17.199747443349278 37323
110 920.7 28.104557498498114 52.334593394285285 1261.31201171875 6.322021484375 19.42526700655146 45796
120 973.3 40.58408754466913 72.6698734561225 1261.31201171875 6.322021484375 20.87810098941336 55003
130 1006.9 240.53922585042108 173.97584458188206 4193.179931640625 6.322021484375 23.840878534246286 64736
140 1036.5 394.05158306292907 255.94540278463646 4193.179931640625 6.322021484375 53.00919160324654 74805
150 995.1 1193.7164337921893 630.2581596352053 7887.80810546875 6.322021484375 94.5132938397102 85170
160 950.5 2555.791782208578 987.797540638969 12763.907958984375 6.322021484375 209.50546639537214 95121
170 1118.9 2156.1783407881053 2097.3197517437357 17914.10693359375 6.322021484375 422.6594762189774 104626
180 1031.2 2488.3030557447555 1137.619756901275 17914.10693359375 6.322021484375 590.1364228637468 115815
190 1020.6 1124.6904002643232 1125.0496066146666 23889.360107421875 6.322021484375 745.3283668429817 126127
200 1055.1 2875.3998835316675 1562.961979020704 23889.360107421875 6.322021484375 773.7277192602118 136333
