10 0.1 504 0 504 504 0 0
20 0.1 3444.0 0.0 3444 504 504.0 1
30 0.1 7106.0 0.0 7106 504 1974.0 2
40 0.1 11151.0 0.0 11151 504 3684.6666666666665 3
50 0.1 15120.0 0.0 15120 504 5551.25 4
60 0.1 18532.0 0.0 18532 504 7465.0 5
70 0.1 2.24e4 0.0 22400 504 9309.5 6
80 0.1 26035.0 0.0 26035 504 11179.57142857143 7
90 0.1 29123.0 0.0 29123 504 13036.5 8
100 0.1 32303.0 0.0 32303 504 14823.888888888889 9
110 0.1 35568.0 0.0 35568 504 16571.8 10
120 0.1 38287.0 0.0 38287 504 18298.727272727272 11
130 0.1 41510.0 0.0 41510 504 19964.416666666668 12
140 0.1 42205.0 0.0 42205 504 21621.76923076923 13
150 0.1 45109.0 0.0 45109 504 23092.0 14
160 0.1 47728.0 0.0 47728 504 24559.8 15
170 0.1 42102.0 0.0 47728 504 26007.8125 16
180 0.1 47251.0 0.0 47728 504 26954.529411764706 17
190 0.1 45054.0 0.0 47728 504 28082.11111111111 18
200 0.1 49085.0 0.0 49085 504 28975.36842105263 19
