10 0.1 0.58984375 0 0.58984375 0.58984375 0 0
20 0.1 0.6484375 0.0 0.6484375 0.58984375 0.58984375 1
30 0.1 0.78125 0.0 0.78125 0.58984375 0.619140625 2
40 0.1 0.8203125 0.0 0.8203125 0.58984375 0.6731770833333334 3
50 0.1 0.8515625 0.0 0.8515625 0.58984375 0.7099609375 4
60 0.1 0.87109375 0.0 0.87109375 0.58984375 0.73828125 5
70 0.1 0.890625 0.0 0.890625 0.58984375 0.7604166666666666 6
80 0.1 0.98828125 0.0 0.98828125 0.58984375 0.7790178571428571 7
90 0.1 0.98828125 0.0 0.98828125 0.58984375 0.80517578125 8
100 0.1 0.98828125 0.0 0.98828125 0.58984375 0.8255208333333334 9
110 0.1 1.0703125 0.0 1.0703125 0.58984375 0.841796875 10
120 0.1 1.05859375 0.0 1.0703125 0.58984375 0.8625710227272727 11
130 0.1 1.05078125 0.0 1.0703125 0.58984375 0.87890625 12
140 0.1 1.0390625 0.0 1.0703125 0.58984375 0.8921274038461539 13
150 0.1 1.109375 0.0 1.109375 0.58984375 0.9026227678571429 14
160 0.1 1.08984375 0.0 1.109375 0.58984375 0.91640625 15
170 0.1 1.140625 0.0 1.140625 0.58984375 0.92724609375 16
180 0.1 1.12109375 0.0 1.140625 0.58984375 0.9397977941176471 17
190 0.1 1.171875 0.0 1.171875 0.58984375 0.9498697916666666 18
200 0.1 1.1484375 0.0 1.171875 0.58984375 0.9615542763157895 19
