0 0.8 1.29583740234375 0.1597925918876424 1.602783203125 1.02392578125 0 0
10 95.7 1.1010277886624877 0.2946191808741217 4.41796875 0.565185546875 1.29583740234375 8
20 192 1.0275053660074907 0.25889331275040267 4.41796875 0.425048828125 1.1026427906411924 965
30 275.7 0.9970015953708736 0.263474571243951 4.41796875 0.425048828125 1.0526379881120045 2885
40 377.4 1.0043950487711972 0.3833606636634981 8.422119140625 0.4140625 1.025450902896248 5642
50 462.1 1.5303484601547261 20.793643942543504 1001.88720703125 0.4140625 1.0170115662917512 9416
60 517.1 4.085965261494387 52.067032268720276 1007.9951171875 0.4140625 1.1860027885287538 14037
70 593.5 5.112796465288001 68.58876458567308 3000.816162109375 0.4140625 1.9667038478636816 19208
80 729.9 4.801715567040434 59.44964784950769 3000.816162109375 0.373779296875 2.709338365797633 25143
90 815.6 21.225446894684445 139.36754043885242 3000.816162109375 0.373779296875 3.1800942129054315 32442
100 874.2 62.81909028879976 244.4164545247752 3004.77490234375 0.373779296875 6.805344138335001 40598
110 929.1 260.90505386597255 615.9800563692401 7028.677978515625 0.373779296875 16.72979020334033 49340
120 812.8 812.0799281503258 1536.223701345179 16489.301025390625 0.373779296875 55.4231840511259 58631
130 820.8 833.6298795406324 1866.2737629323224 18503.304931640625 0.373779296875 147.54718255377418 66759
140 819.3 804.2938655414198 2021.6146695170553 31086.05615234375 0.373779296875 222.6651248066072 74967
150 903.1 703.6699879722006 2068.6795691940047 31108.030029296875 0.373779296875 279.96772549011274 83160
160 855.9 801.2715675522472 1900.9244460006169 31108.030029296875 0.373779296875 321.4734595907922 92191
170 832.4 812.8257183788033 1914.5702997347641 31108.030029296875 0.373779296875 362.23367801304624 100750
180 662.2 1235.112001078607 2643.7964161616483 32473.09814453125 0.373779296875 396.62068265214043 109074
190 943.8 675.5213280815433 2021.9110043014334 34704.98583984375 0.373779296875 444.6127438350686 115696
200 825.6 859.8991957967595 2390.1417536707545 34704.98583984375 0.373779296875 462.0285957867223 125134
