20 0.1 3395 0 3395 3395 0 0
30 0.1 5957.0 0.0 5957 3395 3395.0 1
40 0.1 8761.0 0.0 8761 3395 4676.0 2
50 0.1 11192.0 0.0 11192 3395 6037.666666666667 3
60 0.1 13469.0 0.0 13469 3395 7326.25 4
70 0.1 16006.0 0.0 16006 3395 8554.8 5
80 0.1 18271.0 0.0 18271 3395 9796.666666666666 6
90 0.1 21009.0 0.0 21009 3395 11007.285714285714 7
100 0.1 22825.0 0.0 22825 3395 12257.5 8
110 0.1 25151.0 0.0 25151 3395 13431.666666666666 9
120 0.1 26146.0 0.0 26146 3395 14603.6 10
130 0.1 27391.0 0.0 27391 3395 15652.90909090909 11
140 0.1 30613.0 0.0 30613 3395 16631.083333333332 12
150 0.1 27295.0 0.0 30613 3395 17706.615384615383 13
160 0.1 28611.0 0.0 30613 3395 18391.499999999996 14
170 0.1 26490.0 0.0 30613 3395 19072.799999999996 15
180 0.1 26781.0 0.0 30613 3395 19536.374999999996 16
190 0.1 28674.0 0.0 30613 3395 19962.529411764703 17
200 0.1 26067.0 0.0 30613 3395 20446.499999999996 18
