0 0.8359375 0.8359375
10 753.1796875 754.015625
20 1566.0453125 2320.0609375
30 2352.8296875 4672.890625
40 3211.8390625 7884.7296875
50 3823.9125 11708.6421875
60 4654.5 16363.1421875
70 5503.56171875 21866.70390625
80 6256.6578125 28123.36171875
90 6905.26171875 35028.6234375
100 7582.2875 42610.9109375
110 7913.06796875 50523.97890625
120 7971.58359375 58495.5625
130 8240.92265625 66736.48515625
140 8098.896875 74835.38203125
150 8005.18828125 82840.5703125
160 7945.66953125 90786.23984375
170 8007.278125 98793.51796875
180 7855.22109375 106648.7390625
190 7955.53359375 114604.27265625
200 8123.55703125 122727.8296875
