10 0.1 1.9410133602218302 0 1.9410133602218302 1.9410133602218302 0 0
20 0.1 20.602626834921452 0.0 20.602626834921452 1.9410133602218302 1.9410133602218302 1
30 0.1 42.849645762267116 0.0 42.849645762267116 1.9410133602218302 11.271820097571641 2
40 0.1 64.23824130879345 0.0 64.23824130879345 1.9410133602218302 21.797761985803465 3
50 0.1 43.438032627221816 0.0 64.23824130879345 1.9410133602218302 32.40788181655096 4
60 0.1 11.085743277524099 0.0 64.23824130879345 1.9410133602218302 34.61391197868513 5
70 0.1 20.040691759918616 0.0 64.23824130879345 1.9410133602218302 30.692550528491626 6
80 0.1 9.035065267468646 0.0 64.23824130879345 1.9410133602218302 29.170856418695482 7
90 0.1 8.621566632756867 0.0 64.23824130879345 1.9410133602218302 26.653882524792127 8
100 0.1 4.603255340793489 0.0 64.23824130879345 1.9410133602218302 24.650291870121542 9
110 0.1 13.945836497089346 0.0 64.23824130879345 1.9410133602218302 22.645588217188738 10
120 0.1 2.5917372337695666 0.0 64.23824130879345 1.9410133602218302 21.854701697179703 11
130 0.1 12.893323100537222 0.0 64.23824130879345 1.9410133602218302 20.249454658562193 12
140 0.1 8.526933877967831 0.0 64.23824130879345 1.9410133602218302 19.683598384867967 13
150 0.1 11.842105263157894 0.0 64.23824130879345 1.9410133602218302 18.886693777232242 14
160 0.1 10.58348067693862 0.0 64.23824130879345 1.9410133602218302 18.41705454296062 15
170 0.1 8.629961587708067 0.0 64.23824130879345 1.9410133602218302 17.927456176334246 16
180 0.1 8.549422336328627 0.0 64.23824130879345 1.9410133602218302 17.38054472994447 17
190 0.1 10.431654676258994 0.0 64.23824130879345 1.9410133602218302 16.889926819188034 18
200 0.1 10.002558199027884 0.0 64.23824130879345 1.9410133602218302 16.55001775903387 19
