20 0.1 3742 0 3742 3742 0 0
30 0.1 7429.0 0.0 7429 3742 3742.0 1
40 0.1 11548.0 0.0 11548 3742 5585.5 2
50 0.1 13356.0 0.0 13356 3742 7573.0 3
60 0.1 9737.0 0.0 13356 3742 9018.75 4
70 0.1 12206.0 0.0 13356 3742 9162.4 5
80 0.1 10140.0 0.0 13356 3742 9669.666666666666 6
90 0.1 11978.0 0.0 13356 3742 9736.857142857143 7
100 0.1 12098.0 0.0 13356 3742 10017.0 8
110 0.1 8614.0 0.0 13356 3742 10248.222222222223 9
120 0.1 13665.0 0.0 13665 3742 10084.8 10
130 0.1 16027.0 0.0 16027 3742 10410.272727272728 11
140 0.1 13852.0 0.0 16027 3742 10878.333333333334 12
150 0.1 16421.0 0.0 16421 3742 11107.076923076924 13
160 0.1 15493.0 0.0 16421 3742 11486.642857142857 14
170 0.1 16537.0 0.0 16537 3742 11753.733333333334 15
180 0.1 17846.0 0.0 17846 3742 12052.6875 16
190 0.1 16815.0 0.0 17846 3742 12393.470588235294 17
200 0.1 19888.0 0.0 19888 3742 12639.111111111111 18
