20 0.1 2508 0 2508 2508 0 0
30 0.1 4971.0 0.0 4971 2508 2508.0 1
40 0.1 7662.0 0.0 7662 2508 3739.5 2
50 0.1 8951.0 0.0 8951 2508 5047.0 3
60 0.1 6759.0 0.0 8951 2508 6023.0 4
70 0.1 8669.0 0.0 8951 2508 6170.2 5
80 0.1 7.2e3 0.0 8951 2508 6586.666666666667 6
90 0.1 8359.0 0.0 8951 2508 6674.285714285715 7
100 0.1 8592.0 0.0 8951 2508 6884.875 8
110 0.1 6371.0 0.0 8951 2508 7074.555555555556 9
120 0.1 9651.0 0.0 9651 2508 7004.2 10
130 0.1 11480.0 0.0 11480 2508 7244.818181818182 11
140 0.1 10067.0 0.0 11480 2508 7597.75 12
150 0.1 11635.0 0.0 11635 2508 7787.692307692308 13
160 0.1 11818.0 0.0 11818 2508 8062.5 14
170 0.1 11929.0 0.0 11929 2508 8312.866666666667 15
180 0.1 12859.0 0.0 12859 2508 8538.875 16
190 0.1 12384.0 0.0 12859 2508 8793.0 17
200 0.1 14605.0 0.0 14605 2508 8992.5 18
