10 0.1 4.578125 0 4.578125 4.578125 0 0
20 0.1 3.9609375 0.0 4.578125 3.9609375 4.578125 1
30 0.1 3.5 0.0 4.578125 3.5 4.26953125 2
40 0.1 3.5 0.0 4.578125 3.5 4.013020833333333 3
50 0.1 3.26953125 0.0 4.578125 3.26953125 3.884765625 4
60 0.1 3.23046875 0.0 4.578125 3.23046875 3.76171875 5
70 0.1 3.51171875 0.0 4.578125 3.23046875 3.6731770833333335 6
80 0.1 3.44140625 0.0 4.578125 3.23046875 3.650111607142857 7
100 0.1 3.25 0.0 4.578125 3.23046875 3.6240234375 8
110 0.1 3.2109375 0.0 4.578125 3.2109375 3.5824652777777777 9
120 0.1 3.16015625 0.0 4.578125 3.16015625 3.5453125 10
130 0.1 3.19921875 0.0 4.578125 3.16015625 3.5102982954545454 11
140 0.1 3.328125 0.0 4.578125 3.16015625 3.484375 12
150 0.1 3.0390625 0.0 4.578125 3.0390625 3.472355769230769 13
160 0.1 3.1796875 0.0 4.578125 3.0390625 3.44140625 14
180 0.1 3.05859375 0.0 4.578125 3.0390625 3.423958333333333 15
190 0.1 3.12109375 0.0 4.578125 3.0390625 3.401123046875 16
200 0.1 2.9296875 0.0 4.578125 2.9296875 3.3846507352941178 17
