10 56.9 23.90513785149386 3.619565388026003 55.464111328125 18.10302734375 0 0
20 151.7 31.837587259754123 98.74418938793038 2363.260986328125 17.046875 23.90513785149386 569
30 241.7 156.95994821026844 321.33997056444485 11223.43603515625 16.267822265625 29.67384626584229 2086
40 283.5 884.402665223351 488.31747192224253 11223.43603515625 16.267822265625 97.99507842211099 4503
50 243.3 3469.1678433181114 1225.2019023631947 16672.462158203125 16.267822265625 401.8197593408239 7338
60 234.6 7575.108502920532 2275.6757657441794 21667.5068359375 16.267822265625 1165.5960246480329 9771
70 363 11028.523360760502 3879.9770079417817 24133.04296875 16.267822265625 2406.5563509686804 12117
80 248.7 11651.173791705143 5727.916779385358 32061.126220703125 16.267822265625 4394.09304021389 15747
90 294.4 13490.01074384608 5997.771920546588 40218.507080078125 16.267822265625 5383.912050247824 18234
100 326.5 14663.349583128953 7203.084254529275 51536.11181640625 16.267822265625 6510.758520828297 21178
110 295.5 14310.896406051714 8305.837698570738 58306.375 16.267822265625 7599.749635601918 24443
120 310.3 15282.459796498604 9690.216463099701 66880.55908203125 16.267822265625 8323.577605040533 27398
130 319.4 17012.75194395258 10674.985031536644 74872.27905273438 16.267822265625 9031.535096273423 30501
140 295.9 17737.00914343361 11600.474355809101 90240.7080078125 16.267822265625 9788.086709613302 33695
150 312.6 17928.746013072712 11708.465229139822 90240.7080078125 16.267822265625 10429.78642810717 36654
160 307.9 18729.40240107828 12175.23218045546 90240.7080078125 16.267822265625 11019.071185839757 39780
170 310.7 19578.134479681128 12796.075752338886 110734.06909179688 16.267822265625 11572.983078597857 42859
180 315.1 19394.577936645277 13247.842322754655 116256.31591796875 16.267822265625 12114.078788539244 45966
190 319.9 19695.65872216231 14056.124073015866 116256.31591796875 16.267822265625 12581.14422037918 49117
200 350.5 19565.571350219554 14182.995218327898 120141.01293945313 16.267822265625 13016.180000851773 52316
