10 86.9 1.2024128061169443 0.9493205901825957 19.14990234375 0.51806640625 0 0
20 182.6 1.2426217654709704 1.9411008074906626 66.925048828125 0.513916015625 1.2024128061169443 869
30 180.6 521.5452916006974 899.2248691334065 3011.9521484375 0.49609375 1.229656427556815 2695
40 129.6 1923.997359475973 2316.466087888404 15037.8701171875 0.360107421875 210.00327054057433 4501
50 151.4 4124.15762599204 4438.663835385529 15056.6640625 0.360107421875 593.1904948393973 5797
60 144.1 5081.827466277759 7174.008547818282 31088.57080078125 0.360107421875 1324.4015790365115 7311
70 153 7867.983573325163 9691.08127096759 31088.57080078125 0.360107421875 1943.054538761676 8752
80 143.3 5515.469360607123 8518.355496902057 31092.128173828125 0.360107421875 2824.706106830353 10282
90 148.6 6894.465783182095 9088.04875178972 31092.128173828125 0.360107421875 3153.8451373606226 11715
100 148.8 5187.186277820218 7693.154376518436 31092.128173828125 0.360107421875 3574.916441026308 13201
110 145.8 6542.74456075451 8741.635348584741 31099.875 0.360107421875 3738.2398474630522 14689
120 153 8000.491371144814 10311.935567959717 31099.875 0.360107421875 3991.4737529550284 16147
130 158.3 6901.6340742273915 8866.503873741474 31099.875 0.360107421875 4338.466848832743 17677
140 147 8516.72688602785 10915.655969591016 31099.875 0.360107421875 4549.136304585584 19260
150 155.8 9591.273933146194 11568.67351571501 31104.093994140625 0.360107421875 4830.484985469334 20730
160 152.4 7972.265278012729 10157.745773419216 31104.093994140625 0.360107421875 5163.278828814657 22288
170 139.6 7783.729732480642 9416.85512515421 31164.64013671875 0.360107421875 5343.057736448533 23812
180 160.6 6927.34739417128 8822.665240276556 31164.64013671875 0.360107421875 5478.220308110737 25208
190 158.9 6871.061316478773 9083.726952230725 31164.64013671875 0.360107421875 5565.014449238999 26814
200 169.4 8776.809164900724 10480.047011026925 31164.64013671875 0.360107421875 5638.080972917624 28403
200 4.1 5935.826296922638 6698.060747265298 31164.64013671875 0.360107421875 5814.7432833545245 30097
