10 477.3 0.9014913805520635 0.21766733582845482 2.464111328125 0.35595703125 0 0
20 1201 1.148158537319159 15.804249243853675 1002.566162109375 0.35595703125 0.9014913805520635 4773
30 1449.9 0.9144950459945511 0.32486978673379546 1002.566162109375 0.321044921875 1.078007650156593 16783
40 1106.6 291.1847924350212 683.978605346249 7017.01806640625 0.321044921875 1.002220640127009 31282
50 723.8 1174.9619326142285 2247.922077839425 15039.14404296875 0.321044921875 76.8301308007556 42348
60 134.9 1278.4147129384032 3074.532598108205 15043.261962890625 0.321044921875 237.12291468180905 49586
70 298 2989.7978600009264 5403.1131521388925 31081.0478515625 0.321044921875 264.7012524819101 50935
80 174.1 3233.6215002770928 5501.654681173307 31089.179931640625 0.321044921875 415.32330368114356 53915
90 1.7 7425.259779986213 10141.927002649421 31089.179931640625 0.321044921875 503.48373849991503 55656
100 1409.5 3423.3025080058064 7616.899896497035 31097.350830078125 0.321044921875 505.5973338280861 55673
110 572.6 2571.3224512247325 6100.159379768955 31097.350830078125 0.321044921875 1095.0517316900712 69768
120 472.2 3387.6461473761387 5943.716259754087 31097.350830078125 0.321044921875 1207.0225656643668 75494
130 752.2 2810.7486557010834 5908.582681071845 31104.31591796875 0.321044921875 1335.3872878250702 80216
140 470.9 3130.005366064727 6804.359129995914 31104.31591796875 0.321044921875 1461.873738498249 87738
150 448.1 5312.954799441821 9126.021804366392 31104.31591796875 0.321044921875 1546.843849309963 92447
160 524.2 4493.858601825919 8107.456055852929 31104.31591796875 0.321044921875 1720.9518796782863 96928
170 439.9 4394.333630013133 7910.500832281804 31104.31591796875 0.321044921875 1863.2204226703377 102170
180 311.7 7320.089214326173 10837.413476451944 31104.31591796875 0.321044921875 1967.7007781123607 106569
190 1.7 6190.751263786765 7794.943165238159 31104.31591796875 0.321044921875 2119.8021835394748 109686
200 1.7 3713.977898092831 4820.947062840537 31104.31591796875 0.321044921875 2120.4330335104346 109703
200 0 0 0 31104.31591796875 0.321044921875 2120.679937107754 109720
