10 47.6 28.655813008797274 12.426672785256542 88.64697265625 18.3701171875 0 0
20 99.3 468.0598808357726 580.4783004962247 2305.1728515625 18.3701171875 28.655813008797274 476
30 75.4 5414.217049434272 1769.6927753830992 8485.260009765625 18.3701171875 325.67980167604475 1469
40 47.5 11237.99877929689 1689.1585122477743 15206.677001953125 18.3701171875 2051.6164120267886 2223
50 25.9 19060.20149990952 2349.817919848467 26397.837158203125 18.3701171875 3668.937251334905 2698
60 3.5 26176.998835100447 1199.613908618707 29713.8310546875 18.3701171875 5017.03919262027 2957
70 10.4 36492.172527606665 2175.7658239526027 41910.253173828125 18.3701171875 5264.565458491528 2992
80 3.8 46472.061741879115 1865.7991263092392 52524.73095703125 18.3701171875 6313.554843242166 3096
90 0.4 61745.51647949219 1670.8566332967687 63641.534912109375 18.3701171875 6800.479942842741 3134
100 22.6 65160.525961006635 3490.487736629602 75317.04907226563 18.3701171875 6870.518230333691 3138
110 9 72244.4339138455 5574.588214849647 85087.52294921875 18.3701171875 10786.553232453813 3364
120 5 79391.91111816403 6748.265442125733 91169.70483398438 18.3701171875 12387.94560689656 3454
130 8.4 88426.13144938152 10779.51399789446 103816.48413085938 18.3701171875 13344.052420698894 3504
140 5.5 98549.83277698864 15759.660615170727 114701.02514648438 18.3701171875 15101.826846119557 3588
150 6.8 105873.35259291704 17456.829552047126 125892.06298828125 18.3701171875 16361.678706179342 3643
160 7.7 116403.3973943537 17738.22834336049 134570.26318359375 18.3701171875 18001.88183856904 3711
170 6.3 124831.5085642981 19240.102496404914 145569.90893554688 18.3701171875 20002.123839043015 3788
180 6 132094.69263916014 21425.00939552488 153534.326171875 18.3701171875 21717.0683307831 3851
190 1.3 140755.36249248797 24597.306123615246 159171.48413085938 18.3701171875 23410.409537252704 3911
200 0.9 159944.0250922309 15753.664875295945 169426.09008789063 18.3701171875 23799.16702665588 3924
200 0 0 0 169426.09008789063 18.3701171875 24110.711324288775 3933
