10 477.2 2.741912867377413 1.376389991207437 11.14501953125 1.2529296875 0 0
20 1157.8 77.36650758375264 98.0663818059765 1344.97412109375 1.2529296875 2.741912867377413 4772
30 1286.3 827.9276926568075 294.86943192894734 1395.7919921875 1.2529296875 55.58616715644116 16350
40 1042.2 1864.885691471279 647.2228996849086 7877.3701171875 1.2529296875 395.6617856314766 29213
50 664.8 4284.926953550999 2166.3517189752974 18718.6669921875 1.2529296875 781.9933498212689 39635
60 117 7288.530695988582 3022.3618937785905 22067.843994140625 1.2529296875 1285.1479119195608 46283
70 228.6 13856.386673467581 4315.090567148203 34561.75390625 1.2529296875 1433.1671700773327 47453
80 133.7 13975.74765354747 6332.693663213131 41477.4580078125 1.2529296875 2004.1372294824296 49739
90 30.8 34143.6102096756 5910.436677705419 58564.071044921875 1.2529296875 2317.514219398926 51076
100 1200.7 9295.552169945933 12021.585919781743 63805.669921875 1.2529296875 2508.282504565616 51384
110 492.1 9754.740087821181 12115.199246516482 63805.669921875 1.2529296875 3793.871103455387 63391
120 452.1 13006.625642401443 11748.99626619831 71270.43212890625 1.2529296875 4223.2749603482325 68312
130 625.1 15853.96436035075 16810.37603357635 87340.369140625 1.2529296875 4768.488372312076 72833
140 485.7 16313.330757315387 15058.224567643902 87340.369140625 1.2529296875 5644.712518804789 79084
150 439.6 17136.593131595604 18121.230014056484 117681.11401367188 1.2529296875 6262.020851853549 83941
160 581.1 27006.071097648834 28431.19523239539 127745.09204101563 1.2529296875 6803.182762963799 88337
170 425.7 28804.51789269187 32932.534583862594 127773.99584960938 1.2529296875 8050.144823898229 94148
180 477.9 26189.14719518745 17147.038903590874 127773.99584960938 1.2529296875 8947.97893958193 98405
190 141.9 30315.849302607745 14849.74324556143 127773.99584960938 1.2529296875 9746.509168043114 103184
200 80.8 52651.58035217889 15892.79104356285 127773.99584960938 1.2529296875 10025.54412546257 104603
200 0 0 0 127773.99584960938 1.2529296875 10352.282675245675 105411
