10 0.1 1017.94140625 0 1017.94140625 1017.94140625 0 0
20 0.1 1045.11328125 0.0 1045.11328125 1017.94140625 1017.94140625 1
30 0.1 1058.62109375 0.0 1058.62109375 1017.94140625 1031.52734375 2
40 0.1 1066.390625 0.0 1066.390625 1017.94140625 1040.55859375 3
50 0.1 1068.07421875 0.0 1068.07421875 1017.94140625 1047.0166015625 4
60 0.1 1054.89453125 0.0 1068.07421875 1017.94140625 1051.228125 5
70 0.1 1052.10546875 0.0 1068.07421875 1017.94140625 1051.8391927083333 6
90 0.2 1047.947265625 0.650390625 1068.07421875 1017.94140625 1051.877232142857 7
110 0.1 1046.24609375 0.0 1068.07421875 1017.94140625 1051.00390625 9
120 0.1 1037.34375 0.0 1068.07421875 1017.94140625 1050.528125 10
130 0.1 1035.84765625 0.0 1068.07421875 1017.94140625 1049.3295454545455 11
140 0.1 1033.85546875 0.0 1068.07421875 1017.94140625 1048.2060546875 12
150 0.1 1030.07421875 0.0 1068.07421875 1017.94140625 1047.1021634615386 13
160 0.1 1026.7890625 0.0 1068.07421875 1017.94140625 1045.8858816964287 14
170 0.1 1021.15234375 0.0 1068.07421875 1017.94140625 1044.6127604166668 15
190 0.1 1014.8203125 0.0 1068.07421875 1014.8203125 1043.146484375 16
200 0.1 1010.9375 0.0 1068.07421875 1010.9375 1041.4802389705883 17
