10 0.1 2.6401810409856674 0 2.6401810409856674 2.6401810409856674 0 0
20 0.1 18.075 0.0 18.075 2.6401810409856674 2.6401810409856674 1
30 0.1 32.73809523809524 0.0 32.73809523809524 2.6401810409856674 10.357590520492833 2
40 0.1 45.57721139430285 0.0 45.57721139430285 2.6401810409856674 17.817758759693636 3
50 0.1 56.54463390170511 0.0 56.54463390170511 2.6401810409856674 24.75762191834594 4
60 0.1 67.69578313253012 0.0 67.69578313253012 2.6401810409856674 31.115024315017774 5
70 0.1 73.99249061326658 0.0 73.99249061326658 2.6401810409856674 37.21181745126983 6
80 0.1 85.97809748765299 0.0 85.97809748765299 2.6401810409856674 42.466199331555075 7
90 0.1 89.29811029695334 0.0 89.29811029695334 2.6401810409856674 47.905186601067314 8
100 0.1 89.58234456573328 0.0 89.58234456573328 2.6401810409856674 52.50440034505465 9
110 0.1 86.02825745682888 0.0 89.58234456573328 2.6401810409856674 56.21219476712251 10
130 0.1 90.6807804068078 0.0 90.6807804068078 2.6401810409856674 58.92274592073218 11
140 0.1 90.05640275746815 0.0 90.6807804068078 2.6401810409856674 61.56924879457182 12
150 0.1 90.28776978417267 0.0 90.6807804068078 2.6401810409856674 63.76056833017923 13
160 0.1 91.60151887424615 0.0 91.60151887424615 2.6401810409856674 65.6553684340359 14
170 0.1 87.10261569416498 0.0 91.60151887424615 2.6401810409856674 67.38511179671659 15
180 0.1 86.04766633565045 0.0 91.60151887424615 2.6401810409856674 68.6174557903071 16
190 0.1 87.3342803030303 0.0 91.60151887424615 2.6401810409856674 69.64276229297437 17
200 0.1 89.05347727843335 0.0 91.60151887424615 2.6401810409856674 70.62562440464414 18
