10 0.1 1190.3125 0 1190.3125 1190.3125 0 0
20 0.1 1192.19921875 0.0 1192.19921875 1190.3125 1190.3125 1
30 0.1 1192.5390625 0.0 1192.5390625 1190.3125 1191.255859375 2
40 0.1 1192.703125 0.0 1192.703125 1190.3125 1191.68359375 3
50 0.1 1192.546875 0.0 1192.703125 1190.3125 1191.9384765625 4
60 0.1 1193.0625 0.0 1193.0625 1190.3125 1192.06015625 5
70 0.1 1192.70703125 0.0 1193.0625 1190.3125 1192.2272135416667 6
80 0.1 1152.9765625 0.0 1193.0625 1152.9765625 1192.2957589285713 7
90 0.1 1099.9453125 0.0 1193.0625 1099.9453125 1187.380859375 8
100 0.1 1098.9296875 0.0 1193.0625 1098.9296875 1177.665798611111 9
110 0.1 1099.24609375 0.0 1193.0625 1098.9296875 1169.7921875 10
130 0.1 1092.0078125 0.0 1193.0625 1092.0078125 1163.37890625 11
140 0.1 1090.0234375 0.0 1193.0625 1090.0234375 1157.4313151041667 12
150 0.1 1090.171875 0.0 1193.0625 1090.0234375 1152.24609375 13
160 0.1 1086.9765625 0.0 1193.0625 1086.9765625 1147.812220982143 14
170 0.1 1089.89453125 0.0 1193.0625 1086.9765625 1143.7565104166667 15
180 0.1 1088.890625 0.0 1193.0625 1086.9765625 1140.39013671875 16
190 0.1 1080.34375 0.0 1193.0625 1080.34375 1137.3607536764705 17
200 0.1 1081.53125 0.0 1193.0625 1080.34375 1134.193142361111 18
