10 0.1 2.3203125 0 2.3203125 2.3203125 0 0
20 0.1 1.96875 0.0 2.3203125 1.96875 2.3203125 1
30 0.1 1.73828125 0.0 2.3203125 1.73828125 2.14453125 2
40 0.1 1.55859375 0.0 2.3203125 1.55859375 2.0091145833333335 3
50 0.1 1.69921875 0.0 2.3203125 1.55859375 1.896484375 4
60 0.1 1.51953125 0.0 2.3203125 1.51953125 1.85703125 5
70 0.1 1.6015625 0.0 2.3203125 1.51953125 1.80078125 6
80 0.1 1.890625 0.0 2.3203125 1.51953125 1.7723214285714286 7
90 0.1 3.23828125 0.0 3.23828125 1.51953125 1.787109375 8
100 0.1 3.2109375 0.0 3.23828125 1.51953125 1.9483506944444444 9
110 0.1 3.1796875 0.0 3.23828125 1.51953125 2.074609375 10
130 0.1 3.1484375 0.0 3.23828125 1.51953125 2.175071022727273 11
140 0.1 3.26171875 0.0 3.26171875 1.51953125 2.2561848958333335 12
150 0.1 3.30078125 0.0 3.30078125 1.51953125 2.3335336538461537 13
160 0.1 3.3984375 0.0 3.3984375 1.51953125 2.402622767857143 14
170 0.1 3.30859375 0.0 3.3984375 1.51953125 2.469010416666667 15
180 0.1 3.26171875 0.0 3.3984375 1.51953125 2.521484375 16
190 0.1 3.30078125 0.0 3.3984375 1.51953125 2.5650275735294117 17
200 0.1 3.3984375 0.0 3.3984375 1.51953125 2.6059027777777777 18
