10 0.1 4.689092762487258 0 4.689092762487258 4.689092762487258 0 0
20 0.1 61.87433439829606 0.0 61.87433439829606 4.689092762487258 4.689092762487258 1
30 0.1 100.0 0.0 100.0 4.689092762487258 33.28171358039166 2
40 0.1 100.0 0.0 100.0 4.689092762487258 55.52114238692777 3
50 0.1 100.0 0.0 100.0 4.689092762487258 66.64085679019583 4
60 0.1 100.0 0.0 100.0 4.689092762487258 73.31268543215666 5
70 0.1 100.0 0.0 100.0 4.689092762487258 77.76057119346387 6
80 0.1 100.0 0.0 100.0 4.689092762487258 80.93763245154047 7
90 0.1 100.0 0.0 100.0 4.689092762487258 83.3204283950979 8
100 0.1 100.0 0.0 100.0 4.689092762487258 85.17371412897592 9
110 0.1 100.0 0.0 100.0 4.689092762487258 86.65634271607833 10
120 0.1 100.0 0.0 100.0 4.689092762487258 87.86940246916211 11
130 0.1 100.0 0.0 100.0 4.689092762487258 88.88028559673194 12
140 0.1 100.0 0.0 100.0 4.689092762487258 89.73564824313718 13
150 0.1 100.0 0.0 100.0 4.689092762487258 90.46881622577023 14
160 0.1 100.0 0.0 100.0 4.689092762487258 91.10422847738555 15
170 0.1 100.0 0.0 100.0 4.689092762487258 91.66021419754895 16
180 0.1 100.0 0.0 100.0 4.689092762487258 92.15078983298724 17
190 0.1 100.0 0.0 100.0 4.689092762487258 92.58685706448796 18
200 0.1 100.0 0.0 100.0 4.689092762487258 92.97702248214648 19
