20 0.1 2681 0 2681 2681 0 0
30 0.1 4782.0 0.0 4782 2681 2681.0 1
40 0.1 6231.0 0.0 6231 2681 3731.5 2
50 0.1 6322.0 0.0 6322 2681 4564.666666666667 3
60 0.1 5667.0 0.0 6322 2681 5004.0 4
70 0.1 8523.0 0.0 8523 2681 5136.6 5
80 0.1 8271.0 0.0 8523 2681 5701.0 6
90 0.1 8405.0 0.0 8523 2681 6068.142857142857 7
100 0.1 8816.0 0.0 8816 2681 6360.25 8
110 0.1 9609.0 0.0 9609 2681 6633.111111111111 9
120 0.1 10958.0 0.0 10958 2681 6930.7 10
130 0.1 10241.0 0.0 10958 2681 7296.818181818182 11
140 0.1 11465.0 0.0 11465 2681 7542.166666666667 12
150 0.1 13029.0 0.0 13029 2681 7843.923076923077 13
160 0.1 12154.0 0.0 13029 2681 8214.285714285714 14
170 0.1 13567.0 0.0 13567 2681 8476.933333333332 15
180 0.1 13106.0 0.0 13567 2681 8795.0625 16
190 0.1 13465.0 0.0 13567 2681 9048.64705882353 17
200 0.1 12693.0 0.0 13567 2681 9294.0 18
