10 55.4 64.39650420591721 91.28767249053675 1162.967041015625 21.1708984375 0 0
20 108.9 763.139820165433 622.7376598672486 3078.47412109375 21.1708984375 64.39650420591721 554
30 65.5 5117.5345896946565 2012.526301322445 11022.083984375 21.1708984375 527.5319096106115 1643
40 47 12371.949819232044 2369.9569658122623 17729.52685546875 21.1708984375 1835.822490748579 2298
50 50.8 19946.678199587823 2157.2513249775943 26298.35498046875 21.1708984375 3624.8325501370286 2768
60 63.8 26338.527503321548 3104.4441603475398 34175.39306640625 21.1708984375 6155.814720442585 3276
70 64.2 32071.135148568315 4698.479671985043 46046.123046875 21.1708984375 9445.689721841864 3914
80 54.8 37518.09270571962 7220.3124740303465 55388.30908203125 21.1708984375 12633.9109606387 4556
90 51 42869.677195829536 10009.074950998212 64788.201171875 21.1708984375 15305.645207563532 5104
100 47.1 49661.30137786543 11197.591772859001 71558.94091796875 21.1708984375 17809.680888720577 5614
110 43.9 54158.27152497241 12614.530324461168 79610.4169921875 21.1708984375 20275.106238003602 6085
120 44.2 60075.0343188808 14605.485519881988 95780.85815429688 21.1708984375 22555.104637908462 6524
130 41.9 67610.03824151153 17322.542646835722 103688.94799804688 21.1708984375 24935.78349507036 6966
140 41.3 76063.61946102271 21732.087111985933 114234.54907226563 21.1708984375 27356.976824624708 7385
150 45.6 83668.59743084823 22327.740381044066 123126.11206054688 21.1708984375 29936.592547737346 7798
160 39.2 90741.77108702369 24209.81606581311 131164.6279296875 21.1708984375 32905.0677387597 8254
170 55.6 76719.71694177858 43441.06718587097 142604.39794921875 21.1708984375 35527.31938258569 8646
180 40.8 104665.7798701267 29329.69991532616 151308.13110351563 21.1708984375 38016.23190626655 9202
190 41.5 111230.4967861681 28984.88826500231 159210.03979492188 21.1708984375 40845.89013407664 9610
200 42.4 118767.57099309957 29044.404507730782 174674.81005859375 21.1708984375 43759.56711767943 10025
