10 506.15859375 506.15859375
20 1151.25 1657.40859375
30 1074.82734375 2732.2359375
40 1056.44921875 3788.68515625
50 1113.596875 4902.28203125
60 1110.1015625 6012.38359375
70 1149.70625 7162.08984375
80 1099.55546875 8261.6453125
90 1043.89921875 9305.54453125
100 1073.159375 10378.70390625
110 1088.16875 11466.87265625
120 1092.1921875 12559.06484375
130 1085.4921875 13644.55703125
140 1076.32109375 14720.878125
150 1052.0953125 15772.9734375
160 1083.340625 16856.3140625
170 1061.5828125 17917.896875
180 1047.584375 18965.48125
190 1071.4296875 20036.9109375
200 1043.67578125 21080.58671875
