20 0.1 3251 0 3251 3251 0 0
30 0.1 6065.0 0.0 6065 3251 3251.0 1
40 0.1 8537.0 0.0 8537 3251 4658.0 2
50 0.1 10890.0 0.0 10890 3251 5951.0 3
60 0.1 13415.0 0.0 13415 3251 7185.75 4
70 0.1 15499.0 0.0 15499 3251 8431.6 5
80 0.1 17943.0 0.0 17943 3251 9609.5 6
90 0.1 21283.0 0.0 21283 3251 1.08e4 7
100 0.1 22337.0 0.0 22337 3251 12110.375 8
110 0.1 24110.0 0.0 24110 3251 13246.666666666666 9
120 0.1 25711.0 0.0 25711 3251 14333.0 10
130 0.1 26914.0 0.0 26914 3251 15367.363636363636 11
140 0.1 25364.0 0.0 26914 3251 16329.583333333334 12
150 0.1 22028.0 0.0 26914 3251 17024.53846153846 13
160 0.1 2.6e4 0.0 26914 3251 17381.928571428572 14
170 0.1 27001.0 0.0 27001 3251 17956.466666666667 15
180 0.1 25480.0 0.0 27001 3251 18521.75 16
190 0.1 24884.0 0.0 27001 3251 18931.058823529413 17
200 0.1 25051.0 0.0 27001 3251 19261.777777777777 18
