10 0.1 2.7890625 0 2.7890625 2.7890625 0 0
20 0.1 2.359375 0.0 2.7890625 2.359375 2.7890625 1
30 0.1 2.1484375 0.0 2.7890625 2.1484375 2.57421875 2
40 0.1 2.05078125 0.0 2.7890625 2.05078125 2.4322916666666665 3
50 0.1 2.58984375 0.0 2.7890625 2.05078125 2.3369140625 4
60 0.1 2.58984375 0.0 2.7890625 2.05078125 2.3875 5
70 0.1 3.08984375 0.0 3.08984375 2.05078125 2.4212239583333335 6
80 0.1 3.2890625 0.0 3.2890625 2.05078125 2.5167410714285716 7
90 0.1 4.078125 0.0 4.078125 2.05078125 2.61328125 8
100 0.1 3.83984375 0.0 4.078125 2.05078125 2.7760416666666665 9
110 0.1 3.62109375 0.0 4.078125 2.05078125 2.882421875 10
120 0.1 3.609375 0.0 4.078125 2.05078125 2.9495738636363638 11
130 0.1 3.53125 0.0 4.078125 2.05078125 3.0045572916666665 12
140 0.1 3.75 0.0 4.078125 2.05078125 3.0450721153846154 13
150 0.1 4.171875 0.0 4.171875 2.05078125 3.095424107142857 14
160 0.1 4.51953125 0.0 4.51953125 2.05078125 3.1671875 15
170 0.1 4.76171875 0.0 4.76171875 2.05078125 3.251708984375 16
180 0.1 4.640625 0.0 4.76171875 2.05078125 3.340533088235294 17
190 0.1 4.30859375 0.0 4.76171875 2.05078125 3.4127604166666665 18
200 0.1 4.66015625 0.0 4.76171875 2.05078125 3.459909539473684 19
