10 480.5 2.068597266031487 0.4639606669437964 7.315185546875 1.139892578125 0 0
20 1461.6 2.8645837342210605 18.995528472382375 1003.06787109375 1.031005859375 2.068597266031487 4805
30 2347.8 8.857082503101296 45.10209818518823 1030.362060546875 1.031005859375 2.667646656848582 19421
40 2766.4 105.20658067004906 333.12329278510117 3513.35205078125 1.031005859375 6.055035052809355 42899
50 2754 385.1650803199625 939.5356491824134 15278.22705078125 1.031005859375 44.92708354784669 70563
60 2749.2 835.5580223213368 1972.0766656424537 15293.0830078125 1.031005859375 140.44051770484566 98103
70 2711.5 1016.965444111749 2786.152057670385 31327.29296875 1.031005859375 292.5976134245525 125595
80 2727.7 1237.7074796571303 3720.998982391531 32836.450927734375 1.031005859375 421.2154755755795 152710
90 2732.1 1433.1426971257895 4137.656338824541 33535.25 1.031005859375 544.9547033827681 179987
100 2675.6 1338.8348379273395 3703.110102641429 33535.25 1.031005859375 662.0084792961583 207308
110 2590.4 1841.6900291419286 4908.462873984537 34853.5771484375 1.031005859375 739.376917208592 234064
120 2715.8 1442.264990349449 4296.843430585215 35855.214111328125 1.031005859375 849.214738984815 259968
130 2666.9 1618.3892118332485 4383.6329423253 35855.214111328125 1.031005859375 905.3087838520884 287126
140 2677.8 1440.92122242664 3777.5067977112562 35855.214111328125 1.031005859375 965.9124962561405 313795
150 2739.4 2005.3160725863943 4976.449419876454 35855.214111328125 1.031005859375 1003.2606820177647 340573
160 2725.2 1711.220909406448 4663.317743938396 35855.214111328125 1.031005859375 1077.860592795734 367967
170 2701.1 1677.728918446638 4442.725503388 35855.214111328125 1.031005859375 1121.5334307622163 395219
180 2615 1832.252146140806 4714.177389058746 36962.906005859375 1.031005859375 1157.1145034426129 422230
190 2679.9 2352.7697602679227 5651.619125035704 36962.906005859375 1.031005859375 1196.4892511043236 448380
200 2646.9 1738.2192644395025 4532.752466599714 36962.906005859375 1.031005859375 1261.7008058343838 475179
