20 0.1 2242 0 2242 2242 0 0
30 0.1 5005.0 0.0 5005 2242 2242.0 1
40 0.1 7283.0 0.0 7283 2242 3623.5 2
50 0.1 9316.0 0.0 9316 2242 4843.333333333333 3
60 0.1 10964.0 0.0 10964 2242 5961.5 4
70 0.1 9080.0 0.0 10964 2242 6962.0 5
80 0.1 9818.0 0.0 10964 2242 7315.0 6
90 0.1 11080.0 0.0 11080 2242 7672.571428571428 7
100 0.1 11772.0 0.0 11772 2242 8098.5 8
110 0.1 10647.0 0.0 11772 2242 8506.666666666666 9
120 0.1 10704.0 0.0 11772 2242 8720.7 10
130 0.1 12247.0 0.0 12247 2242 8901.0 11
140 0.1 13916.0 0.0 13916 2242 9179.833333333334 12
150 0.1 12966.0 0.0 13916 2242 9544.153846153846 13
160 0.1 12660.0 0.0 13916 2242 9788.57142857143 14
170 0.1 13422.0 0.0 13916 2242 9980.0 15
180 0.1 15379.0 0.0 15379 2242 10195.125 16
190 0.1 13083.0 0.0 15379 2242 10500.058823529413 17
200 0.1 14895.0 0.0 15379 2242 10643.555555555555 18
