10 497.9890625 497.9890625
20 1515.68515625 2013.67421875
30 2439.65859375 4453.3328125
40 2868.82578125 7322.15859375
50 2853.58203125 10175.740625
60 2851.44609375 13027.18671875
70 2811.63828125 15838.825
80 2832.11640625 18670.94140625
90 2830.30234375 21501.24375
100 2777.43359375 24278.67734375
110 2691.79296875 26970.4703125
120 2807.053125 29777.5234375
130 2768.5265625 32546.05
140 2773.7890625 35319.8390625
150 2841.325 38161.1640625
160 2822.70234375 40983.86640625
170 2799.91796875 43783.784375
180 2707.78125 46491.565625
190 2779.71875 49271.284375
200 2742.66484375 52013.94921875
