10 0.1 3.1568228105906315 0 3.1568228105906315 3.1568228105906315 0 0
20 0.1 50.879120879120876 0.0 50.879120879120876 3.1568228105906315 3.1568228105906315 1
30 0.1 93.06122448979592 0.0 93.06122448979592 3.1568228105906315 27.017971844855754 2
40 0.1 100.0 0.0 100.0 3.1568228105906315 49.03238939316915 3
50 0.1 100.0 0.0 100.0 3.1568228105906315 61.77429204487686 4
60 0.1 100.0 0.0 100.0 3.1568228105906315 69.41943363590148 5
70 0.1 100.0 0.0 100.0 3.1568228105906315 74.51619469658458 6
80 0.1 100.0 0.0 100.0 3.1568228105906315 78.15673831135821 7
90 0.1 100.0 0.0 100.0 3.1568228105906315 80.88714602243843 8
100 0.1 100.0 0.0 100.0 3.1568228105906315 83.01079646438971 9
110 0.1 100.0 0.0 100.0 3.1568228105906315 84.70971681795075 10
120 0.1 100.0 0.0 100.0 3.1568228105906315 86.0997425617734 11
130 0.1 100.0 0.0 100.0 3.1568228105906315 87.25809734829227 12
140 0.1 100.0 0.0 100.0 3.1568228105906315 88.23824370611594 13
150 0.1 100.0 0.0 100.0 3.1568228105906315 89.07836915567908 14
160 0.1 100.0 0.0 100.0 3.1568228105906315 89.80647787863381 15
170 0.1 100.0 0.0 100.0 3.1568228105906315 90.4435730112192 16
180 0.1 100.0 0.0 100.0 3.1568228105906315 91.00571577526513 17
190 0.1 100.0 0.0 100.0 3.1568228105906315 91.50539823219485 18
200 0.1 100.0 0.0 100.0 3.1568228105906315 91.95248253576354 19
