10 0.1 3144.05078125 0 3144.05078125 3144.05078125 0 0
20 0.1 3143.0546875 0.0 3144.05078125 3143.0546875 3144.05078125 1
30 0.1 3134.0078125 0.0 3144.05078125 3134.0078125 3143.552734375 2
40 0.1 3134.85546875 0.0 3144.05078125 3134.0078125 3140.37109375 3
50 0.1 3134.6328125 0.0 3144.05078125 3134.0078125 3138.9921875 4
60 0.1 3135.234375 0.0 3144.05078125 3134.0078125 3138.1203125 5
70 0.1 3136.18359375 0.0 3144.05078125 3134.0078125 3137.6393229166665 6
80 0.1 3134.87109375 0.0 3144.05078125 3134.0078125 3137.4313616071427 7
90 0.1 3134.9453125 0.0 3144.05078125 3134.0078125 3137.111328125 8
100 0.1 3133.8359375 0.0 3144.05078125 3133.8359375 3136.870659722222 9
110 0.1 3134.0234375 0.0 3144.05078125 3133.8359375 3136.5671875 10
120 0.1 3134.42578125 0.0 3144.05078125 3133.8359375 3136.3359375 11
130 0.1 3132.45703125 0.0 3144.05078125 3132.45703125 3136.1767578125 12
140 0.1 3132.16015625 0.0 3144.05078125 3132.16015625 3135.890625 13
150 0.1 3130.44140625 0.0 3144.05078125 3130.44140625 3135.6241629464284 14
160 0.1 3127.07421875 0.0 3144.05078125 3127.07421875 3135.2786458333335 15
170 0.1 3126.51171875 0.0 3144.05078125 3126.51171875 3134.765869140625 16
180 0.1 3126.68359375 0.0 3144.05078125 3126.51171875 3134.280330882353 17
190 0.1 3127.1015625 0.0 3144.05078125 3126.51171875 3133.8582899305557 18
200 0.1 3126.74609375 0.0 3144.05078125 3126.51171875 3133.5026726973683 19
