20 0.1 2587 0 2587 2587 0 0
30 0.1 4907.0 0.0 4907 2587 2587.0 1
40 0.1 6720.0 0.0 6720 2587 3747.0 2
50 0.1 7714.0 0.0 7714 2587 4738.0 3
60 0.1 7930.0 0.0 7930 2587 5482.0 4
70 0.1 8458.0 0.0 8458 2587 5971.6 5
80 0.1 9438.0 0.0 9438 2587 6386.0 6
90 0.1 8447.0 0.0 9438 2587 6822.0 7
100 0.1 9120.0 0.0 9438 2587 7025.125 8
110 0.1 11573.0 0.0 11573 2587 7257.888888888889 9
120 0.1 11542.0 0.0 11573 2587 7689.4 10
130 0.1 10369.0 0.0 11573 2587 8039.636363636364 11
140 0.1 11556.0 0.0 11573 2587 8233.75 12
150 0.1 12108.0 0.0 12108 2587 8489.307692307691 13
160 0.1 11129.0 0.0 12108 2587 8747.785714285714 14
170 0.1 13612.0 0.0 13612 2587 8906.533333333333 15
180 0.1 14674.0 0.0 14674 2587 9200.625 16
190 0.1 14999.0 0.0 14999 2587 9522.588235294117 17
200 0.1 14387.0 0.0 14999 2587 9826.833333333334 18
