10 0.1 0.671875 0 0.671875 0.671875 0 0
20 0.1 0.640625 0.0 0.671875 0.640625 0.671875 1
30 0.1 1.01171875 0.0 1.01171875 0.640625 0.65625 2
40 0.1 1.30859375 0.0 1.30859375 0.640625 0.7747395833333334 3
50 0.1 1.98828125 0.0 1.98828125 0.640625 0.908203125 4
60 0.1 2.30078125 0.0 2.30078125 0.640625 1.12421875 5
70 0.1 2.44140625 0.0 2.44140625 0.640625 1.3203125 6
80 0.1 2.828125 0.0 2.828125 0.640625 1.48046875 7
100 0.1 2.94140625 0.0 2.94140625 0.640625 1.64892578125 8
110 0.1 2.94921875 0.0 2.94921875 0.640625 1.7925347222222223 9
120 0.1 2.890625 0.0 2.94921875 0.640625 1.908203125 10
130 0.1 2.98046875 0.0 2.98046875 0.640625 1.9975142045454546 11
140 0.1 2.98828125 0.0 2.98828125 0.640625 2.0794270833333335 12
150 0.1 3.12890625 0.0 3.12890625 0.640625 2.1493389423076925 13
160 0.1 3.1015625 0.0 3.12890625 0.640625 2.219308035714286 14
170 0.1 3.01171875 0.0 3.12890625 0.640625 2.278125 15
190 0.1 3.16015625 0.0 3.16015625 0.640625 2.323974609375 16
200 0.1 3.2890625 0.0 3.2890625 0.640625 2.3731617647058822 17
