10 0.1 1.890625 0 1.890625 1.890625 0 0
20 0.1 1.6015625 0.0 1.890625 1.6015625 1.890625 1
30 0.1 1.80859375 0.0 1.890625 1.6015625 1.74609375 2
40 0.1 1.6015625 0.0 1.890625 1.6015625 1.7669270833333333 3
50 0.1 1.3984375 0.0 1.890625 1.3984375 1.7255859375 4
60 0.1 1.26953125 0.0 1.890625 1.26953125 1.66015625 5
70 0.1 1.1484375 0.0 1.890625 1.1484375 1.5950520833333333 6
80 0.1 0.96875 0.0 1.890625 0.96875 1.53125 7
90 0.1 0.98046875 0.0 1.890625 0.96875 1.4609375 8
100 0.1 1.05859375 0.0 1.890625 0.96875 1.4075520833333333 9
110 0.1 1.19921875 0.0 1.890625 0.96875 1.37265625 10
120 0.1 1.1015625 0.0 1.890625 0.96875 1.3568892045454546 11
130 0.1 0.9296875 0.0 1.890625 0.9296875 1.3356119791666667 12
140 0.1 1.01171875 0.0 1.890625 0.9296875 1.3043870192307692 13
150 0.1 0.9296875 0.0 1.890625 0.9296875 1.2834821428571428 14
160 0.1 1.1015625 0.0 1.890625 0.9296875 1.2598958333333334 15
170 0.1 1.0 0.0 1.890625 0.9296875 1.25 16
180 0.1 0.921875 0.0 1.890625 0.921875 1.2352941176470589 17
190 0.1 0.8515625 0.0 1.890625 0.8515625 1.2178819444444444 18
200 0.1 0.87890625 0.0 1.890625 0.8515625 1.1986019736842106 19
