10 852 2.2404816676753283 0.7566920495138968 29.176025390625 1.14990234375 0 0
20 1681.9 13.739814898468621 154.78620647175023 7203.64794921875 1.12109375 2.2404816676753283 8520
30 1429.6 127.85573027556863 472.8646760502058 15195.60791015625 1.12109375 9.873272449028674 25339
40 329.1 1363.0157641698024 2267.5284139320793 28469.703125 1.12109375 52.4285195056255 39635
50 290.2 6184.494018386441 6403.330509622117 28469.703125 1.12109375 152.90707847198172 42926
60 104.7 14002.488801710233 8046.491720310808 40003.148193359375 1.12109375 534.8496746933259 45828
70 216.7 6643.152796655082 9322.271588934125 48643.306884765625 1.12109375 835.6628622343757 46875
80 605.5 4527.612524313242 8694.213707613415 52996.81982421875 1.12109375 1092.2761873004347 49042
90 682.9 5921.483457783437 10375.38929441121 63399.984130859375 1.12109375 1469.8096559214584 55097
100 466.3 5435.264104396059 9930.656344542205 91935.97387695313 1.12109375 1960.72591715124 61926
110 454.6 6464.85145659475 10547.50469110154 91935.97387695313 1.12109375 2204.0359468426695 66589
120 534.4 10022.085446569006 14116.195289769155 91935.97387695313 1.12109375 2476.330419427655 71135
130 395.1 6829.980892705664 11421.93166390886 120464.49487304688 1.12109375 3003.5929995482556 76479
140 800.1 7496.750820423567 12914.842558843602 120464.49487304688 1.12109375 3191.5584175000763 80430
150 624.2 7187.084341824716 12148.424666231194 120464.49487304688 1.12109375 3581.0806938035316 88431
160 438 11385.128075725957 15919.640886579291 120681.123046875 1.12109375 3818.8324791166433 94673
170 457 9342.225161816636 14650.220531082794 135070.7890625 1.12109375 4153.404624464576 99053
180 251.3 16681.705374532892 20681.780254869456 149828.86889648438 1.12109375 4382.242911868906 103623
190 698 25020.883725753854 25985.002746815306 157274.126953125 1.12109375 4673.459362165456 106136
200 667.1 11627.371874297309 19462.424297496702 157274.126953125 1.12109375 5929.029061039594 113116
