10 85.5 25.866511044864758 4.0278335287671 51.237060546875 19.30322265625 0 0
20 170.4 134.64114437192828 452.43633158112675 6930.7119140625 17.803955078125 25.866511044864758 855
30 114.8 609.8549190082613 1055.3526240283352 15328.14501953125 17.803955078125 98.29791987226461 2559
40 8.8 6685.18425958807 3651.441305815715 27065.81591796875 17.803955078125 256.71913244526814 3707
50 5 13179.432524414062 5319.359879182288 27065.81591796875 17.803955078125 405.7849904659708 3795
60 0.9 23403.586480034723 2892.109888958318 29517.718017578125 17.803955078125 571.8922405823309 3845
70 2.5 34925.086171875 5106.905701637163 43060.0771484375 17.803955078125 625.2096376127075 3854
80 9.5 31002.30099455181 16589.929701782068 58059.954833984375 17.803955078125 846.2709712957592 3879
90 8.3 32901.167680487575 17409.14397931844 61157.14794921875 17.803955078125 1567.1624791491374 3974
100 4.5 36795.652501085075 23643.073001169283 93600.548828125 17.803955078125 2208.2081857577373 4057
110 6.2 45290.11988486014 24530.15027931511 93600.548828125 17.803955078125 2587.6413876567453 4102
120 9.9 45169.11029237689 31300.677390843768 93600.548828125 17.803955078125 3223.461192370148 4164
130 4.3 78505.7055777616 23738.545099044615 120379.8408203125 17.803955078125 4197.568455072627 4263
140 7.9 79884.0284686511 26452.41135700495 120379.8408203125 17.803955078125 4939.614413334501 4306
150 6.7 82890.5057427705 30339.349077770912 120379.8408203125 17.803955078125 6289.810242381253 4385
160 4.8 93160.93676757811 34843.39725050489 128578.03002929688 17.803955078125 7442.605974305351 4452
170 4.7 97866.37215861869 33064.63207986844 146288.23999023438 17.803955078125 8356.934836100261 4500
180 2.6 110717.56159855769 32121.654145624274 150357.10888671875 17.803955078125 9282.147845591873 4547
190 3.8 121686.6771304482 31633.691670362154 161884.34692382813 17.803955078125 9858.863515300405 4573
200 5.2 125530.27732027494 27761.458145299217 171364.97192382813 17.803955078125 10780.454692349986 4611
