10 883.546875 883.546875
20 1747.9703125 2631.5171875
30 1545.6140625 4177.13125
40 460.78359375 4637.91484375
50 223.884375 4861.79921875
60 72.50078125 4934.3
70 271.4109375 5205.7109375
80 822.48984375 6028.20078125
90 899.025 6927.22578125
100 611.0390625 7538.26484375
110 562.84921875 8101.1140625
120 546.13203125 8647.24609375
130 626.39453125 9273.640625
140 1168.23359375 10441.87421875
150 860.23203125 11302.10625
160 575.915625 11878.021875
170 679.26171875 12557.28359375
180 674.88515625 13232.16875
190 844.87890625 14077.04765625
200 1035.7390625 15112.78671875
