10 0.1 3.55078125 0 3.55078125 3.55078125 0 0
20 0.1 3.078125 0.0 3.55078125 3.078125 3.55078125 1
30 0.1 3.828125 0.0 3.828125 3.078125 3.314453125 2
40 0.1 3.71875 0.0 3.828125 3.078125 3.4856770833333335 3
50 0.1 4.140625 0.0 4.140625 3.078125 3.5439453125 4
60 0.1 5.12890625 0.0 5.12890625 3.078125 3.66328125 5
70 0.1 5.41015625 0.0 5.41015625 3.078125 3.9075520833333335 6
80 0.1 5.5703125 0.0 5.5703125 3.078125 4.122209821428571 7
90 0.1 5.421875 0.0 5.5703125 3.078125 4.30322265625 8
100 0.1 5.26171875 0.0 5.5703125 3.078125 4.427517361111111 9
110 0.1 5.83984375 0.0 5.83984375 3.078125 4.5109375 10
120 0.1 5.3984375 0.0 5.83984375 3.078125 4.631747159090909 11
130 0.1 5.171875 0.0 5.83984375 3.078125 4.695638020833333 12
140 0.1 5.0703125 0.0 5.83984375 3.078125 4.732271634615385 13
150 0.1 5.6015625 0.0 5.83984375 3.078125 4.756417410714286 14
160 0.1 5.6015625 0.0 5.83984375 3.078125 4.812760416666666 15
170 0.1 5.4296875 0.0 5.83984375 3.078125 4.862060546875 16
180 0.1 5.12109375 0.0 5.83984375 3.078125 4.895450367647059 17
190 0.1 5.16015625 0.0 5.83984375 3.078125 4.907986111111111 18
200 0.1 5.421875 0.0 5.83984375 3.078125 4.921258223684211 19
