10 56.7 22.072872747189155 2.8753595227501525 40.30810546875 16.802001953125 0 0
20 155.8 33.69017222726455 72.56972836651514 1263.005126953125 16.781982421875 22.072872747189155 567
30 238.1 127.54261899625288 227.67634576820453 1673.78515625 15.650146484375 30.59040337775737 2125
40 287 749.7448875081664 604.6876300710102 5760.5361328125 15.650146484375 81.82059099152521 4506
50 251.2 2546.1349979084785 1578.6580376406039 11459.921875 15.650146484375 341.7097898801857 7376
60 234.4 5593.43003235905 3140.7488951955547 20459.931884765625 15.650146484375 901.7336695896387 9888
70 299.9 8909.738261223793 5387.416766634588 28208.304931640625 15.650146484375 1800.7964781517298 12232
80 259.2 10245.800579589084 7789.811707992303 39338.62890625 15.650146484375 3200.554629778879 15231
90 305.2 12383.606769926719 9301.238804874743 46255.034912109375 15.650146484375 4225.145187031197 17823
100 270.7 13690.775958542807 10391.193667495596 55748.074951171875 15.650146484375 5417.941582288544 20875
110 293.7 14039.772563597931 11075.889023393785 68089.18188476563 15.650146484375 6367.588035368022 23582
120 278.6 15172.002495036566 12876.134714145039 80697.39013671875 15.650146484375 7217.288475030575 26519
130 285.3 19198.63053470991 17740.286818186418 90678.71997070313 15.650146484375 7973.535984320344 29305
140 285.9 20948.9740191337 21931.68038071096 94157.5 15.650146484375 8969.40621108387 32158
150 277 22056.369123438242 22447.94510022243 111133.51904296875 15.650146484375 9947.490694712234 35017
160 345.5 23585.376403578906 22353.644595233804 111471.38793945313 15.650146484375 10835.139707535986 37787
170 275.5 26831.322491510495 26308.034498348316 120279.56689453125 15.650146484375 11903.275777193818 41242
180 280.3 24771.097555475535 25728.250589912703 126321.0 15.650146484375 12838.038799625856 43997
190 281.2 24200.763335356864 27175.88902899474 140420.79809570313 15.650146484375 13552.747425537109 46800
200 293.5 27314.503781143547 28993.061594583654 161260.29418945313 15.650146484375 14156.275215959045 49612
