10 0.1 3.751258811681772 0 3.751258811681772 3.751258811681772 0 0
20 0.1 19.844260236121578 0.0 19.844260236121578 3.751258811681772 3.751258811681772 1
30 0.1 33.64274962368289 0.0 33.64274962368289 3.751258811681772 11.797759523901675 2
40 0.1 48.50859453993933 0.0 48.50859453993933 3.751258811681772 19.07942289049541 3
50 0.1 60.67615658362989 0.0 60.67615658362989 3.751258811681772 26.43671580285639 4
60 0.1 71.72867628448493 0.0 71.72867628448493 3.751258811681772 33.284603959011086 5
70 0.1 73.38771348457813 0.0 73.38771348457813 3.751258811681772 39.691949346590064 6
80 0.1 89.85989076228924 0.0 89.85989076228924 3.751258811681772 44.505629937731214 7
90 0.1 90.93328264588482 0.0 90.93328264588482 3.751258811681772 50.17491254080097 8
100 0.1 91.39022051773729 0.0 91.39022051773729 3.751258811681772 54.70362033025473 9
120 0.1 91.86023426642844 0.0 91.86023426642844 3.751258811681772 58.372280349002985 10
130 0.1 90.05112910097998 0.0 91.86023426642844 3.751258811681772 61.41663979604166 11
140 0.1 88.47036328871893 0.0 91.86023426642844 3.751258811681772 63.80284723811985 12
150 0.1 88.38978890525281 0.0 91.86023426642844 3.751258811681772 65.70034847278131 13
160 0.1 89.46975354742345 0.0 91.86023426642844 3.751258811681772 67.32102278938642 14
170 0.1 92.34266570949988 0.0 92.34266570949988 3.751258811681772 68.79760483992223 15
190 0.1 91.21410292863236 0.0 92.34266570949988 3.751258811681772 70.26917114427083 16
200 0.1 90.39966166208501 0.0 92.34266570949988 3.751258811681772 71.50122595511563 17
