20 0.1 3504 0 3504 3504 0 0
30 0.1 5858.0 0.0 5858 3504 3504.0 1
40 0.1 8454.0 0.0 8454 3504 4681.0 2
50 0.1 10498.0 0.0 10498 3504 5938.666666666667 3
60 0.1 12449.0 0.0 12449 3504 7078.5 4
70 0.1 13088.0 0.0 13088 3504 8152.6 5
80 0.1 17629.0 0.0 17629 3504 8975.166666666666 6
90 0.1 18867.0 0.0 18867 3504 10211.42857142857 7
100 0.1 22966.0 0.0 22966 3504 11293.375 8
120 0.1 22141.0 0.0 22966 3504 12590.333333333334 9
130 0.1 17786.0 0.0 22966 3504 13545.4 10
140 0.1 20646.0 0.0 22966 3504 13930.90909090909 11
150 0.1 18268.0 0.0 22966 3504 14490.5 12
160 0.1 16570.0 0.0 22966 3504 14781.076923076924 13
170 0.1 20103.0 0.0 22966 3504 14908.857142857143 14
190 0.1 29830.0 0.0 29830 3504 15255.133333333333 15
200 0.1 21280.0 0.0 29830 3504 16166.0625 16
