10 0.1 3.9738430583501003 0 3.9738430583501003 3.9738430583501003 0 0
20 0.1 15.58343789209536 0.0 15.58343789209536 3.9738430583501003 3.9738430583501003 1
30 0.1 25.5005005005005 0.0 25.5005005005005 3.9738430583501003 9.77864047522273 2
40 0.1 35.77705247301029 0.0 35.77705247301029 3.9738430583501003 15.019260483648653 3
50 0.1 45.65661727133367 0.0 45.65661727133367 3.9738430583501003 20.208708480989063 4
60 0.1 54.54545454545454 0.0 54.54545454545454 3.9738430583501003 25.298290239057984 5
70 0.1 62.56410256410256 0.0 62.56410256410256 3.9738430583501003 30.17281762345741 6
80 0.1 71.10314819554645 0.0 71.10314819554645 3.9738430583501003 34.80014404354957 7
90 0.1 79.05077825976015 0.0 79.05077825976015 3.9738430583501003 39.33801956254918 8
100 0.1 84.37021927587965 0.0 84.37021927587965 3.9738430583501003 43.750548306683726 9
110 0.1 89.60468521229869 0.0 89.60468521229869 3.9738430583501003 47.81251540360332 10
120 0.1 90.77422345850718 0.0 90.77422345850718 3.9738430583501003 51.611803568030176 11
140 0.1 91.70765987350667 0.0 91.70765987350667 3.9738430583501003 54.87533855890326 12
150 0.1 86.80017226528854 0.0 91.70765987350667 3.9738430583501003 57.70859404464199 13
160 0.1 91.8607442977191 0.0 91.8607442977191 3.9738430583501003 59.786563917545315 14
170 0.1 91.29293371253556 0.0 91.8607442977191 3.9738430583501003 61.9248426095569 15
180 0.1 91.23573682932751 0.0 91.8607442977191 3.9738430583501003 63.76034830349306 16
190 0.1 91.8210484824596 0.0 91.8607442977191 3.9738430583501003 65.37654762854216 17
200 0.1 90.14189693801345 0.0 91.8607442977191 3.9738430583501003 66.8456865648709 18
