10 0.1 0.9609375 0 0.9609375 0.9609375 0 0
20 0.1 0.96875 0.0 0.96875 0.9609375 0.9609375 1
30 0.1 0.8984375 0.0 0.96875 0.8984375 0.96484375 2
40 0.1 0.828125 0.0 0.96875 0.828125 0.9427083333333334 3
50 0.1 0.94140625 0.0 0.96875 0.828125 0.9140625 4
60 0.1 1.109375 0.0 1.109375 0.828125 0.91953125 5
70 0.1 1.3203125 0.0 1.3203125 0.828125 0.951171875 6
80 0.1 1.51171875 0.0 1.51171875 0.828125 1.00390625 7
90 0.1 1.6796875 0.0 1.6796875 0.828125 1.0673828125 8
100 0.1 1.73046875 0.0 1.73046875 0.828125 1.1354166666666667 9
110 0.1 2.078125 0.0 2.078125 0.828125 1.194921875 10
120 0.1 2.21875 0.0 2.21875 0.828125 1.2752130681818181 11
140 0.1 2.3984375 0.0 2.3984375 0.828125 1.3538411458333333 12
150 0.1 2.76171875 0.0 2.76171875 0.828125 1.4341947115384615 13
160 0.1 3.03125 0.0 3.03125 0.828125 1.5290178571428572 14
170 0.1 3.1015625 0.0 3.1015625 0.828125 1.6291666666666667 15
180 0.1 3.16015625 0.0 3.16015625 0.828125 1.72119140625 16
190 0.1 3.28125 0.0 3.28125 0.828125 1.8058363970588236 17
200 0.1 3.1484375 0.0 3.28125 0.828125 1.8878038194444444 18
