20 0.1 7237 0 7237 7237 0 0
30 0.1 11329.0 0.0 11329 7237 7237.0 1
40 0.1 14266.0 0.0 14266 7237 9283.0 2
50 0.1 21277.0 0.0 21277 7237 10944.0 3
60 0.1 21413.0 0.0 21413 7237 13527.25 4
70 0.1 26304.0 0.0 26304 7237 15104.4 5
80 0.1 32499.0 0.0 32499 7237 16971.0 6
90 0.1 35422.0 0.0 35422 7237 19189.285714285714 7
100 0.1 37110.0 0.0 37110 7237 21218.375 8
110 0.1 39387.0 0.0 39387 7237 22984.11111111111 9
120 0.1 43195.0 0.0 43195 7237 24624.4 10
140 0.1 50618.0 0.0 50618 7237 26312.636363636364 11
150 0.1 57618.0 0.0 57618 7237 28338.083333333332 12
160 0.1 46517.0 0.0 57618 7237 30590.384615384617 13
170 0.1 44737.0 0.0 57618 7237 31728.0 14
180 0.1 49585.0 0.0 57618 7237 32595.266666666666 15
190 0.1 45995.0 0.0 57618 7237 33657.125 16
200 0.1 45782.0 0.0 57618 7237 34382.882352941175 17
