0 6 1.3080200195312497 0.8999812022923885 5.786865234375 0.69091796875 0 0
10 933.2 0.9755255302236261 0.5467682889586238 16.076171875 0.177001953125 1.3080200195312497 60
20 1842.2 0.996184159691875 0.5253012089520694 16.076171875 0.140869140625 0.9776496432302761 9392
30 2893.4 1.0430233428611229 0.574700258536439 16.076171875 0.140869140625 0.9899255784519477 27814
40 3885.9 1.0733269792310174 0.5411255661732687 16.076171875 0.140869140625 1.0169984394411469 56748
50 4631 1.1779479967289115 1.519580779492736 209.871826171875 0.140869140625 1.0398929003874644 95607
60 5846.3 1.3534082353636074 4.236258846069937 212.251953125 0.140869140625 1.0849426936579845 141917
70 6330.6 1.620135972591209 10.766946689610888 1000.47705078125 0.140869140625 1.1632703758854315 200380
80 7419.7 2.9871073171600995 21.924281400116094 1004.298095703125 0.140869140625 1.2729551276927171 263686
90 8387.6 7.1175485152794415 45.75427921314314 1462.18896484375 0.140869140625 1.6493722602560938 337883
100 8952.4 20.36980189146207 87.06896488033559 1600.495849609375 0.140869140625 2.736838684366399 421759
110 9135 81.23770470396269 206.86172214566784 6560.284912109375 0.140869140625 5.824313523451667 511283
120 9065.4 221.82068909554576 468.14877069094393 13268.43701171875 0.140869140625 17.255836995182694 602633
130 8952.3 357.6980725192679 806.8549001285095 26515.744873046875 0.140869140625 44.00467564686131 693287
140 8443.8 346.9081523960934 983.5245522729853 28008.717041015625 0.140869140625 79.87899249029518 782810
150 8945.4 226.744030899 696.8227085980271 37011.173828125 0.140869140625 105.87779353005057 867248
160 8930.2 390.3142203573003 876.2075144402386 37361.72509765625 0.140869140625 117.17908525683904 956702
170 9191.8 304.62283234158576 948.3756468961756 44821.879150390625 0.140869140625 140.49784296210728 1046004
180 8901.1 340.7937461951725 957.4504011347499 56234.553955078125 0.140869140625 153.75537798980065 1137922
190 9028.6 385.2132068888657 956.9619834527773 56234.553955078125 0.140869140625 167.3245559256198 1226933
200 8845.9 289.0686065708616 957.8972827348491 67660.17114257813 0.140869140625 182.25927425329925 1317219
