0 6.265625 6.265625
10 966.61171875 972.87734375
20 1912.61640625 2885.49375
30 2998.8609375 5884.3546875
40 4028.50390625 9912.85859375
50 4803.19765625 14716.05625
60 6060.10859375 20776.16484375
70 6553.60859375 27329.7734375
80 7683.54921875 35013.32265625
90 8700.74140625 43714.0640625
100 9286.3421875 53000.40625
110 9546.89140625 62547.29765625
120 9543.89609375 72091.19375
130 9219.71328125 81310.90703125
140 8577.89375 89888.80078125
150 9601.90625 99490.70703125
160 9145.503125 108636.21015625
170 9447.74609375 118083.95625
180 9337.33828125 127421.29453125
190 9214.68828125 136635.9828125
200 9158.590625 145794.5734375
