0 0.1 1373.109375 0 1373.109375 1373.109375 0 0
10 0.1 1372.5234375 0.0 1373.109375 1372.5234375 1373.109375 1
20 0.1 1372.5546875 0.0 1373.109375 1372.5234375 1372.81640625 2
30 0.1 1374.25 0.0 1374.25 1372.5234375 1372.7291666666667 3
40 0.1 1373.28125 0.0 1374.25 1372.5234375 1373.109375 4
50 0.1 1374.00390625 0.0 1374.25 1372.5234375 1373.14375 5
60 0.1 1373.2421875 0.0 1374.25 1372.5234375 1373.287109375 6
70 0.1 1372.71875 0.0 1374.25 1372.5234375 1373.2806919642858 7
80 0.1 1372.75390625 0.0 1374.25 1372.5234375 1373.21044921875 8
90 0.1 1372.25390625 0.0 1374.25 1372.25390625 1373.1597222222222 9
100 0.1 1372.5859375 0.0 1374.25 1372.25390625 1373.069140625 10
110 0.1 1372.46484375 0.0 1374.25 1372.25390625 1373.0252130681818 11
120 0.1 1371.5 0.0 1374.25 1371.5 1372.978515625 12
130 0.1 1371.546875 0.0 1374.25 1371.5 1372.8647836538462 13
140 0.1 1371.15625 0.0 1374.25 1371.15625 1372.7706473214287 14
150 0.1 1371.15625 0.0 1374.25 1371.15625 1372.6630208333333 15
160 0.1 1370.84765625 0.0 1374.25 1370.84765625 1372.56884765625 16
170 0.1 1371.0625 0.0 1374.25 1370.84765625 1372.4676011029412 17
180 0.1 1371.03125 0.0 1374.25 1370.84765625 1372.3895399305557 18
190 0.1 1370.78125 0.0 1374.25 1370.78125 1372.318050986842 19
200 0.1 1370.88671875 0.0 1374.25 1370.78125 1372.2412109375 20
