10 916.16796875 916.16796875
20 1843.56796875 2759.7359375
30 2752.8984375 5512.634375
40 2890.03671875 8402.67109375
50 2858.56484375 11261.2359375
60 2743.99375 14005.2296875
70 2775.415625 16780.6453125
80 2822.00859375 19602.65390625
90 2741.109375 22343.76328125
100 2805.62109375 25149.384375
110 2728.41328125 27877.79765625
120 2732.86015625 30610.6578125
130 2797.42109375 33408.07890625
140 2746.028125 36154.10703125
150 2823.8578125 38977.96484375
160 2831.0265625 41808.99140625
170 2911.0578125 44720.04921875
180 2821.79765625 47541.846875
190 2744.22421875 50286.07109375
200 2751.50234375 53037.5734375
