10 953.6015625 953.6015625
20 1914.31875 2867.9203125
30 2858.971875 5726.8921875
40 3006.24375 8733.1359375
50 2968.509375 11701.6453125
60 2848.8375 14550.4828125
70 2888.08125 17438.5640625
80 2935.95 20374.5140625
90 2851.1015625 23225.615625
100 2914.3875 26140.003125
110 2831.4796875 28971.4828125
120 2847.1125 31818.5953125
130 2912.9859375 34731.58125
140 2859.61875 37591.2
150 2937.3515625 40528.5515625
160 2943.928125 43472.4796875
170 3025.865625 46498.3453125
180 2930.0203125 49428.365625
190 2854.44375 52282.809375
200 2853.2578125 55136.0671875
