10 0.1 4.467005076142132 0 4.467005076142132 4.467005076142132 0 0
20 0.1 45.31422271223815 0.0 45.31422271223815 4.467005076142132 4.467005076142132 1
30 0.1 92.83520982599795 0.0 92.83520982599795 4.467005076142132 24.89061389419014 2
40 0.1 100.0 0.0 100.0 4.467005076142132 47.53881253812608 3
50 0.1 100.0 0.0 100.0 4.467005076142132 60.65410940359456 4
60 0.1 100.0 0.0 100.0 4.467005076142132 68.52328752287565 5
70 0.1 100.0 0.0 100.0 4.467005076142132 73.76940626906304 6
80 0.1 100.0 0.0 100.0 4.467005076142132 77.51663394491118 7
90 0.1 100.0 0.0 100.0 4.467005076142132 80.32705470179728 8
100 0.1 100.0 0.0 100.0 4.467005076142132 82.51293751270869 9
110 0.1 100.0 0.0 100.0 4.467005076142132 84.26164376143782 10
120 0.1 100.0 0.0 100.0 4.467005076142132 85.69240341948893 11
130 0.1 100.0 0.0 100.0 4.467005076142132 86.8847031345315 12
140 0.1 100.0 0.0 100.0 4.467005076142132 87.89357212418294 13
150 0.1 100.0 0.0 100.0 4.467005076142132 88.75831697245557 14
160 0.1 100.0 0.0 100.0 4.467005076142132 89.5077625076252 15
170 0.1 100.0 0.0 100.0 4.467005076142132 90.16352735089863 16
180 0.1 100.0 0.0 100.0 4.467005076142132 90.74214338908106 17
190 0.1 100.0 0.0 100.0 4.467005076142132 91.25646875635434 18
200 0.1 100.0 0.0 100.0 4.467005076142132 91.71665461128306 19
