10 576.3 2.5995071519689192 1.4038513817061866 31.1328125 1.157958984375 0 0
20 1479.5 24.47897953344144 28.698496728014085 1065.366943359375 1.157958984375 2.5995071519689192 5763
30 1685.6 275.22357547073756 579.9540592311198 7105.65380859375 1.157958984375 18.345532732467312 20558
40 1726.6 916.4626569903684 1479.6943620118498 15106.700927734375 1.157958984375 134.07590875203977 37414
50 1698.9 1815.0377200930113 2701.822349338301 15749.06494140625 1.157958984375 381.12582819393776 54680
60 1670 1901.822327376498 3169.289584205382 16711.52197265625 1.157958984375 721.0319121559487 71669
70 1616.6 2707.0603085335842 4549.483261953278 31801.480224609375 1.157958984375 944.1780373150336 88369
80 1625.2 3726.71768456623 6494.883449862572 34707.05908203125 1.157958984375 1216.8020847299576 104535
90 1698.7 3010.7366449171104 5700.893659298196 37907.59521484375 1.157958984375 1554.513496790354 120787
100 1636.5 3643.463645916877 6479.498880957975 43251.51904296875 1.157958984375 1734.06016464662 137774
110 1609.7 3799.100218005126 6439.121720488245 45058.27197265625 1.157958984375 1936.7823048641364 154139
120 1679.3 4783.8343729966255 7605.74258002215 59144.7119140625 1.157958984375 2112.877440134176 170236
130 1652.1 4251.010324262379 6914.115955669697 70362.09106445313 1.157958984375 2352.697894574713 187029
140 1673.4 4930.132108513045 7805.876891026017 72292.65014648438 1.157958984375 2506.773156922391 203550
150 1654.2 5266.9489445456275 8598.615655687925 72292.65014648438 1.157958984375 2690.8650051543004 220284
160 1661.1 5630.051762368725 8412.989615922144 72292.65014648438 1.157958984375 2870.801247481627 236826
170 1657.8 5272.38140679903 8175.991581939347 72292.65014648438 1.157958984375 3051.650572176875 253437
180 1622.5 4779.20925579617 7444.273740760281 72292.65014648438 1.157958984375 3187.9958706838693 270015
190 1607.9 5498.046109386287 8015.728869600788 72292.65014648438 1.157958984375 3278.19094185997 286240
200 1615.3 5832.339614693424 8567.148177621202 129773.31005859375 1.157958984375 3396.25514304698 302319
