10 0.1 2897.25390625 0 2897.25390625 2897.25390625 0 0
20 0.1 2901.43359375 0.0 2901.43359375 2897.25390625 2897.25390625 1
30 0.1 2900.86328125 0.0 2901.43359375 2897.25390625 2899.34375 2
40 0.1 2903.6328125 0.0 2903.6328125 2897.25390625 2899.8502604166665 3
50 0.1 2876.36328125 0.0 2903.6328125 2876.36328125 2900.7958984375 4
60 0.1 2875.44921875 0.0 2903.6328125 2875.44921875 2895.909375 5
80 0.1 2872.78515625 0.0 2903.6328125 2872.78515625 2892.4993489583335 6
90 0.1 2869.109375 0.0 2903.6328125 2869.109375 2889.683035714286 7
100 0.1 2870.6015625 0.0 2903.6328125 2869.109375 2887.111328125 8
110 0.1 2857.69140625 0.0 2903.6328125 2857.69140625 2885.276909722222 9
130 0.1 2857.06640625 0.0 2903.6328125 2857.06640625 2882.518359375 10
140 0.1 2853.0625 0.0 2903.6328125 2853.0625 2880.2045454545455 11
150 0.1 2856.14453125 0.0 2903.6328125 2853.0625 2877.9427083333335 12
160 0.1 2853.8203125 0.0 2903.6328125 2853.0625 2876.265925480769 13
170 0.1 2852.94921875 0.0 2903.6328125 2852.94921875 2874.662667410714 14
180 0.1 2853.51171875 0.0 2903.6328125 2852.94921875 2873.2151041666666 15
200 0.1 2849.2265625 0.0 2903.6328125 2849.2265625 2871.983642578125 16
