10 595.5140625 595.5140625
20 1615.4078125 2210.921875
30 2232.96171875 4443.88359375
40 2651.50546875 7095.3890625
50 2750.94375 9846.3328125
60 2650.959375 12497.2921875
70 2826.7625 15324.0546875
80 2768.91640625 18092.97109375
90 2740.64296875 20833.6140625
100 2879.1609375 23712.775
110 2905.57578125 26618.35078125
120 2791.85703125 29410.2078125
130 2939.2296875 32349.4375
140 2909.3890625 35258.8265625
150 2779.6328125 38038.459375
160 2937.471875 40975.93125
170 2961.43125 43937.3625
180 2953.228125 46890.590625
190 2874.62734375 49765.21796875
200 2900.66953125 52665.8875
