10 662.8921875 662.8921875
20 1473.22421875 2136.11640625
30 1602.56484375 3738.68125
40 1507.48203125 5246.16328125
50 1468.08046875 6714.24375
60 1495.9234375 8210.1671875
70 1490.7078125 9700.875
80 1445.04140625 11145.91640625
90 1439.625 12585.54140625
100 1474.2359375 14059.77734375
110 1485.11640625 15544.89375
120 1444.05234375 16988.94609375
130 1494.046875 18482.99296875
140 1390.778125 19873.77109375
150 1402.2703125 21276.04140625
160 1427.171875 22703.21328125
170 1428.37734375 24131.590625
180 1403.85546875 25535.44609375
190 1430.36015625 26965.80625
200 1434.90703125 28400.71328125
200 21.51015625 28422.2234375
