10 0.1 3.8384345208228803 0 3.8384345208228803 3.8384345208228803 0 0
20 0.1 23.644952759820985 0.0 23.644952759820985 3.8384345208228803 3.8384345208228803 1
30 0.1 25.400801603206414 0.0 25.400801603206414 3.8384345208228803 13.741693640321932 2
40 0.1 25.51224387806097 0.0 25.51224387806097 3.8384345208228803 17.628062961283426 3
50 0.1 25.469571750563485 0.0 25.51224387806097 3.8384345208228803 19.599108190477814 4
60 0.1 25.53776888444222 0.0 25.53776888444222 3.8384345208228803 20.77320090249495 5
70 0.1 25.55638909727432 0.0 25.55638909727432 3.8384345208228803 21.567295566152826 6
80 0.1 25.475475475475474 0.0 25.55638909727432 3.8384345208228803 22.137166070598756 7
90 0.1 25.41990473802958 0.0 25.55638909727432 3.8384345208228803 22.554454746208343 8
100 0.1 25.593601599600103 0.0 25.593601599600103 3.8384345208228803 22.872838078632924 9
110 0.1 25.51326990485729 0.0 25.593601599600103 3.8384345208228803 23.144914430729642 10
120 0.1 25.51326990485729 0.0 25.593601599600103 3.8384345208228803 23.360219473832156 11
130 0.1 25.519139354515886 0.0 25.593601599600103 3.8384345208228803 23.539640343084248 12
140 0.1 25.413533834586467 0.0 25.593601599600103 3.8384345208228803 23.691909497809757 13
150 0.1 25.469571750563485 0.0 25.593601599600103 3.8384345208228803 23.81488266472238 14
160 0.1 25.544158118588946 0.0 25.593601599600103 3.8384345208228803 23.92519527044512 15
170 0.1 25.457278877474316 0.0 25.593601599600103 3.8384345208228803 24.02638044845411 16
180 0.1 25.50688360450563 0.0 25.593601599600103 3.8384345208228803 24.110550944278828 17
190 0.1 25.53191489361702 0.0 25.593601599600103 3.8384345208228803 24.188124980958094 18
200 0.1 25.481852315394242 0.0 25.593601599600103 3.8384345208228803 24.25885076583488 19
