10 941.68828125 941.68828125
20 1108.63359375 2050.321875
30 1074.775 3125.096875
40 1036.953125 4162.05
50 1021.94296875 5183.99296875
60 1020.00234375 6203.9953125
70 1033.07890625 7237.07421875
80 1041.5390625 8278.61328125
90 1008.36953125 9286.9828125
100 1017.43125 10304.4140625
110 987.153125 11291.5671875
120 1004.025 12295.5921875
130 992.01328125 13287.60546875
140 1005.6 14293.20546875
150 962.89609375 15256.1015625
160 984.5671875 16240.66875
170 964.88828125 17205.55703125
180 999.9296875 18205.48671875
190 989.615625 19195.10234375
200 960.421875 20155.52421875
201 20.7125 20176.23671875
