10 580 0.9196579084725216 0.23936474364777474 3.598876953125 0.40380859375 0 0
20 1531.4 0.9049094425444035 0.33174004747202857 16.255859375 0.3828125 0.9196579084725216 5800
30 2049.5 18.418052528532144 135.40297150470695 3003.39111328125 0.379150390625 0.9089608350983055 21114
40 1989.7 343.56785452894917 800.2977585940768 7024.324951171875 0.379150390625 9.533268899625847 41609
50 1908.3 774.4050874822534 1711.0531159766037 15044.613037109375 0.379150390625 117.59242004368735 61506
60 1936 1148.3205179387858 2712.6734385172126 31043.7900390625 0.37109375 273.1217867405089 80589
70 1875.4 1388.1208360185276 3596.3237233275836 31101.69287109375 0.330078125 442.6467188158538 99949
80 1950.2 1898.7407160839061 5187.863354049237 31101.69287109375 0.330078125 592.0230748811507 118703
90 2825.2 2031.267367055528 5536.743127601785 31214.5859375 0.330078125 776.4129843542967 138205
100 3642 1825.534235963175 5428.730137431253 31237.3349609375 0.330078125 989.3937903286635 166457
110 3669.4 1485.6382887909886 4620.815077651105 31256.716064453125 0.330078125 1139.4957488060113 202877
120 2080.7 1432.1570884582463 3966.7077318132838 31256.716064453125 0.330078125 1192.512826675239 239571
130 1927.7 1331.3455018929421 3377.654263867781 31256.716064453125 0.330078125 1211.6629782046273 260378
140 2331.3 1861.1911392692973 4372.707855289723 31256.716064453125 0.330078125 1219.9128575528944 279655
150 3602.4 2189.3365189063015 5886.0336810086155 31256.716064453125 0.330078125 1269.2584009160696 302968
160 3602.2 2075.3444588427965 5674.607748181182 32553.7451171875 0.330078125 1367.0332573211767 338992
170 3636.5 1684.4115450419126 4808.475953719279 32553.7451171875 0.330078125 1435.0701468805314 375014
180 3648.3 1554.9961256971292 4763.672466357946 32553.7451171875 0.330078125 1457.1113787959637 411379
190 2041.4 1513.8711873208983 4510.918356488926 32553.7451171875 0.330078125 1465.0851055716116 447862
200 3593.9 1634.949630091528 4118.807047876125 32553.7451171875 0.330078125 1467.2118835248484 468276
