10 0.1 2509.16796875 0 2509.16796875 2509.16796875 0 0
20 0.1 2509.93359375 0.0 2509.93359375 2509.16796875 2509.16796875 1
30 0.1 2509.6875 0.0 2509.93359375 2509.16796875 2509.55078125 2
40 0.1 2510.8984375 0.0 2510.8984375 2509.16796875 2509.5963541666665 3
50 0.1 2510.44921875 0.0 2510.8984375 2509.16796875 2509.921875 4
60 0.1 2505.9296875 0.0 2510.8984375 2505.9296875 2510.02734375 5
70 0.1 2504.37109375 0.0 2510.8984375 2504.37109375 2509.3444010416665 6
80 0.1 2501.578125 0.0 2510.8984375 2501.578125 2508.6339285714284 7
90 0.1 2499.38671875 0.0 2510.8984375 2499.38671875 2507.751953125 8
100 0.1 2492.25390625 0.0 2510.8984375 2492.25390625 2506.8224826388887 9
110 0.1 2489.42578125 0.0 2510.8984375 2489.42578125 2505.365625 10
120 0.1 2492.66796875 0.0 2510.8984375 2489.42578125 2503.9165482954545 11
130 0.1 2492.4765625 0.0 2510.8984375 2489.42578125 2502.9791666666665 12
140 0.1 2492.3515625 0.0 2510.8984375 2489.42578125 2502.1712740384614 13
150 0.1 2488.7421875 0.0 2510.8984375 2488.7421875 2501.4698660714284 14
160 0.1 2488.48828125 0.0 2510.8984375 2488.48828125 2500.6213541666666 15
170 0.1 2487.77734375 0.0 2510.8984375 2487.77734375 2499.863037109375 16
180 0.1 2487.83984375 0.0 2510.8984375 2487.77734375 2499.1521139705883 17
190 0.1 2491.17578125 0.0 2510.8984375 2487.77734375 2498.5236545138887 18
200 0.1 2487.796875 0.0 2510.8984375 2487.77734375 2498.1369243421054 19
