20 0.1 2497 0 2497 2497 0 0
30 0.1 5178.0 0.0 5178 2497 2497.0 1
40 0.1 7025.0 0.0 7025 2497 3837.5 2
50 0.1 8563.0 0.0 8563 2497 4.9e3 3
60 0.1 8765.0 0.0 8765 2497 5815.75 4
70 0.1 9288.0 0.0 9288 2497 6405.6 5
80 0.1 9401.0 0.0 9401 2497 6886.0 6
90 0.1 9919.0 0.0 9919 2497 7245.285714285715 7
100 0.1 11033.0 0.0 11033 2497 7579.5 8
110 0.1 14082.0 0.0 14082 2497 7963.222222222223 9
120 0.1 12919.0 0.0 14082 2497 8575.1 10
130 0.1 1.31e4 0.0 14082 2497 8970.0 11
140 0.1 12592.0 0.0 14082 2497 9314.166666666666 12
150 0.1 13625.0 0.0 14082 2497 9566.307692307691 13
160 0.1 16913.0 0.0 16913 2497 9856.214285714286 14
170 0.1 16539.0 0.0 16913 2497 10326.666666666666 15
180 0.1 17881.0 0.0 17881 2497 10714.9375 16
190 0.1 16619.0 0.0 17881 2497 11136.470588235294 17
200 0.1 15674.0 0.0 17881 2497 11441.055555555555 18
