10 600.96875 600.96875
20 1589.0046875 2189.9734375
30 2126.16015625 4316.13359375
40 2060.73984375 6376.8734375
50 1978.88203125 8355.75546875
60 2008.2375 10363.99296875
70 1944.0921875 12308.08515625
80 2022.2328125 14330.31796875
90 2929.321875 17259.63984375
100 3777.353125 21036.99296875
110 3804.4453125 24841.43828125
120 2156.28515625 26997.7234375
130 1998.91171875 28996.63515625
140 2418.30859375 31414.94375
150 3734.7875 35149.73125
160 3734.2640625 38883.9953125
170 3771.83671875 42655.83203125
180 3783.2671875 46439.09921875
190 2116.1328125 48555.23203125
200 3725.66328125 52280.8953125
