10 58.5 26.19701647636219 6.485529098841967 54.385009765625 18.155029296875 0 0
20 126.5 239.31003118824125 408.8666507136442 2589.35205078125 18.155029296875 26.19701647636219 585
30 107.1 2578.7021776158367 2231.0768454245845 11375.3369140625 18.155029296875 171.92024004962002 1850
40 77.6 7282.591943485216 3811.3353291936614 18457.675048828125 18.155029296875 1054.3794852168292 2921
50 95.8 12123.812771663788 5594.2612706210375 30435.7890625 18.155029296875 2361.68077480738 3697
60 77.3 17051.740860992068 7465.81957293 37423.135009765625 18.155029296875 4370.729636888678 4655
70 89.8 22053.201266486307 10835.902594127021 47543.008056640625 18.155029296875 6176.62898770517 5428
80 77.1 26674.380761212095 11805.759676781154 51712.06103515625 18.155029296875 8430.369409195126 6326
90 77.5 30605.461611958166 14427.3841359665 66538.4619140625 18.155029296875 10412.352324850344 7097
100 71.8 31568.88933085067 16859.14084992366 80486.57421875 18.155029296875 12400.368038456614 7872
110 70.4 36579.85482337262 19572.6831956296 89556.5390625 18.155029296875 14002.579713420402 8590
120 76.7 46004.80383316701 25198.463136191036 100435.82177734375 18.155029296875 15712.758503758938 9294
130 81.1 51909.77885194301 27712.13248519642 103555.05004882813 18.155029296875 18022.071570815493 10061
140 77.4 56253.79166130441 30476.43415056028 117846.38403320313 18.155029296875 20549.934945079145 10872
150 73.5 63999.97172486182 32594.02446927881 126688.42602539063 18.155029296875 22922.834232247133 11646
160 79.5 72591.90343823702 34417.22566381104 132336.06811523438 18.155029296875 25361.384919354135 12381
170 89.5 78576.4007092353 35083.31279432387 145254.10986328125 18.155029296875 28211.131596836825 13176
180 80.6 83717.93297461401 34808.14087621113 160660.86206054688 18.155029296875 31414.66481093651 14071
190 74.5 86359.46779539376 37409.34911385478 166417.44604492188 18.155029296875 34248.329806562244 14877
200 71.5 93581.69621667388 40533.35399287723 178251.80004882813 18.155029296875 36733.46601202118 15622
