20 0.1 3703 0 3703 3703 0 0
30 0.1 7253.0 0.0 7253 3703 3703.0 1
40 0.1 9534.0 0.0 9534 3703 5478.0 2
50 0.1 11184.0 0.0 11184 3703 6830.0 3
60 0.1 9069.0 0.0 11184 3703 7918.5 4
70 0.1 14075.0 0.0 14075 3703 8148.6 5
80 0.1 12299.0 0.0 14075 3703 9136.333333333334 6
90 0.1 10498.0 0.0 14075 3703 9588.142857142857 7
100 0.1 15792.0 0.0 15792 3703 9701.875 8
110 0.1 14717.0 0.0 15792 3703 10378.555555555555 9
120 0.1 14441.0 0.0 15792 3703 10812.4 10
130 0.1 14663.0 0.0 15792 3703 11142.272727272728 11
140 0.1 16117.0 0.0 16117 3703 11435.666666666666 12
150 0.1 16464.0 0.0 16464 3703 11795.76923076923 13
160 0.1 16827.0 0.0 16827 3703 12129.214285714286 14
170 0.1 16720.0 0.0 16827 3703 12442.4 15
180 0.1 18093.0 0.0 18093 3703 12709.75 16
190 0.1 18232.0 0.0 18232 3703 13026.411764705883 17
200 0.1 19488.0 0.0 19488 3703 13315.611111111111 18
