10 585 2.494774347288988 0.8580089838290765 16.756103515625 1.0791015625 0 0
20 1369.4 32.60589687859419 128.63149507882792 1259.012939453125 1.0791015625 2.494774347288988 5850
30 1584.8 322.8117956154742 740.1360440409354 7708.94091796875 1.0791015625 23.592897144244237 19544
40 1573.7 1002.7354279058949 1694.823860573566 15084.402099609375 1.0791015625 157.57857478246902 35392
50 1510.6 1725.0153009391213 3003.737497183567 16922.31689453125 1.0791015625 417.7094867424791 51129
60 1540.8 1992.657995364637 3822.0502731361134 31129.6669921875 1.0791015625 715.862451628936 66235
70 1528.8 3136.181182701637 5872.753889122954 34398.06591796875 1.0791015625 956.8245149764329 81643
80 1564.4 3227.5172383662702 6013.346592129232 37940.549072265625 1.0791015625 1300.5536082095878 96931
90 1529.9 3470.426951972838 6442.114542228154 37940.549072265625 1.0791015625 1568.3343679712677 112575
100 1509.1 3051.732501987931 6013.986641930027 37940.549072265625 1.0791015625 1795.9030249511075 127874
110 1530.5 3757.5660548342603 7224.4631331187575 44984.23388671875 1.0791015625 1928.464999126344 142965
120 1534.6 3897.86409116496 7143.933014666783 44984.23388671875 1.0791015625 2105.342434253719 158270
130 1547.9 3740.252054777972 7164.153446096386 56268.72998046875 1.0791015625 2263.7842676501796 173616
140 1517.3 3937.9510062397526 7153.764609368142 56268.72998046875 1.0791015625 2384.6454478873675 189095
150 1515.9 4063.587465702106 7432.999796880413 56268.72998046875 1.0791015625 2500.024779142781 204268
160 1524.1 4142.2826603482135 7570.237361505771 56268.72998046875 1.0791015625 2608.0426929161667 219427
170 1533.6 4375.318302972391 7474.392728520872 56268.72998046875 1.0791015625 2707.6870898668876 234668
180 1534.8 4401.9891233347125 7671.4766957559095 87292.85107421875 1.0791015625 2809.984622243114 250004
190 1526.6 4084.9828233972207 7357.723390153108 87292.85107421875 1.0791015625 2902.0664044899177 265352
200 1491 3883.500803650026 7299.807315971435 87292.85107421875 1.0791015625 2966.4186629018473 280618
