10 630.703125 630.703125
20 1476.384375 2107.0875
30 1708.6125 3815.7
40 1696.6453125 5512.3453125
50 1628.615625 7140.9609375
60 1661.175 8802.1359375
70 1648.2375 10450.3734375
80 1686.61875 12136.9921875
90 1649.4234375 13786.415625
100 1626.9984375 15413.4140625
110 1650.0703125 17063.484375
120 1654.490625 18717.975
130 1668.8296875 20386.8046875
140 1635.8390625 22022.64375
150 1634.3296875 23656.9734375
160 1643.1703125 25300.14375
170 1653.4125 26953.55625
180 1654.70625 28608.2625
190 1645.865625 30254.128125
200 1607.484375 31861.6125
