10 54.8 1.254906870152829 0.33936649109759215 2.98486328125 0.543212890625 0 0
20 149.6 1.1734496743921299 0.8603836308167838 16.404052734375 0.54296875 1.254906870152829 548
30 253.3 1.9406166724240024 28.069925711006352 1001.26220703125 0.44580078125 1.1952884920422586 2044
40 335.6 1.19337647066355 1.6963521520426215 1001.26220703125 0.44580078125 1.6077674697365905 4577
50 424.9 1.6797920742380565 21.666994670875113 1001.26220703125 0.44580078125 1.4324622645318603 7933
60 506.2 1.9787125001543313 28.156339768102935 1004.449951171875 0.44580078125 1.5187292454415326 12182
70 615.4 1.0489065562667597 0.4857586116358741 1004.449951171875 0.43701171875 1.65375796472686 17244
80 700.4 1.2902475092357897 11.969010657015021 1004.449951171875 0.43701171875 1.4946736170192159 23398
90 798.9 1.437092457206785 15.78399934785473 1004.449951171875 0.43701171875 1.4475780161075942 30402
100 864.4 1.6215365867491196 18.665528735672602 1004.449951171875 0.385986328125 1.4453960169395976 38391
110 943.8 2.909959887265912 38.461791592112654 1004.449951171875 0.385986328125 1.4777667852064948 47035
120 1028.5 1.8873128294770882 19.710743157402558 1004.449951171875 0.385986328125 1.7171207861846045 56473
130 1102.2 12.935244501231908 86.60918452774388 1080.5498046875 0.385986328125 1.7433412416395793 66758
140 1136 42.38686364402247 154.23646039645638 2116.718017578125 0.385986328125 3.3293165274100427 77780
150 1175.3 60.16335645935486 195.24981776883183 3029.01318359375 0.385986328125 8.306809630895764 89140
160 1213 86.32982464544324 201.00913288564072 3094.72900390625 0.385986328125 14.347565628585196 100893
170 1238.6 319.8829949254392 549.3623364112589 4137.697021484375 0.385986328125 22.072938356919146 113023
180 1019.5 203.76426997762485 530.1590204497147 7080.15283203125 0.385986328125 51.486101372792724 125409
190 1218 143.8252882783636 254.9917962031898 7080.15283203125 0.385986328125 62.93470118493885 135604
200 1276.4 201.7102531832386 365.48522229044795 7080.15283203125 0.385986328125 69.60150781351781 147784
