10 0.1 709 0 709 709 0 0
20 0.1 4638.0 0.0 4638 709 709.0 1
30 0.1 13945.0 0.0 13945 709 2673.5 2
40 0.1 18324.0 0.0 18324 709 6430.666666666667 3
50 0.1 22508.0 0.0 22508 709 9404.0 4
60 0.1 22366.0 0.0 22508 709 12024.8 5
70 0.1 27972.0 0.0 27972 709 13748.333333333334 6
80 0.1 29578.0 0.0 29578 709 15780.285714285714 7
90 0.1 36675.0 0.0 36675 709 17505.0 8
100 0.1 38759.0 0.0 38759 709 19635.0 9
110 0.1 37689.0 0.0 38759 709 21547.4 10
120 0.1 44404.0 0.0 44404 709 23014.81818181818 11
130 0.1 47151.0 0.0 47151 709 24797.25 12
140 0.1 47870.0 0.0 47870 709 26516.76923076923 13
150 0.1 55062.0 0.0 55062 709 28042.0 14
160 0.1 54917.0 0.0 55062 709 29843.333333333332 15
170 0.1 53158.0 0.0 55062 709 31410.4375 16
180 0.1 46653.0 0.0 55062 709 32689.70588235294 17
190 0.1 60819.0 0.0 60819 709 33465.444444444445 18
200 0.1 62499.0 0.0 62499 709 34905.10526315789 19
