10 57.1 1.2019256752134408 0.8086411660240168 19.2548828125 0.572021484375 0 0
20 152.4 1.1441909910187 0.7580127169210837 19.2548828125 0.47216796875 1.2019256752134408 571
30 248.8 1.0450380576768488 0.4769986523007891 19.2548828125 0.47216796875 1.1599267927729706 2095
40 348.4 1.4440613844090824 4.095605007846962 75.4150390625 0.4638671875 1.0975564735673955 4583
50 434 1.0689398559007774 0.6478609929399131 75.4150390625 0.462890625 1.2472060470609416 8067
60 518.1 1.4726244895712735 19.591900555478144 998.674072265625 0.462890625 1.1848480822318037 12407
70 603.6 1.895603996463925 25.72066256344642 1003.81298828125 0.462890625 1.2696200612189423 17588
80 703.4 6.201827382512602 68.28936899628853 1008.363037109375 0.462890625 1.4295607585241707 23624
90 758.5 15.61464892030943 116.53568420541008 1301.60693359375 0.462890625 2.5244829136919775 30658
100 806.1 35.71072964277263 182.87559865248633 3005.072998046875 0.462890625 5.12074652167758 38243
110 843.7 70.28105803260566 262.9375412056957 3006.090087890625 0.462890625 10.446114825477407 46304
120 804.4 571.7981477241367 1024.2751230849417 7020.705078125 0.367919921875 19.668222858552088 54741
130 755.3 2145.3574683241013 3264.5068253801196 15050.10791015625 0.367919921875 90.40698395783954 62785
140 758.7 2146.3521376640347 4001.0326777143737 31070.115966796875 0.367919921875 311.07065094322974 70338
150 767.2 3234.473953581206 6859.486793506106 32172.02001953125 0.367919921875 489.7588850112534 77925
160 763.9 2554.1942851853873 5616.17524036419 32172.02001953125 0.367919921875 735.7658012123899 85597
170 749.5 3524.0736562656384 6878.774454900848 32507.908935546875 0.367919921875 884.7530506554133 93236
180 767.4 2070.7237231006297 5020.172028084202 32507.908935546875 0.367919921875 1081.134581058652 100731
190 757.7 2527.236696768651 5623.498168518724 32507.908935546875 0.367919921875 1151.1876881665357 108405
200 716.9 2132.0532184674753 4126.499019959739 32507.908935546875 0.367919921875 1241.083735296075 115982
