10 636.25234375 636.25234375
20 1455.89453125 2092.146875
30 1478.3 3570.446875
40 1340.09375 4910.540625
50 1380.446875 6290.9875
60 1396.34296875 7687.33046875
70 1499.24140625 9186.571875
80 1464.18359375 10650.75546875
90 1390.134375 12040.88984375
100 1401.71484375 13442.6046875
110 1364.0515625 14806.65625
120 1378.60234375 16185.25859375
130 1304.903125 17490.16171875
140 1356.5484375 18846.71015625
150 1350.80546875 20197.515625
160 1329.74921875 21527.26484375
170 1322.4421875 22849.70703125
180 1339.346875 24189.05390625
190 1309.6921875 25498.74609375
200 1327.0953125 26825.84140625
