0 0.1 41.874687803360885 0 41.874687803360885 41.874687803360885 0 0
10 0.1 1.9419924337957126 0.0 41.874687803360885 1.9419924337957126 41.874687803360885 1
20 0.1 14.616711856051271 0.0 41.874687803360885 1.9419924337957126 21.908340118578298 2
30 0.1 24.131901074194353 0.0 41.874687803360885 1.9419924337957126 19.477797364402623 3
40 0.1 39.78174603174603 0.0 41.874687803360885 1.9419924337957126 20.641323291850554 4
50 0.1 50.48616305160808 0.0 50.48616305160808 1.9419924337957126 24.46940783982965 5
60 0.1 28.58575727181545 0.0 50.48616305160808 1.9419924337957126 28.80553370845939 6
70 0.1 39.65948923385078 0.0 50.48616305160808 1.9419924337957126 28.77413707465311 7
80 0.1 42.243975903614455 0.0 50.48616305160808 1.9419924337957126 30.13480609455282 8
90 0.1 42.28743416102333 0.0 50.48616305160808 1.9419924337957126 31.480269406670782 9
100 0.1 39.80460921843687 0.0 50.48616305160808 1.9419924337957126 32.56098588210604 10
110 0.1 43.16981132075472 0.0 50.48616305160808 1.9419924337957126 33.21949709449975 11
120 0.1 25.444527923866765 0.0 50.48616305160808 1.9419924337957126 34.04868994668767 12
130 0.1 35.27190332326284 0.0 50.48616305160808 1.9419924337957126 33.3868313295476 13
140 0.1 25.450901803607213 0.0 50.48616305160808 1.9419924337957126 33.52147932909869 14
150 0.1 25.425425425425423 0.0 50.48616305160808 1.9419924337957126 32.98344082739926 15
160 0.1 40.04536290322581 0.0 50.48616305160808 1.9419924337957126 32.51106486477589 16
170 0.1 49.74631553515342 0.0 50.48616305160808 1.9419924337957126 32.95425886703765 17
180 0.1 48.99849774661993 0.0 50.48616305160808 1.9419924337957126 33.88715090415519 18
190 0.1 43.702192758796535 0.0 50.48616305160808 1.9419924337957126 34.68248494849544 19
200 0.1 30.658385093167702 0.0 50.48616305160808 1.9419924337957126 35.13347033901049 20
