0 0.1 3.26953125 0 3.26953125 3.26953125 0 0
10 0.1 2.76953125 0.0 3.26953125 2.76953125 3.26953125 1
20 0.1 2.421875 0.0 3.26953125 2.421875 3.01953125 2
30 0.1 2.19921875 0.0 3.26953125 2.19921875 2.8203125 3
40 0.1 2.171875 0.0 3.26953125 2.171875 2.6650390625 4
50 0.1 2.140625 0.0 3.26953125 2.140625 2.56640625 5
60 0.1 2.19140625 0.0 3.26953125 2.140625 2.4954427083333335 6
70 0.1 2.25 0.0 3.26953125 2.140625 2.4520089285714284 7
80 0.1 2.28125 0.0 3.26953125 2.140625 2.4267578125 8
90 0.1 2.30859375 0.0 3.26953125 2.140625 2.4105902777777777 9
100 0.1 2.19140625 0.0 3.26953125 2.140625 2.400390625 10
110 0.1 2.16015625 0.0 3.26953125 2.140625 2.3813920454545454 11
120 0.1 1.98046875 0.0 3.26953125 1.98046875 2.3629557291666665 12
130 0.1 1.98828125 0.0 3.26953125 1.98046875 2.3335336538461537 13
140 0.1 1.91015625 0.0 3.26953125 1.91015625 2.308872767857143 14
150 0.1 1.76953125 0.0 3.26953125 1.76953125 2.2822916666666666 15
160 0.1 1.73046875 0.0 3.26953125 1.73046875 2.250244140625 16
170 0.1 1.94921875 0.0 3.26953125 1.73046875 2.219669117647059 17
180 0.1 1.87890625 0.0 3.26953125 1.73046875 2.2046440972222223 18
190 0.1 1.890625 0.0 3.26953125 1.73046875 2.1875 19
200 0.1 1.83984375 0.0 3.26953125 1.73046875 2.17265625 20
