10 0.1 5.387547649301143 0 5.387547649301143 5.387547649301143 0 0
20 0.1 25.604734945959855 0.0 25.604734945959855 5.387547649301143 5.387547649301143 1
30 0.1 54.56656346749226 0.0 54.56656346749226 5.387547649301143 15.4961412976305 2
40 0.1 74.67217095677513 0.0 74.67217095677513 5.387547649301143 28.519615354251087 3
50 0.1 82.46543778801843 0.0 82.46543778801843 5.387547649301143 40.0577542548821 4
60 0.1 82.94187898089172 0.0 82.94187898089172 5.387547649301143 48.539290961509366 5
70 0.1 82.21131369798972 0.0 82.94187898089172 5.387547649301143 54.27305563140643 6
80 0.1 82.14522180534098 0.0 82.94187898089172 5.387547649301143 58.26423535520404 7
100 0.1 80.79908675799086 0.0 82.94187898089172 5.387547649301143 61.24935866147116 8
110 0.1 65.36107711138311 0.0 82.94187898089172 5.387547649301143 63.42155067219557 9
120 0.1 82.12508115126596 0.0 82.94187898089172 5.387547649301143 63.61550331611433 10
140 0.1 80.90142004527681 0.0 82.94187898089172 5.387547649301143 65.29819221021901 11
150 0.1 82.18403306504241 0.0 82.94187898089172 5.387547649301143 66.59846119647383 12
160 0.1 81.60270880361173 0.0 82.94187898089172 5.387547649301143 67.79735134020987 13
170 0.1 81.68455436304247 0.0 82.94187898089172 5.387547649301143 68.78344830188144 14
180 0.1 80.54474708171206 0.0 82.94187898089172 5.387547649301143 69.64352203929217 15
190 0.1 82.38592913586541 0.0 82.94187898089172 5.387547649301143 70.32484860444342 16
