10 542.6 3.5333785138972065 43.489019299005705 2162.39501953125 1.364013671875 0 0
20 1516.4 11.578203213872113 168.54699374782453 15606.44091796875 1.14013671875 3.5333785138972065 5426
30 2316 48.82996864121216 267.5485200253184 18098.041015625 1.14013671875 9.458182872829672 20590
40 2775.1 247.79702507729223 422.60839693852546 18098.041015625 1.14013671875 30.30048135044655 43750
50 2874.5 719.2467010736926 768.685683662858 18098.041015625 1.14013671875 114.71533687643493 71501
60 2839.6 1288.7522946003153 1515.1344761314226 26065.23095703125 1.14013671875 288.06144608628045 100246
70 2803.7 1328.640785728593 2086.3300900373974 42793.80615234375 1.14013671875 508.9505595515914 128642
80 2912.1 1425.8221572913164 2550.1651995715933 42793.80615234375 1.14013671875 655.6304264854153 156679
90 2802.5 1644.5473326689353 3148.4416775041354 42793.80615234375 1.14013671875 776.3449226791648 185800
100 2322.1 1979.2466784742048 3673.1094745414803 66312.59399414063 1.14013671875 890.1359786359674 213825
110 2395.2 2136.904774453687 3800.2021460884453 66312.59399414063 1.14013671875 996.8251425996864 237046
120 2926.9 2195.0509383661456 3909.0972732884875 66312.59399414063 1.14013671875 1101.4511831906757 260998
130 2985.3 2291.702273276137 3989.328635568796 75389.45385742188 1.14013671875 1211.724039678774 290267
140 2859.9 2404.39653684145 4381.040305955749 75389.45385742188 1.14013671875 1312.4381162987354 320120
150 2829.3 2338.379638240405 4062.7355772413844 76190.03393554688 1.14013671875 1401.9913636672502 348719
160 2918.3 2565.2757127939312 4672.705528096534 104560.17407226563 1.14013671875 1472.2629556921677 377012
170 2795.9 2682.594714232808 4719.829480047456 106536.337890625 1.14013671875 1550.7902425630075 406195
180 2864.2 2596.9510650368416 5197.581866625949 115397.97314453125 1.14013671875 1623.6771011970775 434154
190 2847.2 2713.321790145866 5349.624624185766 133791.13793945313 1.14013671875 1683.9120921483789 462796
200 2715.6 3042.995070806548 5339.05233195313 133791.13793945313 1.14013671875 1743.5727110394616 491268
