10 55.1 1.1135665976633387 0.25702247639020187 2.255126953125 0.60107421875 0 0
20 146.8 1.0073358603329314 0.24201917038944917 2.255126953125 0.52001953125 1.1135665976633387 551
30 245.6 0.9011322916136506 0.21342975873435654 3.951171875 0.475830078125 1.0363270125216655 2019
40 313.6 13.923927462830836 113.39328051153404 1002.307861328125 0.475830078125 0.9621285243540488 4475
50 249.4 1150.4663031118407 1776.3593992988363 7019.697998046875 0.475830078125 6.302846100370762 7611
60 263.7 2284.39083507019 3096.671394170075 15047.751953125 0.475830078125 288.6921248521378 10105
70 280.6 4731.072955500632 5675.534653764453 31072.26611328125 0.448974609375 701.7087234116264 12742
80 262.3 5035.737260941375 8160.650060794666 31098.669189453125 0.407958984375 1428.9016765401157 15548
90 251.9 7239.739443316739 9524.46676938195 31098.669189453125 0.407958984375 1949.5515988275242 18171
100 281.7 5328.01775899881 7237.766069422692 31098.669189453125 0.407958984375 2593.6300512329535 20690
110 277.5 7065.67416253167 10467.510118179756 31108.9560546875 0.385986328125 2921.3098986305977 23507
120 269.8 4580.1261785350225 7974.247194250726 31111.546142578125 0.385986328125 3358.8949694899497 26282
130 271.3 6635.667969019966 9078.504422729467 31111.546142578125 0.385986328125 3472.5899937136764 28980
140 269.3 5713.686057186022 8276.559509730478 31111.546142578125 0.317138671875 3743.3573728512138 31693
150 250.2 5985.431657798763 9462.259757572698 31111.546142578125 0.317138671875 3897.6671252770157 34386
160 280.6 5870.458820106468 8955.016158198454 31111.546142578125 0.317138671875 4039.2737957489694 36888
170 270.6 6274.705554767623 9432.093621495978 31111.546142578125 0.317138671875 4168.721701688082 39694
180 258.8 7344.997503690413 10553.28819717539 31111.73291015625 0.317138671875 4303.127180613395 42400
190 264.8 5620.628465727367 9036.423861762732 31111.73291015625 0.317138671875 4478.115186217629 44988
200 281 7357.8065406229225 9757.177186926245 31111.73291015625 0.317138671875 4541.625455008917 47636
200 11 2658.274325284091 4155.799060831105 31111.73291015625 0.317138671875 4698.495550766269 50446
