10 0.1 2.320887991927346 0 2.320887991927346 2.320887991927346 0 0
20 0.1 18.542336548767416 0.0 18.542336548767416 2.320887991927346 2.320887991927346 1
30 0.1 50.77092511013216 0.0 50.77092511013216 2.320887991927346 10.431612270347381 2
40 0.1 83.49007314524556 0.0 83.49007314524556 2.320887991927346 23.878049883608977 3
50 0.1 99.9001996007984 0.0 99.9001996007984 2.320887991927346 38.781055699018125 4
60 0.1 100.0 0.0 100.0 2.320887991927346 51.004884479374184 5
70 0.1 100.0 0.0 100.0 2.320887991927346 59.17073706614516 6
80 0.1 100.0 0.0 100.0 2.320887991927346 65.00348891383871 7
90 0.1 100.0 0.0 100.0 2.320887991927346 69.37805279960887 8
100 0.1 100.0 0.0 100.0 2.320887991927346 72.78049137743011 9
110 0.1 100.0 0.0 100.0 2.320887991927346 75.5024422396871 10
120 0.1 100.0 0.0 100.0 2.320887991927346 77.72949294517008 11
130 0.1 100.0 0.0 100.0 2.320887991927346 79.58536853307258 12
140 0.1 100.0 0.0 100.0 2.320887991927346 81.1557247997593 13
150 0.1 100.0 0.0 100.0 2.320887991927346 82.50174445691935 14
160 0.1 100.0 0.0 100.0 2.320887991927346 83.66829482645807 15
170 0.1 100.0 0.0 100.0 2.320887991927346 84.68902639980443 16
180 0.1 100.0 0.0 100.0 2.320887991927346 85.5896719056983 17
190 0.1 100.0 0.0 100.0 2.320887991927346 86.39024568871505 18
200 0.1 100.0 0.0 100.0 2.320887991927346 87.10654854720373 19
