10 0.1 0.83984375 0 0.83984375 0.83984375 0 0
20 0.1 0.7890625 0.0 0.83984375 0.7890625 0.83984375 1
30 0.1 0.8203125 0.0 0.83984375 0.7890625 0.814453125 2
40 0.1 0.8515625 0.0 0.8515625 0.7890625 0.81640625 3
50 0.1 0.87109375 0.0 0.87109375 0.7890625 0.8251953125 4
60 0.1 0.890625 0.0 0.890625 0.7890625 0.834375 5
70 0.1 0.91015625 0.0 0.91015625 0.7890625 0.84375 6
80 0.1 0.921875 0.0 0.921875 0.7890625 0.8532366071428571 7
90 0.1 0.94140625 0.0 0.94140625 0.7890625 0.86181640625 8
100 0.1 0.94921875 0.0 0.94921875 0.7890625 0.8706597222222222 9
110 0.1 0.94921875 0.0 0.94921875 0.7890625 0.878515625 10
120 0.1 0.9609375 0.0 0.9609375 0.7890625 0.8849431818181818 11
130 0.1 0.96875 0.0 0.96875 0.7890625 0.8912760416666666 12
140 0.1 0.96875 0.0 0.96875 0.7890625 0.8972355769230769 13
150 0.1 0.98046875 0.0 0.98046875 0.7890625 0.90234375 14
160 0.1 0.98046875 0.0 0.98046875 0.7890625 0.9075520833333334 15
170 0.1 0.98046875 0.0 0.98046875 0.7890625 0.912109375 16
180 0.1 0.98828125 0.0 0.98828125 0.7890625 0.9161305147058824 17
190 0.1 0.98828125 0.0 0.98828125 0.7890625 0.9201388888888888 18
200 0.1 0.98828125 0.0 0.98828125 0.7890625 0.9237253289473685 19
