10 551 0.981322178780059 0.48014034328918814 6.652099609375 0.19482421875 0 0
20 1464.4 1.2281407781130438 0.899449157618619 11.27099609375 0.171142578125 0.981322178780059 5510
30 2450.7 2.449888301206017 2.134501170516439 18.5859375 0.1669921875 1.1606618418063679 20154
40 2839.9 60.53515416097673 81.40927707623214 1392.925048828125 0.1669921875 1.8681039689532566 44661
50 2451.6 322.8720970707756 673.1588286833348 8056.27392578125 0.1669921875 24.67245051156583 73060
60 2625.2 417.43313117363874 1209.3085144592676 15389.84912109375 0.1669921875 99.59520339183955 97576
70 2811.3 660.2742808546243 2316.136837987953 21924.239990234375 0.1669921875 166.978035062607 123828
80 2609.2 726.4922741263196 3071.2113085141564 34000.09814453125 0.1669921875 258.2505510915326 151941
90 2519.4 934.7722429997903 3769.27201551203 44584.318115234375 0.1669921875 326.8746996337897 178033
100 2794.9 732.7957947941323 2868.002863599387 54374.5361328125 0.1669921875 402.2356049641002 203227
110 2773.2 932.5841633427889 4137.200726809189 61199.89404296875 0.1669921875 442.2000768191352 231176
120 2663 671.6426647339579 2997.6681662238498 61199.89404296875 0.1669921875 494.72580598731065 258908
130 2655.9 890.4533522450164 3642.833347153681 61199.89404296875 0.1669921875 511.22552213165295 285538
140 2727.1 824.3369081718274 3562.8845557851014 69244.86401367188 0.1669921875 543.4972579701289 312097
150 2500.2 828.2723740987443 3525.719714480765 69244.86401367188 0.1669921875 566.0650254103427 339368
160 2700.6 853.851968497018 3688.086547139032 109534.6279296875 0.1669921875 584.0569241174466 364370
170 2743.1 841.261119661606 3656.6752967884254 109534.6279296875 0.1669921875 602.6735101332337 391376
180 2482.5 999.8847099127477 4231.437340599443 109534.6279296875 0.1669921875 618.3005094837049 418807
190 2723.1 804.9069091285845 3565.8067552245598 109534.6279296875 0.1669921875 639.6534050720551 443632
200 2734.3 998.5630329253269 4124.053357870991 109534.6279296875 0.1669921875 649.2103636119348 470863
200 137.7 698.6455680941355 2852.1491659063418 109534.6279296875 0.1669921875 668.3838581845334 498206
