10 94.1 22.54816160293237 8.850084226139764 150.127197265625 15.1259765625 0 0
20 182.7 40.8444030461053 118.06480315675665 1100.64501953125 14.22607421875 22.54816160293237 941
30 272.4 192.53504323189077 299.5896905150574 3190.843017578125 14.1279296875 34.62447414508444 2768
40 243.8 1379.8169462033425 1359.5689213933213 8292.421142578125 14.1279296875 112.94719632142466 5492
50 222.6 3878.0496057337277 2813.6501506052887 16358.8662109375 14.1279296875 502.4337600303926 7930
60 286.7 7283.183170697809 4754.579950544479 26398.4912109375 14.1279296875 1242.3038735136167 10156
70 255 8321.429102424156 6486.838628568847 35820.695068359375 14.1279296875 2572.1972118401986 13023
80 277.6 10730.475083496805 8581.182220006272 44272.328125 14.1279296875 3513.6048610400376 15573
90 257.1 12382.831404328006 10492.615541848852 53372.89599609375 14.1279296875 4605.437208172851 18349
100 241.6 13196.649622734032 11390.130448468904 58759.947998046875 14.1279296875 5561.253674631498 20920
110 284.4 13004.36111694853 12187.214539829867 77302.57177734375 14.1279296875 6351.754043615716 23336
120 304 14679.791706848151 14657.69461826769 86129.9619140625 14.1279296875 7074.443673736362 26180
130 270.4 18470.13773151824 20512.469910038573 94437.80786132813 14.1279296875 7865.691381493373 29220
140 296.4 19551.134254198176 21934.026458302775 105656.98193359375 14.1279296875 8763.900344357275 31924
150 235.6 22053.24907473191 24311.765260937784 105656.98193359375 14.1279296875 9680.357616449928 34888
160 259 24738.141052010487 25441.510996162557 115647.15087890625 14.1279296875 10463.04831228583 37244
170 294.1 28772.19372263899 27404.693397237297 124018.833984375 14.1279296875 11391.212448347658 39834
180 298.4 28859.63229991923 27800.11046244567 126626.10888671875 14.1279296875 12586.243796744871 42775
190 306.8 29460.52736993066 27752.451664750603 143676.66088867188 14.1279296875 13647.451237761332 45759
200 297.6 30328.64989512455 29206.220418486737 158540.44409179688 14.1279296875 14641.051450215415 48827
