10 941.5 2.1151419049555082 1.3064293947531582 53.114990234375 0.987060546875 0 0
20 1828 3.923623169746656 36.27939274342953 1007.5810546875 0.987060546875 2.1151419049555082 9415
30 2757 19.263991329952667 83.97323664686667 2536.944091796875 0.968994140625 3.308824429612745 27695
40 2920.1 157.21048148266772 455.9729335193574 7799.431884765625 0.968994140625 11.268363947252691 55265
50 2991.7 449.8847537594883 1092.3887512905314 15070.6689453125 0.968994140625 61.72246114792106 84466
60 3014.4 861.0085329594407 2088.7893441251003 15768.198974609375 0.968994140625 163.24673755315837 114383
70 3124 879.2660227132035 2439.178102875914 31474.84912109375 0.968994140625 308.77893264976296 144527
80 2785.1 1185.0376422662018 3518.976300655285 32383.26513671875 0.968994140625 410.1746252062831 175767
90 2883.7 1328.5195704740433 3758.9310323867076 32886.14599609375 0.968994140625 516.1608832391477 203618
100 2967.2 1247.8388321692187 3709.345600132643 34540.12109375 0.968994140625 616.9373236847939 232455
110 3090 1232.2160156961133 3553.0489774179364 34540.12109375 0.968994140625 688.3535057635186 262127
120 3107.9 1267.1959029575428 3899.024554025987 34540.12109375 0.968994140625 745.704369530056 293027
130 3037.1 1489.5175951105848 4416.636254222236 34540.12109375 0.968994140625 795.7109580146656 324106
140 3130.2 1380.157665457176 3898.761378330514 34540.12109375 0.968994140625 855.155157145329 354477
150 2960.9 1338.1461978195914 3759.5571280119325 34848.949951171875 0.968994140625 897.7537136120558 385779
160 2937.4 1943.4523768445433 4600.748527000563 34919.889892578125 0.968994140625 929.1450418759945 415388
170 3079.7 1709.9444512972473 4483.438444354473 34919.889892578125 0.968994140625 996.1342713006444 444762
180 2992.8 2017.6455907834447 5247.073174188067 34919.889892578125 0.968994140625 1042.3603170980225 475559
190 2999.7 1726.1296240138367 4492.817494387156 35964.1728515625 0.968994140625 1100.1033207180114 505487
200 3086.3 1662.1529830894567 4724.560773887155 38916.881103515625 0.968994140625 1135.1723629675741 535484
