10 544.9 2.4834776969541483 13.537305688714868 999.8369140625 1.2509765625 0 0
20 1544.7 6.573979730211577 107.31520415198753 11144.320068359375 1.246826171875 2.4834776969541483 5449
30 2380.5 31.295841127783028 151.04230572508663 12758.85400390625 1.246826171875 5.507309287101903 20896
40 2762.1 181.57048392258787 292.43079190132886 12758.85400390625 1.246826171875 19.240693338183853 44701
50 2838.1 571.7036043349075 599.8514060595545 12758.85400390625 1.246826171875 81.23719710926075 72322
60 2959.7 1159.7676675670652 1452.6117432445662 16489.76806640625 1.246826171875 219.46472859760846 100703
70 2983.8 1266.827352158041 1932.6876080271575 23259.505126953125 1.246826171875 433.04988657672595 130300
80 3002.3 1542.273873501992 2424.3755123239207 56296.242919921875 1.246826171875 588.4049679316529 160138
90 2511.7 1765.4122405287778 2774.2814665831274 56296.242919921875 1.246826171875 739.003703486989 190161
100 3042.2 1860.4254212505155 3142.012777545353 56296.242919921875 1.246826171875 858.757246463413 215278
110 2962.9 1949.7922894920966 3251.726536895151 56296.242919921875 1.246826171875 982.7814597860554 245700
120 2897.3 2060.000557319469 3622.8146545338905 56296.242919921875 1.246826171875 1086.8444675816756 275329
130 2889.1 1852.616702683416 3754.3958575361485 71161.48999023438 1.246826171875 1179.4999591261712 304302
140 3072.5 1837.6256586592272 3814.342706867814 83968.50317382813 1.246826171875 1237.8655785662925 333193
150 2963 2032.3543289684103 3847.750708471748 87796.91479492188 1.246826171875 1288.50233866295 363918
160 2806.3 2265.705745612051 4416.667057595442 87796.91479492188 1.246826171875 1344.5065223273334 393548
170 3022.1 2209.0151827016152 4538.222112610345 103746.27490234375 1.246826171875 1405.8227920713368 421611
180 2856 2407.286841410141 4812.689109488766 103746.27490234375 1.246826171875 1459.5447002966014 451832
190 2128.7 3379.311721702116 5660.893102210683 114826.39697265625 1.246826171875 1515.8893429013963 480392
200 2848.3 2863.7526878697236 5820.077124572928 114826.39697265625 1.246826171875 1594.9571774679835 501679
200 0 0 0 114826.39697265625 1.246826171875 1663.123327668814 530162
