10 54.4 28.357470792882584 43.03256885976588 1025.87890625 18.76318359375 0 0
20 154.7 69.0574667892998 337.996685683805 11169.598876953125 18.76318359375 28.357470792882584 544
30 226.8 288.0393126687886 427.05321262264675 11169.598876953125 18.76318359375 58.46884994470345 2091
40 251.6 1647.602871990356 1084.5899011016472 26893.783935546875 18.76318359375 177.91500949006365 4359
50 210.9 4562.383472918337 1734.604348233812 26893.783935546875 18.76318359375 715.7673239701708 6875
60 243.7 9097.604263574885 2755.8558138620633 26893.783935546875 18.76318359375 1618.7630339135906 8984
70 269.5 12259.948380065822 4672.6840532638835 27975.9560546875 18.76318359375 3214.589675773723 11421
80 278.3 13658.140578154487 6438.004243215312 36688.483154296875 18.76318359375 4941.512437750714 14116
90 237.7 15434.644573977183 7376.272321673578 41787.260986328125 18.76318359375 6377.004248789456 16899
100 284.1 17883.02884176451 8907.08132073716 77570.90307617188 18.76318359375 7493.937795841293 19276
110 261.2 18839.074740493103 9380.029857629004 77570.90307617188 18.76318359375 8828.450056159956 22117
120 304.2 19760.426959497374 10210.715722508481 77570.90307617188 18.76318359375 9885.82203543442 24729
130 309.6 19200.090988277425 11280.551756674884 77570.90307617188 18.76318359375 10967.473692882819 27771
140 295.4 18734.103238342694 12902.888777435768 88325.796875 18.76318359375 11793.215849442955 30867
150 251 19291.05054858693 12552.572965287096 99937.162109375 18.76318359375 12399.44811184826 33821
160 277.6 20948.205005480835 13250.727445616132 104864.97607421875 18.76318359375 12875.568287902155 36331
170 281.3 21630.02152178156 13052.140987561113 109118.14013671875 18.76318359375 13448.60225951845 39107
180 258.1 22933.873440659358 14806.182430932015 124036.26586914063 18.76318359375 13997.608280146935 41920
190 180.8 26074.799662497175 14735.76997988528 125513.72314453125 18.76318359375 14515.900012451435 44501
200 260.3 27973.09896305419 15575.058552786979 132697.26098632813 18.76318359375 14967.183576494768 46309
200 0 0 0 132697.26098632813 18.76318359375 15659.332696367483 48912
