10 87.6 1.1624585852775404 0.41751818327806217 9.738037109375 0.572021484375 0 0
20 180.8 1.0835506472967347 0.44234963562343715 12.31005859375 0.510009765625 1.1624585852775404 876
30 278.2 1.1085093626437792 0.7690761811329392 13.904052734375 0.39990234375 1.1093045048493375 2684
40 372.4 1.0105616388208263 0.33222656341491125 13.904052734375 0.39990234375 1.1088998056880015 5466
50 466 1.073838184012874 0.4945891467740519 13.932861328125 0.39990234375 1.06905091195423 9190
60 550.8 1.058924678450662 0.3975615518444025 13.932861328125 0.39990234375 1.0706616475349722 13850
70 656.7 2.4209513030350704 34.86836605789607 1009.734130859375 0.39990234375 1.0673220863346218 19358
80 733 5.332925910481321 62.75657740121805 1012.591064453125 0.39990234375 1.4102066790471328 25925
90 812.6 9.968156413201063 92.29726520731184 1012.591064453125 0.39990234375 2.2748445370057135 33255
100 880.6 41.523873326780105 198.5681181987794 3006.660888671875 0.39990234375 3.7855826125950762 41381
110 963.7 61.774215294486744 240.56614371175587 3006.660888671875 0.380859375 10.407285205479955 50187
120 984.3 282.64820963045696 584.9380768855983 7092.316162109375 0.380859375 18.681942621696834 59824
130 938.8 783.2502749572656 1323.1222421962673 10583.81201171875 0.380859375 55.97678761526948 69667
140 943.4 1841.8396440432812 3421.082608319378 18170.203125 0.380859375 142.34252664716703 79055
150 945.9 2343.0199919399324 4656.656128536621 32417.5927734375 0.380859375 323.5295194430506 88489
160 951.4 2389.875006312655 5946.943663759403 34674.361083984375 0.380859375 518.5550470632982 97948
170 924.3 3177.6007233937244 6237.861252929074 38403.85791015625 0.380859375 684.2297794551984 107462
180 942.2 1950.929496089812 3847.284967223248 38403.85791015625 0.380859375 881.7039890848098 116705
190 907.1 2244.935287796879 4341.259190779274 38456.659912109375 0.380859375 961.5777887232783 126127
200 932 2103.0569307122564 4694.312885142637 38456.659912109375 0.380859375 1047.6836177599257 135198
