10 87.6 10.37758939560146 1.677155206724185 25.77392578125 7.97900390625 0 0
20 180.7 10.380434324415488 1.7644333680723765 29.5791015625 7.7060546875 10.37758939560146 876
30 278.1 11.480252877365382 4.620123369444577 73.85400390625 7.47998046875 10.37950545462753 2683
40 372.2 11.149810709023216 2.4214985740054598 73.85400390625 7.330078125 10.939750436807978 5464
50 466 12.34935103649745 5.611477424887507 216.296875 7.330078125 11.024863035674201 9186
60 550.8 13.110806555876112 8.79036404340793 226.1650390625 7.330078125 11.470631783604025 13846
70 656.7 19.126171146333025 44.045017147996724 1219.199951171875 7.330078125 11.937412947480984 19354
80 730.5 30.76891660383512 78.03981532532235 1223.3369140625 7.330078125 13.7586611667573 25921
90 810.1 51.51792259202183 128.73140898265999 3560.864990234375 7.330078125 17.498500929829998 33226
100 880.2 192.94144438830517 327.2977919048276 4148.76708984375 7.330078125 24.167055020023238 41327
110 933 355.90043809242684 452.356941447453 4913.843017578125 7.330078125 53.80164129183432 50129
120 919.9 1031.216692705856 899.7657057321233 9899.56591796875 7.330078125 101.2054283408854 59459
130 963.3 1758.3225119705714 1551.567217071624 11707.51416015625 7.330078125 225.81106236595699 68658
140 918.4 2688.25178873415 3469.55290035748 28142.9150390625 7.330078125 414.372746263739 78291
150 955.4 3265.536905353786 4693.796435461058 32143.0830078125 7.330078125 653.1073004340534 87475
160 952 3401.485700488689 6067.655101032828 38097.251953125 7.330078125 910.3412453928094 97029
170 913.6 4171.846427155897 6380.244411249201 47088.90380859375 7.330078125 1132.9214217671795 106549
180 928.7 3068.734736097835 4012.0134782100668 47088.90380859375 7.330078125 1372.914669372585 115685
190 954.3 3265.704898044744 4510.622041713854 47088.90380859375 7.330078125 1498.9355457263073 124972
200 942.5 3060.4169060324116 4783.075960644898 47088.90380859375 7.330078125 1624.2768082559496 134515
