20 0.1 3204 0 3204 3204 0 0
30 0.1 5862.0 0.0 5862 3204 3204.0 1
40 0.1 8558.0 0.0 8558 3204 4533.0 2
50 0.1 10988.0 0.0 10988 3204 5874.666666666667 3
60 0.1 13225.0 0.0 13225 3204 7153.0 4
70 0.1 15908.0 0.0 15908 3204 8367.4 5
80 0.1 18089.0 0.0 18089 3204 9624.166666666666 6
90 0.1 20285.0 0.0 20285 3204 10833.42857142857 7
100 0.1 23080.0 0.0 23080 3204 12014.875 8
110 0.1 24364.0 0.0 24364 3204 13244.333333333334 9
120 0.1 30750.0 0.0 30750 3204 14356.3 10
130 0.1 29169.0 0.0 30750 3204 15846.636363636364 11
140 0.1 27874.0 0.0 30750 3204 16956.833333333332 12
150 0.1 27529.0 0.0 30750 3204 17796.615384615383 13
160 0.1 27150.0 0.0 30750 3204 18491.785714285714 14
170 0.1 24340.0 0.0 30750 3204 19069.0 15
180 0.1 26238.0 0.0 30750 3204 19398.4375 16
190 0.1 31629.0 0.0 31629 3204 19800.764705882353 17
200 0.1 26612.0 0.0 31629 3204 20457.88888888889 18
