0 0.1 1370.6015625 0 1370.6015625 1370.6015625 0 0
10 0.1 1370.51171875 0.0 1370.6015625 1370.51171875 1370.6015625 1
20 0.1 1370.1640625 0.0 1370.6015625 1370.1640625 1370.556640625 2
30 0.1 1370.76953125 0.0 1370.76953125 1370.1640625 1370.42578125 3
40 0.1 1370.640625 0.0 1370.76953125 1370.1640625 1370.51171875 4
50 0.1 1369.0 0.0 1370.76953125 1369.0 1370.5375 5
60 0.1 1369.0859375 0.0 1370.76953125 1369.0 1370.28125 6
70 0.1 1370.1640625 0.0 1370.76953125 1369.0 1370.1104910714287 7
80 0.1 1369.4765625 0.0 1370.76953125 1369.0 1370.1171875 8
90 0.1 1369.42578125 0.0 1370.76953125 1369.0 1370.0460069444443 9
100 0.1 1369.8046875 0.0 1370.76953125 1369.0 1369.983984375 10
110 0.1 1369.7421875 0.0 1370.76953125 1369.0 1369.967684659091 11
120 0.1 1370.09375 0.0 1370.76953125 1369.0 1369.9488932291667 12
130 0.1 1369.85546875 0.0 1370.76953125 1369.0 1369.9600360576924 13
140 0.1 1369.62890625 0.0 1370.76953125 1369.0 1369.9525669642858 14
150 0.1 1370.3671875 0.0 1370.76953125 1369.0 1369.9309895833333 15
160 0.1 1369.453125 0.0 1370.76953125 1369.0 1369.958251953125 16
170 0.1 1368.7578125 0.0 1370.76953125 1368.7578125 1369.9285386029412 17
180 0.1 1369.0859375 0.0 1370.76953125 1368.7578125 1369.863498263889 18
190 0.1 1368.1015625 0.0 1370.76953125 1368.1015625 1369.822574013158 19
200 0.1 1368.75390625 0.0 1370.76953125 1368.1015625 1369.7365234375 20
