0 0.1 5.609375 0 5.609375 5.609375 0 0
10 0.1 4.98046875 0.0 5.609375 4.98046875 5.609375 1
20 0.1 4.2109375 0.0 5.609375 4.2109375 5.294921875 2
30 0.1 3.7890625 0.0 5.609375 3.7890625 4.93359375 3
40 0.1 3.6015625 0.0 5.609375 3.6015625 4.6474609375 4
50 0.1 3.4296875 0.0 5.609375 3.4296875 4.43828125 5
60 0.1 3.62109375 0.0 5.609375 3.4296875 4.270182291666667 6
70 0.1 3.2890625 0.0 5.609375 3.2890625 4.177455357142857 7
80 0.1 3.26171875 0.0 5.609375 3.26171875 4.06640625 8
90 0.1 3.0703125 0.0 5.609375 3.0703125 3.9769965277777777 9
100 0.1 3.05078125 0.0 5.609375 3.05078125 3.886328125 10
110 0.1 3.28125 0.0 5.609375 3.05078125 3.8103693181818183 11
120 0.1 3.16015625 0.0 5.609375 3.05078125 3.7662760416666665 12
130 0.1 3.140625 0.0 5.609375 3.05078125 3.7196514423076925 13
140 0.1 2.87890625 0.0 5.609375 2.87890625 3.6782924107142856 14
150 0.1 2.80859375 0.0 5.609375 2.80859375 3.625 15
160 0.1 2.98828125 0.0 5.609375 2.80859375 3.573974609375 16
170 0.1 3.078125 0.0 5.609375 2.80859375 3.5395220588235294 17
180 0.1 3.0703125 0.0 5.609375 2.80859375 3.513888888888889 18
190 0.1 2.91015625 0.0 5.609375 2.80859375 3.4905427631578947 19
200 0.1 2.76171875 0.0 5.609375 2.76171875 3.4615234375 20
