10 90.7 21.53507119108325 3.519006481561961 48.97509765625 15.156982421875 0 0
20 178.8 25.784510806636263 27.46061678951972 1030.18017578125 15.156982421875 21.53507119108325 907
30 281 93.588623481289 174.67966379407858 2286.737060546875 15.156982421875 24.354365451791523 2695
40 283.9 1001.6297594952565 781.0515027539705 5885.590087890625 15.156982421875 59.69464975022711 5505
50 267.3 3030.4986727993155 1872.5899543367623 13869.84814453125 15.156982421875 380.1828780059963 8344
60 273.1 6158.061840078327 3548.8727233025556 21265.255859375 15.156982421875 1023.2158379299813 11017
70 332.4 8493.887271665353 5757.604670354757 33298.11376953125 15.156982421875 2043.237981650314 13748
80 333.2 9486.780385469661 7896.0026681508125 42820.235107421875 15.156982421875 3299.2102309479938 17072
90 314.8 11183.720003741206 9942.467887905425 47666.515869140625 15.156982421875 4309.648564356452 20404
100 309.7 10828.703330276783 9684.840228805784 54378.113037109375 15.156982421875 5228.4485342606295 23552
110 309.2 11246.188080426165 9549.303961498392 64358.844970703125 15.156982421875 5879.27930101593 26649
120 296.3 12719.555089264995 12238.587280518617 82447.86108398438 15.156982421875 6437.245810075358 29741
130 332 17026.935356415906 16717.60458588383 86807.47314453125 15.156982421875 7006.426411660452 32704
140 298.5 18244.659723748944 18762.704371039537 98635.48510742188 15.156982421875 7929.924349051861 36024
150 316.4 20839.332848318594 21795.33841199691 101048.52880859375 15.156982421875 8719.216181538488 39009
160 303.3 21901.372679013944 22057.548842572312 110889.26391601563 15.156982421875 9628.519506739261 42173
170 318.8 22649.204415774864 22222.741243173426 116190.84301757813 15.156982421875 10451.940372808127 45206
180 317.3 24336.457929946002 23820.21821661127 126805.56396484375 15.156982421875 11255.446546486226 48394
190 327.8 24475.480766962017 24802.25228871975 128510.51000976563 15.156982421875 12060.34210216559 51567
200 299.5 25224.51503074785 25342.457302611245 161808.93188476563 15.156982421875 12802.375551763596 54845
