10 0.1 539 0 539 539 0 0
20 0.1 3270.0 0.0 3270 539 539.0 1
30 0.1 6148.0 0.0 6148 539 1904.5 2
40 0.1 8587.0 0.0 8587 539 3319.0 3
50 0.1 11130.0 0.0 11130 539 4636.0 4
60 0.1 12505.0 0.0 12505 539 5934.8 5
70 0.1 11277.0 0.0 12505 539 7029.833333333333 6
80 0.1 11288.0 0.0 12505 539 7636.571428571428 7
90 0.1 12432.0 0.0 12505 539 8093.0 8
100 0.1 13415.0 0.0 13415 539 8575.111111111111 9
110 0.1 12242.0 0.0 13415 539 9059.1 10
120 0.1 13510.0 0.0 13510 539 9348.454545454546 11
130 0.1 11887.0 0.0 13510 539 9695.25 12
140 0.1 14371.0 0.0 14371 539 9863.846153846154 13
150 0.1 14342.0 0.0 14371 539 10185.785714285714 14
160 0.1 16356.0 0.0 16356 539 10462.866666666667 15
170 0.1 14054.0 0.0 16356 539 10831.1875 16
180 0.1 15942.0 0.0 16356 539 11020.764705882353 17
190 0.1 15758.0 0.0 16356 539 11294.166666666666 18
200 0.1 16527.0 0.0 16527 539 11529.105263157895 19
