10 0.1 2.8485001260398284 0 2.8485001260398284 2.8485001260398284 0 0
20 0.1 27.91108865875221 0.0 27.91108865875221 2.8485001260398284 2.8485001260398284 1
30 0.1 34.97390007457122 0.0 34.97390007457122 2.8485001260398284 15.379794392396018 2
40 0.1 48.929440389294406 0.0 48.929440389294406 2.8485001260398284 21.91116295312109 3
50 0.1 61.09725685785536 0.0 61.09725685785536 2.8485001260398284 28.665732312164415 4
60 0.1 71.13169754631949 0.0 71.13169754631949 2.8485001260398284 35.152037221302606 5
70 0.1 75.68426197458456 0.0 75.68426197458456 2.8485001260398284 41.14864727547209 6
80 0.1 92.09495275409081 0.0 92.09495275409081 2.8485001260398284 46.08230651820244 7
90 0.1 92.15686274509804 0.0 92.15686274509804 2.8485001260398284 51.833887297688484 8
100 0.1 90.64699205448355 0.0 92.15686274509804 2.8485001260398284 56.314217902956216 9
110 0.1 88.37266470009833 0.0 92.15686274509804 2.8485001260398284 59.74749531810895 10
130 0.1 87.13017751479289 0.0 92.15686274509804 2.8485001260398284 62.34978344374435 11
140 0.1 90.15187470336971 0.0 92.15686274509804 2.8485001260398284 64.41481628299839 12
150 0.1 88.86934673366834 0.0 92.15686274509804 2.8485001260398284 66.39459000764234 13
160 0.1 89.32726353060193 0.0 92.15686274509804 2.8485001260398284 67.99992977378704 14
170 0.1 91.7910447761194 0.0 92.15686274509804 2.8485001260398284 69.42175202424137 15
180 0.1 93.22444041137327 0.0 93.22444041137327 2.8485001260398284 70.81983282123375 16
200 0.1 92.61074088592709 0.0 93.22444041137327 2.8485001260398284 72.13775091477136 17
