10 0.1 3.578125 0 3.578125 3.578125 0 0
20 0.1 3.03125 0.0 3.578125 3.03125 3.578125 1
30 0.1 2.71875 0.0 3.578125 2.71875 3.3046875 2
40 0.1 2.4609375 0.0 3.578125 2.4609375 3.109375 3
50 0.1 2.16015625 0.0 3.578125 2.16015625 2.947265625 4
60 0.1 2.05859375 0.0 3.578125 2.05859375 2.78984375 5
70 0.1 2.12109375 0.0 3.578125 2.05859375 2.66796875 6
80 0.1 2.03125 0.0 3.578125 2.03125 2.58984375 7
90 0.1 2.1796875 0.0 3.578125 2.03125 2.52001953125 8
100 0.1 2.0703125 0.0 3.578125 2.03125 2.482204861111111 9
110 0.1 2.2109375 0.0 3.578125 2.03125 2.441015625 10
120 0.1 2.328125 0.0 3.578125 2.03125 2.4200994318181817 11
130 0.1 2.4296875 0.0 3.578125 2.03125 2.4124348958333335 12
140 0.1 2.51953125 0.0 3.578125 2.03125 2.413762019230769 13
150 0.1 2.58984375 0.0 3.578125 2.03125 2.4213169642857144 14
160 0.1 2.66015625 0.0 3.578125 2.03125 2.4325520833333334 15
170 0.1 2.7109375 0.0 3.578125 2.03125 2.44677734375 16
180 0.1 2.75 0.0 3.578125 2.03125 2.4623161764705883 17
190 0.1 2.7890625 0.0 3.578125 2.03125 2.478298611111111 18
200 0.1 2.8203125 0.0 3.578125 2.03125 2.494654605263158 19
