10 58.5 10.85251110109509 2.9169338721071187 59.10302734375 7.68603515625 0 0
20 155.9 13.357924406921514 5.068275622101996 59.10302734375 7.68603515625 10.85251110109509 585
30 232.7 112.55356216594592 134.5634689396769 441.388916015625 7.625 12.67431116815824 2144
40 230.8 1343.477720475487 684.878974129686 3232.51611328125 7.625 64.65798754298534 4471
50 168.8 5674.704231876891 1839.9953022798813 8791.656982421875 7.625 500.04903985279714 6779
60 185.8 12130.62553190596 1587.9269378424835 14184.801025390625 7.625 1531.679837554069 8467
70 280.9 16386.32424578016 981.7701454600025 17815.526123046875 7.625 3438.97679640209 10325
80 174.3 19265.73942183354 1154.1374329868986 22419.756103515625 7.625 6208.056968878334 13134
90 264.1 21770.746124718262 926.1729085342762 24894.22900390625 7.625 7737.90441900275 14877
100 228.8 24642.875110332767 1272.9505530974545 29322.4208984375 7.625 9853.484676155087 17518
110 318.3 26301.210601317624 775.1659997619219 29791.692138671875 7.625 11561.963183344755 19806
120 252.1 26586.33672250753 922.1757770532417 29791.692138671875 7.625 13602.722874127634 22989
130 207.6 30382.272232790667 1749.5956706759555 34874.505859375 7.625 14885.815406929112 25510
140 316.3 31522.737583484824 2253.9974828387603 37067.737060546875 7.625 16052.01001181886 27586
150 256.5 32225.34906027275 1264.8750246238712 37067.737060546875 7.625 17643.408473855983 30749
160 201.9 35410.60434720246 853.6903941782765 38633.552978515625 7.625 18766.13998625795 33314
170 343.9 35797.6509396752 2885.5146745089737 46663.72900390625 7.625 19717.2387761922 35333
180 269.8 39579.05247240801 5318.303563269064 51777.77294921875 7.625 21143.539648734702 38772
190 208.2 38465.26175779841 4931.897514498026 54350.713134765625 7.625 22342.93713121048 41470
200 222.6 39462.780184599236 6187.740582937719 67216.94897460938 7.625 23113.663616160797 43552
