10 59 13.148650192002108 3.152220432713117 61.162841796875 8.926025390625 0 0
20 156.3 15.354594186110445 5.031125514316731 61.162841796875 8.926025390625 13.148650192002108 590
30 232.3 115.23719549158551 134.98380615906106 442.719970703125 8.926025390625 14.750085613642298 2153
40 237.3 1395.2212852352648 728.3414447589696 3233.820068359375 8.926025390625 66.90190783135054 4476
50 166.5 5875.877641704211 1829.441405620356 8794.3818359375 8.926025390625 527.1299531780418 6849
60 181.2 12221.43175488067 1508.9178840714455 14185.878173828125 8.926025390625 1573.1324081223772 8514
70 300.1 16455.072872437693 982.3033672268338 17881.705078125 8.926025390625 3441.689295235105 10326
80 155 19497.71189972905 1007.4747334171866 22421.825927734375 8.926025390625 6372.068534012396 13327
90 264.4 21771.739813961816 925.8222094768296 24895.7529296875 8.926025390625 7739.598763014265 14877
100 239.3 24690.615696334375 1253.605924630513 29324.126220703125 8.926025390625 9857.113798611854 17521
110 314.1 26372.296380034215 824.3998286684835 29793.06689453125 8.926025390625 11639.607021532913 19914
120 245.6 26539.906556965125 884.0303193275873 29793.06689453125 8.926025390625 13646.780184623462 23055
130 207.5 30384.917856974775 1749.4616713338462 34875.6181640625 8.926025390625 14888.029777758624 25511
140 316.3 31524.4255636615 2253.9969756424207 37069.1669921875 8.926025390625 16053.695070456859 27586
150 257 32225.933135487598 1264.4466889640664 37069.1669921875 8.926025390625 17645.093833018447 30749
160 201.4 35421.63572909549 832.8889391022442 38637.455078125 8.926025390625 18769.760149755017 33319
170 343.9 35799.33606613707 2885.4884012490143 46665.2001953125 8.926025390625 19718.926012172353 35333
180 270.5 39566.03977389243 5320.50989993759 51779.182861328125 8.926025390625 21145.22669760474 38772
190 207.5 38482.39599126978 4931.239956985529 54353.0869140625 8.926025390625 22346.57441733756 41477
200 243.7 39412.82945830636 5974.003291209648 67218.68115234375 8.926025390625 23115.352654063987 43552
