10 523.2 0.9341386800876815 0.27895730402015934 6.098876953125 0.444091796875 0 0
20 1146.5 0.9380673687581763 0.33226919207252104 13.566162109375 0.4208984375 0.9341386800876815 5232
30 1269.5 1.3446740612076507 19.812611999734766 1000.213134765625 0.389892578125 0.9368363153279775 16697
40 1764.9 467.6613624975199 951.2239693737288 7031.900146484375 0.389892578125 1.1129896966542723 29392
50 2486.7 758.2088093815381 1576.551728838661 15052.364013671875 0.389892578125 176.15417146495167 47041
60 2471.3 881.0302671544326 2029.251258703181 15053.14697265625 0.389892578125 377.4384886629234 71908
70 2370.7 996.6653699967803 2704.6745789026786 31090.528076171875 0.389892578125 506.2434443336437 96621
80 1359.3 1343.0660367791809 2284.5560273602905 31094.15087890625 0.389892578125 602.8662801797975 120328
90 2378.8 1535.9463241317953 3430.684301445866 31094.15087890625 0.389892578125 677.9966577266753 133921
100 2455.5 1468.031616663329 3461.708698616659 31101.90283203125 0.389892578125 807.4052942943093 157709
110 2411.3 1812.0053699800153 4393.555384965154 31110.51318359375 0.389892578125 896.4063002294982 182264
120 2507.8 1449.4580010464992 3527.334181933133 31110.51318359375 0.389892578125 1003.3845021071019 206377
130 2371.4 1934.5920840701965 4216.134572881333 31148.137939453125 0.389892578125 1051.71627807393 231455
140 2405.9 1802.8815928217834 3850.895012893698 31148.137939453125 0.389892578125 1133.7658877968802 255169
150 2465.8 1968.1474957298665 4653.398838270045 31148.137939453125 0.389892578125 1191.4186115466264 279228
160 2357.8 2109.2655637836233 4292.873839855352 31148.137939453125 0.389892578125 1254.4441567385416 303886
170 2460.1 2234.1180243721183 5012.660351024354 32592.3701171875 0.389892578125 1315.9928434195474 327464
180 2436.5 2711.4915159504594 5444.601552720829 32592.3701171875 0.389892578125 1380.148035150092 352065
190 2397.3 2287.0064964136745 4461.663959594124 32592.3701171875 0.389892578125 1466.3212517101456 376430
200 2358 2490.169791138645 4912.093306421237 32592.3701171875 0.389892578125 1515.4574654030444 400403
