20 0.1 3188 0 3188 3188 0 0
30 0.1 9996.0 0.0 9996 3188 3188.0 1
40 0.1 7675.0 0.0 9996 3188 6592.0 2
50 0.1 7034.0 0.0 9996 3188 6953.0 3
60 0.1 9396.0 0.0 9996 3188 6973.25 4
70 0.1 9189.0 0.0 9996 3188 7457.8 5
80 0.1 8760.0 0.0 9996 3188 7746.333333333333 6
90 0.1 9265.0 0.0 9996 3188 7891.142857142857 7
100 0.1 8725.0 0.0 9996 3188 8062.875 8
110 0.1 12337.0 0.0 12337 3188 8136.444444444444 9
120 0.1 11897.0 0.0 12337 3188 8556.5 10
130 0.1 12180.0 0.0 12337 3188 8860.181818181818 11
140 0.1 10439.0 0.0 12337 3188 9136.833333333334 12
150 0.1 12778.0 0.0 12778 3188 9237.0 13
160 0.1 15079.0 0.0 15079 3188 9489.92857142857 14
170 0.1 12075.0 0.0 15079 3188 9862.533333333333 15
180 0.1 1.64e4 0.0 16400 3188 10000.8125 16
190 0.1 13671.0 0.0 16400 3188 10377.235294117647 17
200 0.1 14634.0 0.0 16400 3188 10560.222222222223 18
