0 0.4 33.02374267578125 6.24512516018237 42.56298828125 27.346923828125 0 0
10 90.3 38.76195964623128 17.317856265867704 117.901123046875 19.473876953125 33.02374267578125 4
20 97.9 2405.350680451591 1695.7898658871372 5550.531005859375 19.473876953125 38.73665328693492 907
30 122.3 4684.130949605216 1282.7932058229253 10344.580078125 19.473876953125 1267.2176355744207 1886
40 26.1 11901.61180143977 2514.9228700095123 17290.859130859375 19.473876953125 2611.3427507431766 3109
50 21.1 21584.280603200903 3210.1617552778316 26776.515869140625 19.473876953125 3330.856169803061 3370
60 0 0 0 26776.515869140625 19.473876953125 4406.3860652085195 3581
70 7.2 37279.105736626516 1125.4572914449764 41768.0439453125 19.473876953125 4406.3860652085195 3581
80 0.9 48853.757568359375 1073.835888550084 50407.502197265625 19.473876953125 5054.301700670358 3653
90 3.9 61930.10796649639 1548.924872649916 65845.21801757813 19.473876953125 5161.946458400887 3662
100 1.3 72847.02371920072 1456.238653515976 75908.28686523438 19.473876953125 5760.1518890455045 3701
110 0.6 76759.42004394531 634.2293621320197 77913.47802734375 19.473876953125 5994.974003690635 3714
120 3 85655.1052734375 1685.7056431131389 90107.67504882813 19.473876953125 6109.110206981369 3720
130 5.2 99007.6019897461 2699.2771698872425 105928.54614257813 19.473876953125 6745.478167513018 3750
140 0.6 108422.12813313802 4016.5215593283865 115242.47607421875 19.473876953125 8007.348351299477 3802
150 9 116550.73717447916 4918.260869884004 126931.0029296875 19.473876953125 8165.564916081787 3808
160 5.5 128692.12231889204 3738.9351763011305 135128.06518554688 19.473876953125 10668.044521842628 3898
170 3.9 138430.80554512225 3514.6643250198945 146196.81396484375 19.473876953125 12310.170572649033 3953
180 4.1 145894.47173327935 7078.56334022072 156221.96411132813 19.473876953125 13542.311044574497 3992
190 0.6 155813.9991455078 2657.8941936810506 159825.89892578125 19.473876953125 14887.820240765148 4033
200 7.2 164030.58040025496 17117.46056827561 177538.08911132813 19.473876953125 15097.168364911833 4039
