0 70 1.0599194335937503 0.3436587970143061 4.384033203125 0.434814453125 0 0
10 740.9 1.4792520670067624 20.16755890322976 1003.27783203125 0.35693359375 1.0599194335937503 700
20 1541.6 11.920563852718967 102.26011589658034 3006.677001953125 0.35693359375 1.4430536648130137 8109
30 2526.3 11.126351147259015 90.94430328111481 3006.677001953125 0.35693359375 8.308996153941948 23525
40 2599.7 11.748279661775856 118.0619077612144 7012.15185546875 0.22998046875 9.767855693094385 48788
50 2499.5 373.0542822529354 788.3451813928126 7032.930908203125 0.22998046875 10.45629698364479 74785
60 2454.8 693.8524160274782 1534.1729024858807 15050.97607421875 0.22998046875 101.28749203080773 99780
70 2471.5 764.107104457614 1734.2995809435138 15083.328125 0.22998046875 218.286750076222 124328
80 2486.5 987.745201657311 2170.5770776242466 31074.157958984375 0.22998046875 308.79720718280265 149043
90 2429.9 1066.8413165110596 2559.0815182135025 31089.912109375 0.22998046875 405.87176316992606 173908
100 2421.7 1243.5169621631571 2959.9430178221896 31114.4990234375 0.22998046875 486.9027014144694 198207
110 2433.2 1337.441949335459 3527.577759535241 31138.177978515625 0.22998046875 569.2810758369732 222424
120 2420.3 1445.8567910312847 3119.0064857095094 31138.177978515625 0.22998046875 645.027523234261 246756
130 2458.1 1585.4034526575606 3706.8060449021377 31138.177978515625 0.22998046875 716.5603779041238 270959
140 2444.2 1761.9416631859835 3798.418459616348 31138.177978515625 0.22998046875 788.8248145980206 295540
150 2433.7 1773.2312579410677 4343.672051439993 31138.177978515625 0.22998046875 863.1568770677438 319982
160 2438.9 2011.900403358068 4553.38834918069 31138.177978515625 0.22998046875 927.4823432990993 344319
170 2431.5 1823.1428263220846 3991.0882630692377 31138.177978515625 0.22998046875 999.2135562556346 368708
180 2397.7 2069.2491614379915 4360.6791062572165 31138.177978515625 0.22998046875 1050.1872656865476 393023
190 2433.4 2282.322918786941 4907.237174829093 31138.177978515625 0.22998046875 1108.782102795498 417000
200 2476.8 2285.1743422318536 5050.298568450708 31138.2919921875 0.22998046875 1173.4880674760707 441334
