0 75.42265625 75.42265625
10 754.5734375 829.99609375
20 1639.49140625 2469.4875
30 2950.32421875 5419.81171875
40 2764.89296875 8184.7046875
50 2808.76328125 10993.46796875
60 2806.8 13800.26796875
70 2794.0171875 16594.28515625
80 2802.7421875 19397.02734375
90 2773.62578125 22170.653125
100 2781.96328125 24952.61640625
110 2757.01171875 27709.628125
120 2751.3078125 30460.9359375
130 2787.665625 33248.6015625
140 2774.16484375 36022.76640625
150 2784.50078125 38807.2671875
160 2787.54375 41594.8109375
170 2757.31015625 44352.12109375
180 2759.2453125 47111.36640625
190 2741.9875 49853.35390625
200 2783.428125 52636.78203125
