0 4 1.0467041015625 0.3114781179916701 1.829833984375 0.55712890625 0 0
10 907.9 1.7266779148653495 25.673732062535127 1002.545166015625 0.400146484375 1.0467041015625 40
20 1931.9 4.063931506467069 52.764647558502496 1013.7939453125 0.336181640625 1.723695246531967 9119
30 2569.8 31.064301280513718 150.42555643845043 3022.41796875 0.336181640625 3.3135055111668303 28438
40 2954.4 139.82518130564944 236.64707562494453 3190.546875 0.336181640625 16.486624132429508 54136
50 3223.9 332.1625017841593 473.9127886240842 8312.3779296875 0.336181640625 60.03244551299368 83680
60 3152.3 330.0596793521179 522.5463393516554 15232.3798828125 0.336181640625 135.71633585129982 115919
70 3076.7 312.6540147329623 451.26518784772213 16620.98193359375 0.336181640625 177.26681140898546 147442
80 3311 312.6400245954522 498.9294987188361 31278.455078125 0.336181640625 200.64081656399335 178209
90 2487.9 387.6353820557923 600.607651822902 31278.455078125 0.336181640625 218.18913819111444 211319
100 3052.1 275.00868598605706 455.38327980206356 31278.455078125 0.336181640625 236.0371009219984 236198
110 3153.9 324.12910711892926 468.57172197088414 31278.455078125 0.336181640625 240.4966697856344 266719
120 2992.2 327.9890624967372 509.0321085013154 31278.455078125 0.336181640625 249.34029993488366 298258
130 3052.9 301.17801190313287 453.2111796607872 31278.455078125 0.336181640625 256.5111460357301 328180
140 2387.9 344.5348407862452 602.5519256812073 31278.455078125 0.336181640625 260.31265296214104 358709
150 3061.3 258.78042076882633 372.77217949178566 31278.455078125 0.336181640625 265.5693301790213 382588
160 2755.4 320.359360442291 508.5592457380327 31278.455078125 0.336181640625 265.0663573310023 413201
170 3132.1 335.4614163417592 495.4579474587039 31278.455078125 0.336181640625 268.52302465803984 440755
180 3096.6 364.74579757397817 573.6279350841754 31278.455078125 0.336181640625 272.96421075079985 472076
190 3163.5 331.4581153316156 510.22628848781625 31278.455078125 0.336181640625 278.6140543375511 503042
200 3015.9 397.9425133300658 662.755252158955 31278.455078125 0.336181640625 281.74065576148973 534677
