10 0.1 3.30859375 0 3.30859375 3.30859375 0 0
20 0.1 2.80078125 0.0 3.30859375 2.80078125 3.30859375 1
30 0.1 2.828125 0.0 3.30859375 2.80078125 3.0546875 2
40 0.1 2.859375 0.0 3.30859375 2.80078125 2.9791666666666665 3
50 0.1 2.94921875 0.0 3.30859375 2.80078125 2.94921875 4
60 0.1 2.87890625 0.0 3.30859375 2.80078125 2.94921875 5
70 0.1 3.12890625 0.0 3.30859375 2.80078125 2.9375 6
80 0.1 3.109375 0.0 3.30859375 2.80078125 2.96484375 7
90 0.1 3.390625 0.0 3.390625 2.80078125 2.98291015625 8
100 0.1 3.71875 0.0 3.71875 2.80078125 3.0282118055555554 9
120 0.1 3.94140625 0.0 3.94140625 2.80078125 3.097265625 10
130 0.1 3.640625 0.0 3.94140625 2.80078125 3.1740056818181817 11
140 0.1 3.44921875 0.0 3.94140625 2.80078125 3.212890625 12
150 0.1 3.5 0.0 3.94140625 2.80078125 3.2310697115384617 13
160 0.1 3.80859375 0.0 3.94140625 2.80078125 3.250279017857143 14
170 0.1 3.6796875 0.0 3.94140625 2.80078125 3.2875 15
190 0.1 3.6484375 0.0 3.94140625 2.80078125 3.31201171875 16
200 0.1 3.671875 0.0 3.94140625 2.80078125 3.3318014705882355 17
