0 0.4 36.62603759765625 1.2670949520529968 38.446044921875 34.953125 0 0
10 89.9 50.45048453359639 241.25715982698193 5171.577880859375 17.277099609375 36.62603759765625 4
20 192.3 117.76510624878122 508.49237742600127 12351.117919921875 17.277099609375 50.38924667341504 903
30 245.4 632.9551142387116 1077.8819296327977 23434.171142578125 17.277099609375 96.23630186217271 2826
40 232.6 2409.5156634159334 1557.873468050485 23434.171142578125 17.277099609375 345.6885680689959 5280
50 216 5854.933128752527 2146.6270726677967 23434.171142578125 17.277099609375 976.8300121627346 7606
60 272.8 9972.779434248814 3542.842614561729 38500.7509765625 17.277099609375 2055.7469414924453 9766
70 301.9 12623.347929260526 5693.687946410879 40745.85302734375 17.277099609375 3784.3898613131096 12494
80 305.3 13544.17531384026 6878.817222960852 40745.85302734375 17.277099609375 5504.548077463 15513
90 232.8 14610.77542135232 8113.540313464094 46837.7060546875 17.277099609375 6826.587394098774 18566
100 296 16892.081851691182 8833.594146574202 76421.85498046875 17.277099609375 7693.898092263139 20894
110 311.4 18114.044793454246 9708.849449563308 76421.85498046875 17.277099609375 8835.284188008382 23854
120 283.2 17828.43317564189 10727.302461492525 76421.85498046875 17.277099609375 9906.704409209746 26968
130 302.5 18491.008834662298 11526.213663214765 78797.86083984375 17.277099609375 10659.534471845176 29800
140 242.9 19303.70569114014 11836.28610321402 91386.70092773438 17.277099609375 11381.246884564805 32825
150 334.2 18778.191571494302 12310.151535479225 98415.68603515625 17.277099609375 11927.104161502784 35254
160 248.2 18960.226504268227 14082.145813653482 109675.994140625 17.277099609375 12520.334914020963 38596
170 261.2 18950.52173029159 13379.559968853691 124474.5849609375 17.277099609375 12909.443705271602 41078
180 313.6 19603.79714685568 13372.592318028726 124474.5849609375 17.277099609375 13270.608635492526 43690
190 299.4 21487.06627472062 14953.401627423747 126920.92797851563 17.277099609375 13694.750761055991 46826
200 256.6 21634.56350386893 14284.486903852277 126920.92797851563 17.277099609375 14163.040456919338 49820
