10 0.1 3134.4609375 0 3134.4609375 3134.4609375 0 0
20 0.1 3134.60546875 0.0 3134.60546875 3134.4609375 3134.4609375 1
30 0.1 3135.2265625 0.0 3135.2265625 3134.4609375 3134.533203125 2
40 0.1 3135.90625 0.0 3135.90625 3134.4609375 3134.7643229166665 3
50 0.1 3133.84765625 0.0 3135.90625 3133.84765625 3135.0498046875 4
60 0.1 3131.41796875 0.0 3135.90625 3131.41796875 3134.809375 5
70 0.1 3127.81640625 0.0 3135.90625 3127.81640625 3134.244140625 6
80 0.1 3125.14453125 0.0 3135.90625 3125.14453125 3133.3258928571427 7
90 0.1 3123.70703125 0.0 3135.90625 3123.70703125 3132.30322265625 8
100 0.1 3120.48046875 0.0 3135.90625 3120.48046875 3131.348090277778 9
110 0.1 3119.4921875 0.0 3135.90625 3119.4921875 3130.261328125 10
120 0.1 3118.03125 0.0 3135.90625 3118.03125 3129.282315340909 11
130 0.1 3116.8203125 0.0 3135.90625 3116.8203125 3128.3447265625 12
140 0.1 3116.6171875 0.0 3135.90625 3116.6171875 3127.458233173077 13
150 0.1 3115.26953125 0.0 3135.90625 3115.26953125 3126.6838727678573 14
160 0.1 3114.05078125 0.0 3135.90625 3114.05078125 3125.922916666667 15
170 0.1 3113.921875 0.0 3135.90625 3113.921875 3125.180908203125 16
180 0.1 3112.88671875 0.0 3135.90625 3112.88671875 3124.518612132353 17
190 0.1 3112.703125 0.0 3135.90625 3112.703125 3123.8723958333335 18
200 0.1 3112.015625 0.0 3135.90625 3112.015625 3123.284539473684 19
