10 0.1 0.91015625 0 0.91015625 0.91015625 0 0
20 0.1 0.76953125 0.0 0.91015625 0.76953125 0.91015625 1
30 0.1 0.80859375 0.0 0.91015625 0.76953125 0.83984375 2
40 0.1 0.83984375 0.0 0.91015625 0.76953125 0.8294270833333334 3
50 0.1 0.859375 0.0 0.91015625 0.76953125 0.83203125 4
60 0.1 0.87890625 0.0 0.91015625 0.76953125 0.8375 5
70 0.1 0.8984375 0.0 0.91015625 0.76953125 0.8444010416666666 6
80 0.1 0.921875 0.0 0.921875 0.76953125 0.8521205357142857 7
90 0.1 0.9296875 0.0 0.9296875 0.76953125 0.86083984375 8
100 0.1 0.94140625 0.0 0.94140625 0.76953125 0.8684895833333334 9
110 0.1 0.94921875 0.0 0.94921875 0.76953125 0.87578125 10
120 0.1 0.9609375 0.0 0.9609375 0.76953125 0.8824573863636364 11
130 0.1 0.9609375 0.0 0.9609375 0.76953125 0.8889973958333334 12
140 0.1 0.96875 0.0 0.96875 0.76953125 0.89453125 13
150 0.1 0.96875 0.0 0.96875 0.76953125 0.8998325892857143 14
160 0.1 0.98046875 0.0 0.98046875 0.76953125 0.9044270833333333 15
170 0.1 0.98046875 0.0 0.98046875 0.76953125 0.9091796875 16
180 0.1 0.98046875 0.0 0.98046875 0.76953125 0.9133731617647058 17
190 0.1 0.98828125 0.0 0.98828125 0.76953125 0.9171006944444444 18
200 0.1 0.98828125 0.0 0.98828125 0.76953125 0.9208470394736842 19
