0 1.3 1.2345064603365385 0.20143821163085512 1.551025390625 0.984130859375 0 0
10 95.8 1.0855626243639116 0.2950990711281887 5.18896484375 0.428955078125 1.2345064603365385 13
20 191.2 1.5656583778030202 22.805931033501405 998.261962890625 0.428955078125 1.08755672309475 971
30 283.7 3.5160755887601325 49.51586190662128 1000.60693359375 0.428955078125 1.404632811822538 2883
40 380.9 10.87414509119028 97.90506545721537 1003.654052734375 0.428955078125 2.4518641331812714 5720
50 469.6 25.14370971887646 152.32146642195184 1004.221923828125 0.428955078125 5.818478486109838 9529
60 542.3 89.59775484265523 308.71178463696396 7008.968994140625 0.428955078125 12.198182237889947 14225
70 648.9 345.89184401005565 623.5508449116116 7179.012939453125 0.428955078125 33.5610630520004 19648
80 782.6 755.48233218623 1271.4144556817428 7728.0859375 0.428955078125 111.10303181799576 26137
90 745.5 687.021356786554 1353.1566249763785 15601.5419921875 0.428955078125 259.58556883421346 33963
100 682.7 872.0481429076974 1377.957598140674 15601.5419921875 0.428955078125 336.52153385388357 41418
110 553.8 915.3709520179477 1944.798394979641 31916.218994140625 0.428955078125 412.30223983399316 48245
120 707.1 519.4368453329953 1321.874713725254 32001.174072265625 0.428955078125 464.10289297856934 53783
130 616.4 590.2557131837216 1565.058018954129 32008.661865234375 0.428955078125 470.5324847407895 60854
140 705.9 717.5029547275634 1148.615342660635 32008.661865234375 0.428955078125 481.54406342296795 67018
150 657.4 647.7329164324541 1318.1395023805576 32008.661865234375 0.428955078125 504.02923174402764 74077
160 658.4 638.7534202306839 1107.4530396307803 32008.661865234375 0.428955078125 515.7427631713095 80651
170 636.5 711.0070298308004 1276.3687008441937 32008.661865234375 0.428955078125 525.0269056150411 87235
180 720.5 649.7757988023735 1434.8432616509667 32008.661865234375 0.428955078125 537.6739514551406 93600
190 434.2 831.7063722052585 1939.1577546211015 32008.661865234375 0.428955078125 545.6863894308046 100805
200 724.9 597.8812747407507 1457.3873505536199 32008.661865234375 0.428955078125 557.4974612179852 105147
