0 1.2 15.101949055989584 4.577169515500936 25.470947265625 10.90185546875 0 0
10 95.6 12.09797087473849 2.0999084179269665 29.10009765625 8.998046875 15.101949055989584 12
20 190 42.62740876850332 363.67792136874976 8289.3798828125 8.47998046875 12.135210273679618 968
30 283.6 39.16643245465655 309.23387781576844 12188.8349609375 8.3720703125 32.33576018308165 2868
40 378.9 79.34524899379805 153.66443824312745 12188.8349609375 8.3720703125 35.73193594784084 5704
50 464.7 147.5261341847732 231.16118460126933 12188.8349609375 8.3720703125 53.13958823174813 9493
60 495.5 567.3819302925552 604.5903836468618 12188.8349609375 8.3720703125 84.15898561814893 14140
70 441.7 2026.6217124201426 1426.4649788304723 12188.8349609375 8.3720703125 209.55148055722634 19095
80 472.1 5359.54701328257 2704.403228016486 17966.7861328125 8.3720703125 550.9090517608033 23512
90 523.1 6773.141955055355 4309.7280321658 26075.6298828125 8.3720703125 1354.9886683918473 28233
100 557.1 6560.395419902593 4974.127745027636 37899.89501953125 8.3720703125 2201.9394167344485 33464
110 489.2 5621.522785826182 5204.957077708972 42127.784912109375 8.3720703125 2823.9698610446762 39035
120 378 7125.282812887509 7374.464038266885 60707.3310546875 8.3720703125 3135.5237779529816 43927
130 536.4 5767.0172793667825 6370.680290511238 63074.635986328125 8.3720703125 3451.6469706092485 47707
140 430 5424.986735953401 5556.788583063634 71117.43212890625 8.3720703125 3685.6664225919776 53071
150 525.4 5811.153887635095 5493.264147811915 72860.375 8.3720703125 3816.0298003865796 57371
160 497.9 5119.829803436152 5819.66416606867 91543.10205078125 8.3720703125 3983.413144967876 62625
170 521.6 6053.259536134676 5142.911040057588 91543.10205078125 8.3720703125 4067.1096502414334 67604
180 490.5 5991.967403418854 6008.84342878834 99304.083984375 8.3720703125 4209.37493182368 72820
190 497.7 6502.031543684941 7656.568938253192 99304.083984375 8.3720703125 4321.869188152716 77725
200 450.1 5990.048381555402 8626.838188835662 99304.083984375 8.3720703125 4453.07119104846 82702
