0 12.7 1.2529277651328738 0.928423576221589 5.007080078125 0.59912109375 0 0
10 956.4 1.1581337680282136 0.6607742077571777 17.576904296875 0.18994140625 1.2529277651328738 127
20 1902.5 4.203552993593957 115.24296499723626 8279.91796875 0.138916015625 1.1593760379314528 9691
30 2834.9 3.853628949860987 97.79806171623758 12175.47216796875 0.114990234375 3.1762121774174235 28716
40 3799.2 7.882494054309551 46.80886351601087 12175.47216796875 0.114990234375 3.512742241064187 57065
50 4667.4 14.77542361542127 70.57768665378484 12175.47216796875 0.114990234375 5.2592270963490995 95057
60 5157.1 59.42691406988527 171.84425367725314 12175.47216796875 0.114990234375 8.393043666691328 141731
70 5108.1 241.93519445525368 496.54227123358805 12175.47216796875 0.077880859375 22.008359237989687 193302
80 5207.3 620.2675601167454 1146.4984396293394 15608.926025390625 0.06591796875 67.97752513632575 244383
90 5104 667.0251526118079 1531.2111492997262 27625.3388671875 0.06298828125 164.98820797470782 296456
100 5316.2 674.4862344126909 1587.453331648108 29088.573974609375 0.06298828125 238.72708742735648 347496
110 4767.7 620.781330676963 1867.8482429312153 36953.27099609375 0.06298828125 296.54654385162445 400658
120 4299.9 568.7221558125262 1864.0551787927354 55454.43798828125 0.06298828125 331.0264348515947 448335
130 4810.1 569.3086980684573 2259.0004077539306 61602.36083984375 0.06298828125 351.8283299079089 491334
140 4915.8 584.2714102160032 1650.2917365017834 65239.0869140625 0.06298828125 371.2208854315411 539435
150 5071.9 568.8108371202227 1759.6757054250224 66392.25708007813 0.06298828125 389.0143992812719 588593
160 5088.6 516.409290516578 1658.0773422065338 80488.64111328125 0.06298828125 403.27831976259205 639312
170 4972.2 627.5981096596389 1835.2731683037741 83144.6748046875 0.06298828125 411.61908948053866 690198
180 4978 582.5998871940859 1832.6516844909322 88864.23999023438 0.06298828125 426.13269749403366 739920
190 4201.5 706.6510998269247 2776.2040345071255 88864.23999023438 0.06298828125 435.9958565459124 789700
200 4990.5 576.0987206062671 2487.6232351296394 88864.23999023438 0.06298828125 449.66830449557267 831715
