0 13.225 13.225
10 991.3390625 1004.5640625
20 1974.759375 2979.3234375
30 2938.178125 5917.5015625
40 3941.065625 9858.5671875
50 4845.334375 14703.9015625
60 5392.6390625 20096.540625
70 5468.646875 25565.1875
80 5473.8765625 31039.0640625
90 5286.83828125 36325.90234375
100 5405.41796875 41731.3203125
110 4803.99609375 46535.31640625
120 4704.24765625 51239.5640625
130 4888.9578125 56128.521875
140 5195.73203125 61324.25390625
150 5230.81796875 66555.071875
160 5285.47421875 71840.54609375
170 5072.01015625 76912.55625
180 5232.01875 82144.575
190 4128.37109375 86272.94609375
200 5312.0625 91585.00859375
