10 0.1 1291.921875 0 1291.921875 1291.921875 0 0
20 0.1 1297.3203125 0.0 1297.3203125 1291.921875 1291.921875 1
30 0.1 1300.6796875 0.0 1300.6796875 1291.921875 1294.62109375 2
40 0.1 1302.96875 0.0 1302.96875 1291.921875 1296.640625 3
50 0.1 1305.30078125 0.0 1305.30078125 1291.921875 1298.22265625 4
60 0.1 1307.65234375 0.0 1307.65234375 1291.921875 1299.63828125 5
70 0.1 1308.24609375 0.0 1308.24609375 1291.921875 1300.9739583333333 6
80 0.1 1308.33203125 0.0 1308.33203125 1291.921875 1302.0128348214287 7
90 0.1 1308.62890625 0.0 1308.62890625 1291.921875 1302.802734375 8
100 0.1 1309.5 0.0 1309.5 1291.921875 1303.4500868055557 9
110 0.1 1305.80078125 0.0 1309.5 1291.921875 1304.055078125 10
120 0.1 1292.95703125 0.0 1309.5 1291.921875 1304.213778409091 11
130 0.1 1279.2421875 0.0 1309.5 1279.2421875 1303.2757161458333 12
140 0.1 1269.1015625 0.0 1309.5 1269.1015625 1301.426983173077 13
160 0.1 1254.171875 0.0 1309.5 1254.171875 1299.1180245535713 14
170 0.1 1253.03515625 0.0 1309.5 1253.03515625 1296.1216145833334 15
180 0.1 1257.2109375 0.0 1309.5 1253.03515625 1293.4287109375 16
190 0.1 1237.72265625 0.0 1309.5 1237.72265625 1291.2982536764705 17
