10 906.9 1.0120338795794726 0.5202996846536008 5.868896484375 0.13916015625 0 0
20 1947.9 1.0444925765407616 0.5575538417779576 23.22509765625 0.13916015625 1.0120338795794726 9069
30 2723.9 1.193045171330623 3.471475895428159 216.614013671875 0.13916015625 1.0341812439520712 28548
40 3682.8 1.2729685760494835 2.2148612733075863 216.614013671875 0.13916015625 1.111749396350737 55787
50 4486.5 1.8157737263439688 15.150623342793402 1007.708984375 0.13916015625 1.1758575856283426 92615
60 5454 2.4699365261233304 20.963291006971392 1029.9560546875 0.13916015625 1.384686780079947 137480
70 6525.1 3.2535617345064636 24.804282208091557 1057.661865234375 0.13916015625 1.6929334270396705 192020
80 7325.1 8.057386165296576 53.92738681151067 2814.884033203125 0.13916015625 2.0887516797401915 257271
90 7919.9 24.18558892197192 97.99289604477926 3007.595947265625 0.13916015625 3.411533354489499 330522
100 7858.9 42.4211625625581 149.10921238312753 4304.546875 0.13916015625 7.427154781970737 409721
110 8291.4 157.38660302214808 370.95553193851373 8253.10205078125 0.13916015625 13.059118242617828 488310
120 8036 376.1738369901343 768.7175891444574 16844.109130859375 0.13916015625 34.008463986161466 571224
130 8295.8 311.1874332158044 1057.7720296104123 24873.261962890625 0.13916015625 76.20779572941983 651584
140 8223.4 358.9857514283489 937.3937618611642 31457.184814453125 0.13916015625 102.74602059143655 734542
150 8018.2 429.0871021691047 1104.387730936292 38211.59716796875 0.13916015625 128.54454800365565 816776
160 8198.9 364.8668448175545 1103.7748060321042 54231.291015625 0.13916015625 155.41102678872033 896958
170 8173.9 335.2875469786759 1233.8123398186005 58240.659912109375 0.13916015625 172.953419854296 978947
180 6016.2 465.6844622627638 1524.886137870005 64280.737060546875 0.13916015625 185.46327594461837 1060686
190 7960.4 244.39300869258892 813.8138132425946 64280.737060546875 0.13916015625 200.50426902420836 1120848
200 8124.9 293.43791646846995 875.0466065730666 64280.737060546875 0.13916015625 203.4146054912739 1200452
