10 51.2 1.1628713607788077 0.2790367364035968 2.844970703125 0.45703125 0 0
20 150.9 1.0752757219702611 0.2925985493071891 4.27294921875 0.45703125 1.1628713607788077 512
30 244.9 0.9946168437691423 0.27185243965219347 4.455078125 0.45703125 1.0974671950380375 2021
40 332.5 1.0260215724859039 0.34159754031697986 5.7919921875 0.45703125 1.0411180875978756 4470
50 444.4 0.9986191001912689 0.3151899785944071 5.7919921875 0.45703125 1.0346785862832757 7795
60 504.8 2.1956331522075594 31.443957015867632 1000.891845703125 0.45703125 1.0215853306093743 12239
70 614.1 2.324317940825504 33.71272066027869 1002.51611328125 0.45703125 1.364420605869838 17287
80 658.1 5.844436939971608 66.35542352955376 1020.39208984375 0.4560546875 1.6160310520864483 23428
90 719.1 13.6108479919561 116.04646125813345 3002.26416015625 0.408935546875 2.543324169090422 30009
100 865.5 19.113061199045095 131.7234323305948 3002.26416015625 0.408935546875 4.682747927429859 37200
110 908.9 153.77139210708881 435.2178942793216 7012.245849609375 0.364013671875 7.406428253802771 45855
120 849.2 574.1286673992804 1167.9717572273344 8555.2431640625 0.364013671875 31.61855617427665 54944
130 847.8 1513.3039648114989 2691.808918968433 15061.93212890625 0.364013671875 104.24286830812387 63436
140 819.8 1946.2220824391243 3967.6089810874178 32089.471923828125 0.364013671875 270.35822798990506 71914
150 857.2 2425.3248424307435 6298.54304762188 34338.10986328125 0.364013671875 441.8522847950616 80112
160 823 2222.598975291659 5720.890739445776 34338.10986328125 0.364013671875 633.5703710795443 88684
170 826.2 2324.882102831479 6400.197195754333 34338.10986328125 0.364013671875 768.5117150821209 96914
180 835.9 1896.3951179293572 4226.6417493557765 34338.10986328125 0.364013671875 890.7709010521634 105176
190 815.1 1865.8408421776278 4633.077238531958 34338.10986328125 0.364013671875 964.8098566947094 113535
200 868.8 2060.7895909374424 4948.937541471083 34338.10986328125 0.364013671875 1025.164404980225 121686
