0 0.6 48.972208658854164 23.728649335447447 96.982177734375 25.85302734375 0 0
10 98 37.112234434789514 70.12796088127384 1083.6240234375 17.19677734375 48.972208658854164 6
20 184.9 41.278850582240395 124.37985564218296 2527.017822265625 16.21484375 37.18440466333352 986
30 273 102.48482750972998 240.8909898989206 3151.09619140625 16.21484375 39.8548210668816 2835
40 251 1292.50751330615 1351.4656736610928 8517.636962890625 16.21484375 70.57897517092043 5565
50 208.6 3725.87315349634 2833.416699987251 17268.98486328125 16.21484375 450.398248325029 8075
60 287.1 7229.886940610981 4833.357393024388 25619.70703125 16.21484375 1122.8360647001255 10161
70 260.6 9389.85431231413 7302.1832622098245 38205.676025390625 16.21484375 2468.2429910920887 13032
80 275.8 10780.025117803612 9496.946001866234 42372.826171875 16.21484375 3621.6973396727662 15638
90 305.4 11822.384016175625 10897.54463135655 51401.798095703125 16.21484375 4694.901732588883 18396
100 250.6 12062.909685894485 11581.583538283761 58330.7109375 16.21484375 5709.69571366459 21450
110 262.1 12782.77393425771 12163.734231295302 76578.40991210938 16.21484375 6374.295572339165 23956
120 260.4 15792.555161061564 16598.229913745472 85478.31201171875 16.21484375 7006.293983995428 26577
130 283.2 21265.141583027846 22395.160204295964 94297.11303710938 16.21484375 7790.346076284252 29181
140 263.1 23391.88840435033 24492.91712778292 100730.1728515625 16.21484375 8982.381214356219 32013
150 249.7 25155.90619935332 25439.7664086116 114382.78393554688 16.21484375 10076.69519128944 34644
160 282.6 24492.02231070371 25676.197129486292 121167.4580078125 16.21484375 11090.474838771617 37141
170 240.6 25374.860376828965 25853.963485302906 128152.44604492188 16.21484375 12038.075938570955 39967
180 275.5 27563.35152111573 26411.011157018074 130884.31005859375 16.21484375 12795.357777441197 42373
190 270.8 28257.843607193972 28210.72440793599 145609.02880859375 16.21484375 13696.92272079839 45128
200 266.9 28583.54383591118 28750.398501710224 161399.77319335938 16.21484375 14521.217681923048 47836
201 6.4 24869.55277633667 27582.573096146803 161399.77319335938 16.21484375 15264.358925463179 50505
