10 0.1 2.51953125 0 2.51953125 2.51953125 0 0
20 0.1 2.12890625 0.0 2.51953125 2.12890625 2.51953125 1
30 0.1 2.2109375 0.0 2.51953125 2.12890625 2.32421875 2
40 0.1 2.01953125 0.0 2.51953125 2.01953125 2.2864583333333335 3
50 0.1 1.859375 0.0 2.51953125 1.859375 2.2197265625 4
60 0.1 1.66015625 0.0 2.51953125 1.66015625 2.14765625 5
70 0.1 2.30859375 0.0 2.51953125 1.66015625 2.06640625 6
80 0.1 2.890625 0.0 2.890625 1.66015625 2.1010044642857144 7
90 0.1 2.76171875 0.0 2.890625 1.66015625 2.19970703125 8
100 0.1 3.08984375 0.0 3.08984375 1.66015625 2.2621527777777777 9
110 0.1 3.1484375 0.0 3.1484375 1.66015625 2.344921875 10
120 0.1 3.4296875 0.0 3.4296875 1.66015625 2.41796875 11
130 0.1 4.05859375 0.0 4.05859375 1.66015625 2.5022786458333335 12
140 0.1 3.96875 0.0 4.05859375 1.66015625 2.6219951923076925 13
150 0.1 4.5 0.0 4.5 1.66015625 2.7181919642857144 14
160 0.1 4.80859375 0.0 4.80859375 1.66015625 2.8369791666666666 15
170 0.1 4.390625 0.0 4.80859375 1.66015625 2.960205078125 16
180 0.1 4.33984375 0.0 4.80859375 1.66015625 3.0443474264705883 17
190 0.1 4.578125 0.0 4.80859375 1.66015625 3.1163194444444446 18
200 0.1 4.80078125 0.0 4.80859375 1.66015625 3.1932565789473686 19
