0 3.71875 3.71875
10 836.71875 840.4375
20 1726.615625 2567.053125
30 2560.08046875 5127.13359375
40 3371.88359375 8499.0171875
50 4322.39609375 12821.41328125
60 5100.0796875 17921.49296875
70 5997.32109375 23918.8140625
80 6687.52109375 30606.33515625
90 7318.22109375 37924.55625
100 8001.72734375 45926.28359375
110 7818.671875 53744.95546875
120 7654.02421875 61398.9796875
130 7556.128125 68955.1078125
140 7434.3390625 76389.446875
150 7768.2828125 84157.7296875
160 7208.425 91366.1546875
170 7492.909375 98859.0640625
180 7114.06171875 105973.12578125
190 7194.94453125 113168.0703125
200 7132.09765625 120300.16796875
