10 936.5 0.9778255399509475 0.3205872255028249 5.820068359375 0.421875 0 0
20 1804.3 3.22407636011889 42.65808825786342 1005.98291015625 0.388916015625 0.9778255399509475 9365
30 1192 37.52163184249156 189.87327688614843 3009.262939453125 0.388916015625 2.4565581562779393 27408
40 139.7 621.0103430341807 1447.3805474517462 7053.475830078125 0.388916015625 13.084499529845532 39328
50 444 2344.372120130382 4608.243073868163 15075.344970703125 0.3369140625 33.93833386687576 40725
60 743.7 2188.5151833999353 5515.148947877551 31087.23095703125 0.3369140625 261.0683241471806 45165
70 727 3575.7149204175453 8057.161979083383 32307.89599609375 0.3369140625 533.5754967311648 52602
80 545.3 2453.0456770409414 6400.615904462267 32307.89599609375 0.3369140625 902.9694306268085 59872
90 598.3 3463.1404862605377 7415.534201426769 32452.68994140625 0.3369140625 1032.361941483238 65325
100 519.7 3739.0798921891515 8088.731967242429 32452.68994140625 0.3369140625 1236.3130834785625 71308
110 512.7 2585.2640523953355 6376.086535200908 32452.68994140625 0.3369140625 1406.3265349506091 76505
120 726.2 2961.182016181999 6657.690756051871 32452.68994140625 0.3369140625 1480.371182294042 81632
130 718.6 3640.8134542072835 7654.293783485827 32452.68994140625 0.3369140625 1601.3427695293374 88894
140 368.6 3551.726286765484 7095.580452450998 32452.68994140625 0.3369140625 1753.8785349341638 96080
150 222.8 3717.0247134306296 7258.024613609106 32452.68994140625 0.3369140625 1820.3026354619012 99766
160 589.2 5189.709129442279 8826.596117297719 32452.68994140625 0.3369140625 1861.7354333687813 101994
170 740.1 3642.719448642658 7425.420165673715 32452.68994140625 0.3369140625 2043.4867358293884 107886
180 411.7 3296.7492082775134 6596.06248850915 32452.68994140625 0.3369140625 2146.1515749485516 115287
190 828.2 4524.459361050798 8614.962437666589 32452.68994140625 0.3369140625 2185.8237003079644 119404
200 325.9 4329.445433259343 8191.286645013405 32452.68994140625 0.3369140625 2337.512848235475 127686
