10 94.1 30.62189103389014 43.45295258726994 845.487060546875 17.794921875 0 0
20 181.3 75.34091996173456 154.07710962629272 1254.615966796875 17.794921875 30.62189103389014 941
30 96.2 415.2620443554283 623.6137205873264 5376.518798828125 17.794921875 60.06110651906876 2754
40 3.5 9187.5373046875 2140.2355087976644 14824.468994140625 17.794921875 152.01570883300252 3716
50 4.2 17695.138671874996 4020.7972022294766 24932.115966796875 17.794921875 236.32476131364967 3751
60 10.1 16127.48303585241 9129.321043125414 33301.704833984375 17.794921875 429.6467186676113 3793
70 11.8 21038.66033625199 11828.878860205286 44610.039794921875 17.794921875 836.8068285894565 3894
80 9.5 26754.2380756579 14922.9225284437 54798.60205078125 17.794921875 1430.978990579531 4012
90 7.5 32668.416142578124 15238.996366895084 65098.738037109375 17.794921875 2016.737357534107 4107
100 6.2 40804.06655194682 20041.850855103046 77577.86108398438 17.794921875 2566.444652818254 4182
110 4.9 46069.47892916933 25790.284452725995 84644.29296875 17.794921875 3125.0527012975117 4244
120 6.8 55598.937148150275 26045.408360082864 93273.31103515625 17.794921875 3615.217361247597 4293
130 4.9 69007.93132174748 26702.32612497583 99864.2578125 17.794921875 4425.786713577196 4361
140 3 82812.80612792968 21236.6924848008 112777.51391601563 17.794921875 5143.366098112422 4410
150 2.9 86144.28670528017 29674.72059292638 125898.39111328125 17.794921875 5668.159611827404 4440
160 3 96944.49349772136 30931.279213512196 133485.06103515625 17.794921875 6190.381067569209 4469
170 6.2 101920.17117014239 29578.551853323144 142532.7509765625 17.794921875 6795.542964191695 4499
180 1.8 111098.60942925347 36884.16916345106 153799.73681640625 17.794921875 8088.620567517489 4561
190 6.1 105236.53887038934 36590.75307275104 161427.951171875 17.794921875 8493.55173142036 4579
200 4.5 112817.4459906684 38289.39462275179 174595.19213867188 17.794921875 9765.388415790427 4640
