10 0.1 1.0703125 0 1.0703125 1.0703125 0 0
20 0.1 1.05859375 0.0 1.0703125 1.05859375 1.0703125 1
30 0.1 1.05078125 0.0 1.0703125 1.05078125 1.064453125 2
40 0.1 1.19921875 0.0 1.19921875 1.05078125 1.0598958333333333 3
50 0.1 1.23828125 0.0 1.23828125 1.05078125 1.0947265625 4
60 0.1 1.19921875 0.0 1.23828125 1.05078125 1.1234375 5
70 0.1 1.171875 0.0 1.23828125 1.05078125 1.1360677083333333 6
80 0.1 1.1484375 0.0 1.23828125 1.05078125 1.1411830357142858 7
90 0.1 1.12109375 0.0 1.23828125 1.05078125 1.14208984375 8
100 0.1 1.1015625 0.0 1.23828125 1.05078125 1.1397569444444444 9
110 0.1 1.08984375 0.0 1.23828125 1.05078125 1.1359375 10
120 0.1 1.078125 0.0 1.23828125 1.05078125 1.1317471590909092 11
130 0.1 1.05859375 0.0 1.23828125 1.05078125 1.1272786458333333 12
140 0.1 1.05078125 0.0 1.23828125 1.05078125 1.1219951923076923 13
150 0.1 1.05078125 0.0 1.23828125 1.05078125 1.1169084821428572 14
160 0.1 1.0390625 0.0 1.23828125 1.0390625 1.1125 15
170 0.1 1.03125 0.0 1.23828125 1.03125 1.10791015625 16
180 0.1 1.03125 0.0 1.23828125 1.03125 1.1034007352941178 17
190 0.1 1.01953125 0.0 1.23828125 1.01953125 1.0993923611111112 18
200 0.1 1.08984375 0.0 1.23828125 1.01953125 1.095189144736842 19
