10 569.2390625 569.2390625
20 1484.49765625 2053.73671875
30 1788.92890625 3842.665625
40 1744.3078125 5586.9734375
50 1626.5890625 7213.5625
60 1651.309375 8864.871875
70 1602.71953125 10467.59140625
80 1682.44140625 12150.0328125
90 1619.865625 13769.8984375
100 1651.34140625 15421.23984375
110 1637.7984375 17059.03828125
120 1612.99375 18672.03203125
130 1638.86015625 20310.8921875
140 1611.45703125 21922.34921875
150 1633.0015625 23555.35078125
160 1605.46171875 25160.8125
170 1599.46015625 26760.27265625
180 1616.55390625 28376.8265625
190 1617.95234375 29994.77890625
200 1563.3625 31558.14140625
