10 0.1 2.706766917293233 0 2.706766917293233 2.706766917293233 0 0
20 0.1 14.93620215161371 0.0 14.93620215161371 2.706766917293233 2.706766917293233 1
30 0.1 24.730643948884993 0.0 24.730643948884993 2.706766917293233 8.821484534453472 2
40 0.1 25.586620069895154 0.0 25.586620069895154 2.706766917293233 14.124537672597313 3
50 0.1 25.444083062296723 0.0 25.586620069895154 2.706766917293233 16.990058271921775 4
60 0.1 25.544158118588946 0.0 25.586620069895154 2.706766917293233 18.680863229996767 5
70 0.1 25.39444027047333 0.0 25.586620069895154 2.706766917293233 19.824745711428793 6
80 0.1 25.363773206221772 0.0 25.586620069895154 2.706766917293233 20.62041636272087 7
90 0.1 25.456821026282856 0.0 25.586620069895154 2.706766917293233 21.213335968158482 8
100 0.1 25.519139354515886 0.0 25.586620069895154 2.706766917293233 21.68483430795008 9
110 0.1 25.53776888444222 0.0 25.586620069895154 2.706766917293233 22.06826481260666 10
120 0.1 25.569176882662 0.0 25.586620069895154 2.706766917293233 22.38367427368262 11
130 0.1 25.425425425425423 0.0 25.586620069895154 2.706766917293233 22.649132824430904 12
140 0.1 25.475951903807616 0.0 25.586620069895154 2.706766917293233 22.862693793738174 13
150 0.1 25.50688360450563 0.0 25.586620069895154 2.706766917293233 23.049355087314563 14
160 0.1 25.41311967951928 0.0 25.586620069895154 2.706766917293233 23.213190321793967 15
170 0.1 25.401203610832496 0.0 25.586620069895154 2.706766917293233 23.3506859066518 16
180 0.1 25.51326990485729 0.0 25.586620069895154 2.706766917293233 23.47130459513302 17
190 0.1 25.43815723585378 0.0 25.586620069895154 2.706766917293233 23.584747112339922 18
200 0.1 25.501002004008015 0.0 25.586620069895154 2.706766917293233 23.682295013577495 19
