10 857 1.7163993844351662 0.9438320397024595 11.346923828125 0.382080078125 0 0
20 1913.8 8.424783715236078 5.895294383318096 41.744873046875 0.382080078125 1.7163993844351662 8570
30 1938.1 289.7707110761671 219.59728677893548 3805.9970703125 0.382080078125 6.349900875804729 27708
40 1938.2 635.8812950165005 698.7047076055014 8138.126220703125 0.382080078125 123.00089627798408 47089
50 1901.7 878.8504528714238 1757.919389963979 16121.987060546875 0.382080078125 272.5495398721819 66471
60 1818 1029.801720278235 2494.203742954603 32098.27099609375 0.382080078125 407.422556699182 85488
70 1885.2 1187.5996074971963 3616.4091848413327 33431.7958984375 0.382080078125 516.567646735328 103668
80 1806.8 1283.1091221304189 4069.253298438299 42939.93115234375 0.382080078125 619.818499855494 122520
90 1826.2 1244.3184415395199 3863.4402817826963 61736.089111328125 0.382080078125 705.062866111955 140588
100 1776.4 1421.8028761673238 4490.602631852713 61736.089111328125 0.382080078125 767.057737490351 158850
110 1783.5 1238.9488806764855 3976.184524450456 69803.078125 0.382080078125 832.912611076011 176614
120 1732.8 1183.8279313415912 3661.2356118062644 69803.078125 0.382080078125 870.1545453020777 194449
130 1785.7 1424.422739889727 4570.785157535732 69803.078125 0.382080078125 895.8199028871446 211777
140 1731.7 1278.731337277064 3863.500055472086 69803.078125 0.382080078125 936.9255791387237 229634
150 1741.7 1325.2626539191933 3962.7368636819933 111596.76000976563 0.382080078125 960.8941004797251 246951
160 1684.5 1384.7575244155166 4322.87819508835 111596.76000976563 0.382080078125 984.8993019233765 264368
170 1701.2 1287.1007852596877 4005.4572283558136 111596.76000976563 0.382080078125 1008.851294746895 281213
180 1754.2 1215.2509072255677 3759.955625138229 111596.76000976563 0.382080078125 1024.7238082269978 298225
190 1693.2 1310.7041931080282 4088.4497973302487 111596.76000976563 0.382080078125 1035.3082783287907 315767
200 1685.8 1249.6703409314207 3870.6274627624757 111596.76000976563 0.382080078125 1049.3239610601545 332699
