10 88.4 20.025158359993625 6.9046739371433565 68.9169921875 12.529052734375 0 0
20 190.3 87.07446391696496 54.124692795768645 302.25390625 12.529052734375 20.025158359993625 884
30 152.5 2298.390360047388 1459.163990189306 5439.031005859375 12.529052734375 65.80729990104726 2787
40 191.2 5561.321408834415 995.0566694192928 8457.77685546875 12.529052734375 855.3919860613371 4312
50 195.5 7387.59152463635 2472.3955733959137 20230.5068359375 12.529052734375 2301.0438267332725 6224
60 185.8 10558.94288081732 5431.4832326388905 20701.320068359375 12.529052734375 3516.8649233710667 8179
70 184.1 10523.605334545597 8089.5561451557505 37484.427978515625 12.529052734375 4820.459707164544 10037
80 178.7 13960.775099213724 10655.425902134397 47369.037109375 12.529052734375 5704.404066485012 11878
90 185.4 12005.392609465593 8717.960682664252 47369.037109375 12.529052734375 6784.106593780014 13665
100 180.8 14058.496764596577 11396.414094304904 66331.20288085938 12.529052734375 7407.875153164063 15519
110 168.4 16595.62522645348 17605.956750863665 81555.48681640625 12.529052734375 8101.839709836884 17327
120 180.4 23517.55417756548 27556.930044407654 85900.791015625 12.529052734375 8854.22174181744 19011
130 181.1 29164.449354773104 29100.130852719692 95039.56396484375 12.529052734375 10125.06736824499 20815
140 167.6 32691.137162893567 32388.447490861065 109849.36694335938 12.529052734375 11648.9920910242 22626
150 170.5 30488.226823107598 31863.429121906396 110357.59497070313 12.529052734375 13100.174509773813 24302
160 178.6 31323.657310494364 33952.7695537194 120323.64697265625 12.529052734375 14240.122569689762 26007
170 159.9 33205.833731531384 34484.48373195281 120323.64697265625 12.529052734375 15337.923924242239 27793
180 177.3 37580.43750344249 34978.6735255332 136310.44799804688 12.529052734375 16309.983933151309 29392
190 173.2 35885.46236611743 35029.8678079432 162602.748046875 12.529052734375 17520.075836893528 31165
200 167.7 40416.35383983563 42587.348785680224 169383.126953125 12.529052734375 18486.998336471475 32897
