10 990.04140625 990.04140625
20 2226.66640625 3216.7078125
30 2256.06953125 5472.77734375
40 2256.1859375 7728.96328125
50 2213.69765625 9942.6609375
60 2119.13203125 12061.79296875
70 2209.21875 14271.01171875
80 2117.34375 16388.35546875
90 2140.078125 18528.43359375
100 2080.6640625 20609.09765625
110 2087.34375 22696.44140625
120 2027.8125 24724.25390625
130 2087.2265625 26811.48046875
140 2026.9921875 28838.47265625
150 2038.7109375 30877.18359375
160 1967.578125 32844.76171875
170 1989.0234375 34833.78515625
180 2051.015625 36884.80078125
190 1980.46875 38865.26953125
200 1971.9140625 40837.18359375
