10 90.6 1.227628526834989 1.0728723012737529 20.73388671875 0.598876953125 0 0
20 178.1 1.0615386534513598 0.2764232909034922 20.73388671875 0.3759765625 1.227628526834989 906
30 288.6 1.4260028038104167 18.56050977172943 998.028076171875 0.3759765625 1.117540672537913 2687
40 371.5 4.067829888858511 54.21327843228147 1000.77587890625 0.3759765625 1.2772790021364138 5573
50 472.8 18.264152668857776 129.18342686392907 1378.213134765625 0.3759765625 2.3934392674435405 9288
60 552.3 89.16136068592421 289.62175055966554 3006.867919921875 0.3759765625 7.7470874525096445 14016
70 624.7 323.452533114332 607.8240965167121 7032.237060546875 0.3759765625 30.760088684310077 19539
80 805.3 750.5771266397713 1329.7448563649093 15707.7490234375 0.3759765625 101.66870965516043 25786
90 806.4 792.2202627696688 1662.318247757123 18591.9130859375 0.3759765625 256.0958346286251 33839
100 854.4 664.6344064433911 1470.1757935822254 31061.654052734375 0.3759765625 359.270008041731 41903
110 870.3 724.5842670597156 1540.2070888025132 31061.654052734375 0.3759765625 410.98831477838104 50447
120 785.2 794.7570316355514 1771.9588247149354 31061.654052734375 0.3759765625 457.12906833213344 59150
130 854.7 735.8663120843291 1914.5290923443708 32236.93603515625 0.3759765625 496.6958688434381 67002
140 764.2 725.8426909817362 1814.1176570177192 32515.318115234375 0.3759765625 523.7536694546956 75549
150 872.7 645.9262612225796 1453.7097376621145 34597.365966796875 0.3759765625 542.3177485318752 83191
160 855 556.6798370968118 1364.9692847567871 34597.365966796875 0.3759765625 552.1546846080711 91918
170 761.1 653.8769640954508 1434.0251344991882 34597.365966796875 0.3759765625 552.5397828859182 100468
180 890.3 559.2420442459741 1392.6550904209969 34597.365966796875 0.3759765625 559.6760192147678 108079
190 824.8 598.6865282326987 1289.262491997141 34597.365966796875 0.3759765625 559.6429912348464 116982
200 821.5 646.9758642548413 1226.2553564697862 34597.365966796875 0.3759765625 562.2145083885498 125230
