10 0.1 4.16015625 0 4.16015625 4.16015625 0 0
20 0.1 3.51953125 0.0 4.16015625 3.51953125 4.16015625 1
30 0.1 3.140625 0.0 4.16015625 3.140625 3.83984375 2
40 0.1 2.73046875 0.0 4.16015625 2.73046875 3.6067708333333335 3
50 0.1 2.62109375 0.0 4.16015625 2.62109375 3.3876953125 4
60 0.1 2.76953125 0.0 4.16015625 2.62109375 3.234375 5
70 0.1 3.19921875 0.0 4.16015625 2.62109375 3.1569010416666665 6
80 0.1 4.51171875 0.0 4.51171875 2.62109375 3.1629464285714284 7
90 0.1 5.12890625 0.0 5.12890625 2.62109375 3.33154296875 8
110 0.1 5.69140625 0.0 5.69140625 2.62109375 3.53125 9
120 0.1 5.9609375 0.0 5.9609375 2.62109375 3.747265625 10
130 0.1 6.26953125 0.0 6.26953125 2.62109375 3.948508522727273 11
140 0.1 6.75 0.0 6.75 2.62109375 4.141927083333333 12
150 0.1 6.62890625 0.0 6.75 2.62109375 4.342548076923077 13
160 0.1 6.51953125 0.0 6.75 2.62109375 4.505859375 14
170 0.1 6.44140625 0.0 6.75 2.62109375 4.640104166666666 15
180 0.1 6.30078125 0.0 6.75 2.62109375 4.752685546875 16
200 0.1 6.69921875 0.0 6.75 2.62109375 4.84375 17
