10 91.5 15.490243446892077 3.903274229882162 41.4111328125 9.873046875 0 0
20 180.3 15.103385091687466 2.827991232858917 41.4111328125 9.873046875 15.490243446892077 915
30 286.3 20.066365574108257 44.424832344966795 1630.204833984375 9.873046875 15.233618864686811 2718
40 374.5 35.17603529967045 93.62223515806342 2352.073974609375 9.873046875 17.712772032411877 5581
50 476.7 135.49435885097043 212.0919724688294 2352.073974609375 9.873046875 24.725416353222876 9326
60 510.6 577.0705417703294 564.3202756992391 4180.69287109375 9.873046875 62.19334716190538 14093
70 455.1 2086.4903357649773 1407.6027797663091 11984.173828125 9.873046875 199.12563299297017 19199
80 475.9 5062.766167147104 2674.0615538346838 21799.614990234375 9.873046875 560.7844440378293 23750
90 534 6728.903274639007 4169.399057133132 26063.7099609375 9.873046875 1312.2990892473085 28509
100 497.8 6660.823530810952 5206.355196766938 36168.416015625 9.873046875 2166.819646722911 33849
110 475.1 7095.661334558681 5467.473207436313 43084.385009765625 9.873046875 2742.994765454471 38827
120 577.5 7210.073972411054 6205.510528342541 58791.010986328125 9.873046875 3217.5351039237466 43578
130 498.3 6584.497656485172 6620.349522247872 62406.717041015625 9.873046875 3684.7186989537186 49353
140 557.4 7299.147071162218 7345.116571194666 71647.77197265625 9.873046875 3950.649178661081 54336
150 471.8 6489.731025129825 7061.711476849522 83991.4228515625 9.873046875 4262.191947026985 59910
160 528.2 6641.657338602789 7595.784031297818 83991.4228515625 9.873046875 4424.807676594497 64628
170 547.6 6823.195879605329 8244.327422764993 101218.9609375 9.873046875 4592.300165719484 69910
180 441.5 6771.918692103002 8835.026253953793 107464.57397460938 9.873046875 4754.351275066562 75386
190 512.6 7260.970528854504 8510.0011545029 107464.57397460938 9.873046875 4865.973437022125 79801
200 506.8 7673.875467904086 9545.966095957658 107464.57397460938 9.873046875 5010.529998454093 84927
