10 0.1 2866.4375 0 2866.4375 2866.4375 0 0
20 0.1 2866.46484375 0.0 2866.46484375 2866.4375 2866.4375 1
30 0.1 2867.30078125 0.0 2867.30078125 2866.4375 2866.451171875 2
40 0.1 2863.91015625 0.0 2867.30078125 2863.91015625 2866.734375 3
50 0.1 2845.96875 0.0 2867.30078125 2845.96875 2866.0283203125 4
60 0.1 2818.4921875 0.0 2867.30078125 2818.4921875 2862.01640625 5
70 0.1 2813.46875 0.0 2867.30078125 2813.46875 2854.7623697916665 6
90 0.1 2803.140625 0.0 2867.30078125 2803.140625 2848.86328125 7
100 0.1 2790.671875 0.0 2867.30078125 2790.671875 2843.14794921875 8
110 0.1 2781.4296875 0.0 2867.30078125 2781.4296875 2837.3172743055557 9
120 0.1 2769.890625 0.0 2867.30078125 2769.890625 2831.728515625 10
140 0.1 2760.609375 0.0 2867.30078125 2760.609375 2826.1068892045455 11
150 0.1 2753.34375 0.0 2867.30078125 2753.34375 2820.6487630208335 12
160 0.1 2739.5703125 0.0 2867.30078125 2739.5703125 2815.471454326923 13
170 0.1 2731.875 0.0 2867.30078125 2731.875 2810.0499441964284 14
180 0.1 2727.234375 0.0 2867.30078125 2727.234375 2804.83828125 15
200 0.1 2713.62890625 0.0 2867.30078125 2713.62890625 2799.988037109375 16
