0 0.1 4.2109375 0 4.2109375 4.2109375 0 0
10 0.1 3.55859375 0.0 4.2109375 3.55859375 4.2109375 1
20 0.1 3.30859375 0.0 4.2109375 3.30859375 3.884765625 2
30 0.1 2.96875 0.0 4.2109375 2.96875 3.6927083333333335 3
40 0.1 2.98046875 0.0 4.2109375 2.96875 3.51171875 4
50 0.1 3.05078125 0.0 4.2109375 2.96875 3.40546875 5
60 0.1 3.4296875 0.0 4.2109375 2.96875 3.3463541666666665 6
70 0.1 3.73828125 0.0 4.2109375 2.96875 3.3582589285714284 7
80 0.1 3.62109375 0.0 4.2109375 2.96875 3.40576171875 8
90 0.1 3.6484375 0.0 4.2109375 2.96875 3.4296875 9
110 0.1 3.87109375 0.0 4.2109375 2.96875 3.4515625 10
120 0.1 3.6484375 0.0 4.2109375 2.96875 3.4897017045454546 11
130 0.1 4.1015625 0.0 4.2109375 2.96875 3.5029296875 12
140 0.1 4.1015625 0.0 4.2109375 2.96875 3.5489783653846154 13
150 0.1 3.859375 0.0 4.2109375 2.96875 3.5884486607142856 14
160 0.1 3.890625 0.0 4.2109375 2.96875 3.6065104166666666 15
180 0.1 3.62109375 0.0 4.2109375 2.96875 3.624267578125 16
190 0.1 4.05859375 0.0 4.2109375 2.96875 3.624080882352941 17
200 0.1 4.2890625 0.0 4.2890625 2.96875 3.648220486111111 18
