10 569.8 0.9724672531069015 0.3452422793844335 9.594970703125 0.4208984375 0 0
20 1465.4 1.225729599613375 0.9026450806490238 31.31396484375 0.40087890625 0.9724672531069015 5698
30 2349.6 18.09016589384561 106.31970761383677 1415.385009765625 0.40087890625 1.1548231112882037 20352
40 2773.9 81.67346998930098 221.8644260472291 3087.35888671875 0.40087890625 10.229645543758757 43848
50 2864.5 235.4868837718461 326.50935907834287 7205.906005859375 0.40087890625 37.91316694142727 71587
60 2651.4 359.0515487266906 632.7385746072677 7230.186767578125 0.40087890625 94.37716165975422 100232
70 2721.8 256.06484472950046 536.0916036108518 15235.023193359375 0.40087890625 149.7444055861326 126746
80 2847.7 218.4036641858175 380.53797111838435 15235.023193359375 0.40087890625 168.53990136829066 153964
90 2646.5 194.6599755591853 316.84603124469845 15235.023193359375 0.40087890625 176.32307715528322 182441
100 2851.6 271.0944785092546 458.19682388663676 15235.023193359375 0.40087890625 178.64606460542475 208906
110 2926.5 305.85398323375745 498.6277768981746 15242.705078125 0.40087890625 189.74974906129495 237422
120 2255.3 289.04340382541625 505.92764800678896 16481.56494140625 0.40087890625 202.49049162863835 266687
130 2866.1 224.39841843622926 361.63369234701884 16481.56494140625 0.40087890625 209.23930862758016 289240
140 2632.7 304.7220131772688 440.69507778473127 16481.56494140625 0.40087890625 210.6060084688065 317901
150 2976 281.15652163105716 436.334455215582 16481.56494140625 0.40087890625 217.8041215100457 344228
160 2714.1 228.32671336327226 486.5595381478908 16481.56494140625 0.40087890625 222.84537264003197 373988
170 2962.9 246.2603433670743 450.47237641098786 16481.56494140625 0.40087890625 223.2162485143005 401129
180 2730.3 300.7127179748444 533.9450787587522 16481.56494140625 0.40087890625 224.80129971797598 430758
190 2716.9 301.36297717275653 623.4029960319413 16481.56494140625 0.40087890625 229.3260452271271 458061
200 2525.3 263.1362491469147 587.5211080294247 16481.56494140625 0.40087890625 233.359537393792 485230
