10 569.7 2.3575085691345206 0.9838726353764145 35.44287109375 1.297119140625 0 0
20 1464.8 3.4846155738518108 17.754629734416415 1415.22705078125 1.27392578125 2.3575085691345206 5697
30 2334.2 33.7209428622661 132.10503107321745 3852.6201171875 1.27392578125 3.1690034526488415 20345
40 2705.6 168.3049253873186 332.00068245030684 6749.351806640625 1.27392578125 19.49292978540884 43687
50 2693.9 541.1044708991699 633.4232109611423 7531.300048828125 1.27392578125 76.40679197679556 70743
60 2576.3 1060.5276964523257 1480.9200955077229 16645.617919921875 1.27392578125 204.5623454307568 97682
70 2636.9 1456.9040950370236 2846.47656488674 24877.01904296875 1.27392578125 383.20251180743213 123445
80 2776.5 1472.9358772144562 3289.4628707828906 34427.8740234375 1.27392578125 572.1864321899137 149814
90 2665.9 1823.8774414978307 4136.095342292 38979.260009765625 1.27392578125 713.0212625533375 177579
100 2826.3 1881.2682854184372 4188.946718457891 44503.77001953125 1.27392578125 858.02030717031 204238
110 2788.3 1963.1958506898477 4369.259073574221 64023.586181640625 1.27392578125 982.407116729094 232501
120 2223.9 2451.934428827534 5384.991524917266 64904.963134765625 1.27392578125 1087.4340472203212 260384
130 2787.6 2138.067918562638 5295.781122283191 69004.55102539063 1.27392578125 1194.803666772031 282623
140 2685.2 2843.645212256153 6336.280951235501 79980.36889648438 1.27392578125 1279.4881078907301 310499
150 2732.3 2563.7513101459917 6117.114584225189 81669.208984375 1.27392578125 1403.9897295442017 337351
160 2718 2711.321261917797 6858.654629628064 96684.869140625 1.27392578125 1490.8842316660496 364674
170 2733.7 2914.8786100518814 7738.1269495827755 103225.56884765625 1.27392578125 1575.5368790353314 391854
180 2632.3 3270.2578247705587 8138.391669465764 116522.666015625 1.27392578125 1662.8803212867142 419191
190 2700.9 3774.4089085195683 9062.787414501865 116522.666015625 1.27392578125 1757.85151865471 445514
200 2601.7 4408.031454052646 10281.046508453363 118481.10205078125 1.27392578125 1873.1161693550143 472523
