10 57.3 1.1746427792321121 0.33803744499581156 4.464111328125 0.610107421875 0 0
20 153.5 1.1260058275651492 0.6625000338877611 17.997802734375 0.52197265625 1.1746427792321121 573
30 248.8 0.9951962780722473 0.27893150889580826 17.997802734375 0.509033203125 1.1392264031368617 2108
40 341.9 1.0349473130392661 0.46150470971446916 17.997802734375 0.485107421875 1.0612570926145029 4596
50 430.1 1.2734346050518777 15.292189730966713 1002.678955078125 0.469970703125 1.0500339938786658 8015
60 528.5 1.4469624933479146 19.407065839969032 1002.678955078125 0.469970703125 1.1280500728536564 12316
70 614.5 1.7331858424659277 25.4439090417922 1002.678955078125 0.323974609375 1.2238089582756297 17601
80 718.2 3.954589911736812 52.57814967962999 1002.678955078125 0.323974609375 1.355625725451128 23746
90 782.5 11.550205951727204 101.10107314761095 1450.803955078125 0.323974609375 1.9591487720724348 30928
100 878.7 33.17192626202945 178.893253284117 3001.991943359375 0.323974609375 3.89577361223445 38753
110 919.1 150.53344670780174 389.4372433350529 7013.005126953125 0.323974609375 9.306996862839176 47540
120 885.5 569.6846424380645 1008.218804866197 10375.630126953125 0.323974609375 32.1871206139638 56731
130 879.3 1073.9418038496553 2170.2109861249382 16316.2138671875 0.323974609375 104.75657988503403 65586
140 874.2 1848.3778608187315 3666.712312457964 31081.4560546875 0.323974609375 219.33254452990576 74379
150 886.8 1801.9782512769766 4134.324478123863 32619.326904296875 0.323974609375 390.66246302218707 83121
160 849.5 2408.546112229396 5894.339427470742 46428.9521484375 0.323974609375 526.7173001249218 91989
170 892.7 1834.9036465535153 4727.000015350827 46468.2841796875 0.323974609375 685.8086555529254 100484
180 843.9 2117.7956771226754 5368.127756985465 46468.2841796875 0.323974609375 779.5649596234691 109411
190 874.7 2342.8781724325586 5080.988349526036 46468.2841796875 0.323974609375 875.3929530471078 117850
200 874.2 2360.268736326786 4808.283798398102 46468.2841796875 0.323974609375 976.7862973914804 126597
201 38.8 2385.990803826714 5755.272349184537 46468.2841796875 0.323974609375 1066.1500689663587 135339
