10 0.1 1.5372983870967742 0 1.5372983870967742 1.5372983870967742 0 0
20 0.1 9.815330129015937 0.0 9.815330129015937 1.5372983870967742 1.5372983870967742 1
30 0.1 21.64741336012054 0.0 21.64741336012054 1.5372983870967742 5.6763142580563555 2
40 0.1 30.809859154929576 0.0 30.809859154929576 1.5372983870967742 11.000013958744418 3
50 0.1 41.98531273740188 0.0 41.98531273740188 1.5372983870967742 15.952475257790708 4
60 0.1 50.64168377823408 0.0 50.64168377823408 1.5372983870967742 21.159042753712942 5
70 0.1 59.917141377524594 0.0 59.917141377524594 1.5372983870967742 26.072816257799797 6
80 0.1 69.32642487046633 0.0 69.32642487046633 1.5372983870967742 30.907719846331908 7
90 0.1 79.57403130613292 0.0 79.57403130613292 1.5372983870967742 35.710057974348715 8
100 0.1 85.1243908694537 0.0 85.1243908694537 1.5372983870967742 40.58383278899141 9
110 0.1 90.20748987854252 0.0 90.20748987854252 1.5372983870967742 45.037888597037636 10
120 0.1 91.84743742550656 0.0 91.84743742550656 1.5372983870967742 49.14421598626536 11
130 0.1 90.8567134268537 0.0 91.84743742550656 1.5372983870967742 52.70281777286879 12
140 0.1 91.50967093695051 0.0 91.84743742550656 1.5372983870967742 55.63773282317532 13
150 0.1 91.06372783900335 0.0 91.84743742550656 1.5372983870967742 58.20001411701641 14
160 0.1 90.36532273329547 0.0 91.84743742550656 1.5372983870967742 60.39092836514887 15
170 0.1 90.8285243198681 0.0 91.84743742550656 1.5372983870967742 62.264328013158035 16
180 0.1 90.41548630783758 0.0 91.84743742550656 1.5372983870967742 63.94457485472922 17
190 0.1 89.78172223554809 0.0 91.84743742550656 1.5372983870967742 65.41518104656858 18
200 0.1 90.12314651922594 0.0 91.84743742550656 1.5372983870967742 66.69763058283066 19
