20 0.1 2471 0 2471 2471 0 0
30 0.1 5287.0 0.0 5287 2471 2471.0 1
40 0.1 7567.0 0.0 7567 2471 3879.0 2
50 0.1 10299.0 0.0 10299 2471 5108.333333333333 3
60 0.1 12569.0 0.0 12569 2471 6406.0 4
70 0.1 15066.0 0.0 15066 2471 7638.6 5
80 0.1 17457.0 0.0 17457 2471 8876.5 6
90 0.1 19899.0 0.0 19899 2471 10102.285714285714 7
100 0.1 21829.0 0.0 21829 2471 11326.875 8
110 0.1 23989.0 0.0 23989 2471 12493.777777777777 9
120 0.1 26527.0 0.0 26527 2471 13643.3 10
130 0.1 25834.0 0.0 26527 2471 14814.545454545454 11
140 0.1 26493.0 0.0 26527 2471 15732.833333333334 12
150 0.1 25109.0 0.0 26527 2471 16560.53846153846 13
160 0.1 24743.0 0.0 26527 2471 17171.14285714286 14
170 0.1 36711.0 0.0 36711 2471 17675.933333333334 15
180 0.1 29070.0 0.0 36711 2471 18865.625 16
190 0.1 26802.0 0.0 36711 2471 19465.882352941175 17
200 0.1 25377.0 0.0 36711 2471 19873.444444444445 18
