10 0.1 6.231155778894473 0 6.231155778894473 6.231155778894473 0 0
20 0.1 32.49258160237389 0.0 32.49258160237389 6.231155778894473 6.231155778894473 1
30 0.1 54.07228915662651 0.0 54.07228915662651 6.231155778894473 19.361868690634182 2
40 0.1 75.5203171456888 0.0 75.5203171456888 6.231155778894473 30.93200884596496 3
50 0.1 79.32480141218005 0.0 79.32480141218005 6.231155778894473 42.07908592089592 4
60 0.1 80.22066198595788 0.0 80.22066198595788 6.231155778894473 49.52822901915275 5
70 0.1 79.32489451476793 0.0 80.22066198595788 6.231155778894473 54.64363451362027 6
80 0.1 78.57950689889165 0.0 80.22066198595788 6.231155778894473 58.16952879949851 7
100 0.1 80.53435114503816 0.0 80.53435114503816 6.231155778894473 60.72077606192265 8
110 0.1 76.15735188294555 0.0 80.53435114503816 6.231155778894473 62.92228440449104 9
120 0.1 78.92561983471074 0.0 80.53435114503816 6.231155778894473 64.2457911523365 10
130 0.1 80.52034689793194 0.0 80.53435114503816 6.231155778894473 65.58032103255233 11
140 0.1 75.63497415149472 0.0 80.53435114503816 6.231155778894473 66.82532318800064 12
150 0.1 79.73029045643155 0.0 80.53435114503816 6.231155778894473 67.50298864673094 13
160 0.1 80.2445456725006 0.0 80.53435114503816 6.231155778894473 68.37636734742384 14
170 0.1 79.60067356266538 0.0 80.53435114503816 6.231155778894473 69.16757923576229 15
190 0.1 76.26329787234043 0.0 80.53435114503816 6.231155778894473 69.81964763119373 16
200 0.1 79.73764347622394 0.0 80.53435114503816 6.231155778894473 70.19868588067295 17
