20 0.1 3499 0 3499 3499 0 0
30 0.1 6164.0 0.0 6164 3499 3499.0 1
40 0.1 9057.0 0.0 9057 3499 4831.5 2
50 0.1 11087.0 0.0 11087 3499 6240.0 3
60 0.1 12103.0 0.0 12103 3499 7451.75 4
70 0.1 12702.0 0.0 12702 3499 8382.0 5
80 0.1 11465.0 0.0 12702 3499 9102.0 6
100 0.1 14330.0 0.0 14330 3499 9439.57142857143 7
110 0.1 11564.0 0.0 14330 3499 10050.875 8
120 0.1 12899.0 0.0 14330 3499 10219.0 9
130 0.1 11866.0 0.0 14330 3499 10487.0 10
140 0.1 13331.0 0.0 14330 3499 10612.363636363636 11
150 0.1 13685.0 0.0 14330 3499 10838.916666666666 12
160 0.1 16586.0 0.0 16586 3499 11057.846153846154 13
170 0.1 14192.0 0.0 16586 3499 11452.714285714286 14
190 0.1 12774.0 0.0 16586 3499 11635.333333333334 15
200 0.1 15665.0 0.0 16586 3499 11706.5 16
