20 0.1 3756 0 3756 3756 0 0
30 0.1 7291.0 0.0 7291 3756 3756.0 1
40 0.1 9780.0 0.0 9780 3756 5523.5 2
50 0.1 11881.0 0.0 11881 3756 6942.333333333333 3
60 0.1 9233.0 0.0 11881 3756 8177.0 4
70 0.1 13730.0 0.0 13730 3756 8388.2 5
80 0.1 11531.0 0.0 13730 3756 9278.5 6
90 0.1 12328.0 0.0 13730 3756 9600.285714285714 7
100 0.1 12046.0 0.0 13730 3756 9941.25 8
110 0.1 13020.0 0.0 13730 3756 10175.111111111111 9
120 0.1 15445.0 0.0 15445 3756 10459.6 10
130 0.1 13380.0 0.0 15445 3756 10912.818181818182 11
140 0.1 15688.0 0.0 15688 3756 11118.416666666666 12
150 0.1 17377.0 0.0 17377 3756 11469.923076923076 13
160 0.1 17169.0 0.0 17377 3756 11891.857142857143 14
170 0.1 16774.0 0.0 17377 3756 12243.666666666666 15
180 0.1 14732.0 0.0 17377 3756 12526.8125 16
190 0.1 18518.0 0.0 18518 3756 12656.529411764706 17
200 0.1 21578.0 0.0 21578 3756 12982.166666666666 18
