10 0.1 6.306532663316583 0 6.306532663316583 6.306532663316583 0 0
20 0.1 23.947171692000996 0.0 23.947171692000996 6.306532663316583 6.306532663316583 1
30 0.1 25.463194792188283 0.0 25.463194792188283 6.306532663316583 15.12685217765879 2
40 0.1 26.29592350276799 0.0 26.29592350276799 6.306532663316583 18.57229971583529 3
50 0.1 40.23150762281197 0.0 40.23150762281197 6.306532663316583 20.503205662568465 4
60 0.1 40.068298235628916 0.0 40.23150762281197 6.306532663316583 24.448866054617167 5
70 0.1 38.35894462162946 0.0 40.23150762281197 6.306532663316583 27.052104751452458 6
80 0.1 39.281609195402304 0.0 40.23150762281197 6.306532663316583 28.66736759004917 7
90 0.1 40.10180995475113 0.0 40.23150762281197 6.306532663316583 29.994147790718312 8
100 0.1 39.30718580017177 0.0 40.23150762281197 6.306532663316583 31.117221364499738 9
110 0.1 38.3853104051297 0.0 40.23150762281197 6.306532663316583 31.936217808066942 10
120 0.1 37.67264178665883 0.0 40.23150762281197 6.306532663316583 32.52249895325446 11
130 0.1 38.4992784992785 0.0 40.23150762281197 6.306532663316583 32.95167752270482 12
140 0.1 38.174882629107984 0.0 40.23150762281197 6.306532663316583 33.37841605936433 13
150 0.1 37.076648841354725 0.0 40.23150762281197 6.306532663316583 33.721020814346026 14
160 0.1 38.42150910667823 0.0 40.23150762281197 6.306532663316583 33.94472934947994 15
170 0.1 38.76306620209059 0.0 40.23150762281197 6.306532663316583 34.224528084304836 16
180 0.1 38.201272411798726 0.0 40.23150762281197 6.306532663316583 34.491500914762824 17
190 0.1 38.40982168956445 0.0 40.23150762281197 6.306532663316583 34.69759933126482 18
200 0.1 38.546191717347234 0.0 40.23150762281197 6.306532663316583 34.89297945538585 19
