0 0.6 30.547648111979168 3.7742895619315657 36.510986328125 24.212890625 0 0
10 96.4 91.59990188788574 80.98344014215655 1052.02490234375 19.29296875 30.547648111979168 6
20 72.3 2841.1318389765947 1928.2780783329306 6065.48095703125 19.29296875 91.22225908102446 970
30 57.7 8810.898813231155 1947.4191928561931 13454.116943359375 19.29296875 1265.578210802523 1693
40 117.3 15214.09423182911 1901.8287174647305 21502.9580078125 19.29296875 3183.4856943273344 2270
50 244.7 16893.91680351978 3926.905840639977 29576.39208984375 19.29296875 7282.20884695283 3443
60 210.4 18753.06632920181 6048.807514254731 37990.701904296875 19.29296875 11275.392101574107 5890
70 244.6 20034.12239899403 6564.355587525454 47891.951171875 19.29296875 13243.49650174032 7994
80 216.2 21371.86882613302 8031.501212971298 55774.7939453125 19.29296875 14834.480308702252 10440
90 220.7 22498.71611578126 8475.17124765516 65273.9951171875 19.29296875 15956.03513925973 12602
100 198.4 24607.449110707923 9626.26937251521 72488.43310546875 19.29296875 16931.097392969165 14809
110 199.6 26622.70468231384 10083.89304945677 87310.9580078125 19.29296875 17838.01585947269 16793
120 222.1 29271.459622152543 12592.481387749936 96450.81103515625 19.29296875 18771.234172868346 18789
130 216.6 31837.64159863191 14320.483747452781 102748.93310546875 19.29296875 19881.22944763561 21010
140 194 33412.57848693217 15186.356725767644 110514.1298828125 19.29296875 20998.6607869115 23176
150 214.5 34030.798255504356 17182.029362252735 112865.51196289063 19.29296875 21957.531639676276 25116
160 227.2 37753.092384445874 18974.752997415027 132215.74487304688 19.29296875 22907.50254650109 27261
170 207 41208.24297759569 21428.985743108886 136783.826171875 19.29296875 24049.58699819278 29533
180 195.6 45572.12715370474 23192.003498149523 144740.4921875 19.29296875 25173.480865147307 31603
190 190.9 47532.41032659855 24924.458614252097 144740.4921875 19.29296875 26362.42428242489 33559
200 196.6 49879.94976465144 26425.982873512632 161551.255859375 19.29296875 27501.859924646822 35468
