0 6 2.7294555664062496 0.7194100760443537 4.7529296875 1.4541015625 0 0
10 970.1 9.095007395943435 18.9639676137668 1002.7080078125 1.316162109375 2.7294555664062496 60
20 1129.7 426.1947004303555 260.42583933839796 1045.49609375 1.316162109375 9.055878914253832 9761
30 1182.4 1508.7589978332944 457.5120951987676 4937.254150390625 1.316162109375 232.8386344782865 21058
40 2311.2 1691.725360779257 1331.0299770302845 9366.0078125 1.316162109375 691.6453486778369 32882
50 2469.4 1772.7516449288478 1794.59371873804 19194.595947265625 1.316162109375 1104.4368841939283 55994
60 2414.4 2029.2246558996444 2254.7476620968328 31901.9951171875 1.316162109375 1308.9699585245364 80688
70 2516.7 2101.6859336080365 2709.4191378758546 32581.095947265625 1.316162109375 1474.8527940463675 104832
80 2462.5 2251.5889793682595 3007.49723693736 33498.0009765625 1.316162109375 1596.203801541414 129999
90 2449.8 2430.2935161280875 3160.425757496605 34612.861083984375 1.316162109375 1700.5786722211665 154624
100 2459.9 2741.7420681639783 3781.616422539059 41846.887939453125 1.316162109375 1800.3796695639373 179122
110 2422.6 2956.842534234924 3891.2385481171696 41846.887939453125 1.316162109375 1914.0477432684763 203721
120 2429.4 3131.524083848592 4223.337087761053 43035.051025390625 1.316162109375 2024.8750259524036 227947
130 2452.4 3056.123509969679 4430.55614860783 43035.051025390625 1.316162109375 2131.45933307349 252241
140 2444.1 3560.1239550629343 4803.8186663808 57126.972900390625 1.316162109375 2213.3933358346853 276765
150 2446.5 3452.6742476397317 4730.285404508368 57126.972900390625 1.316162109375 2322.672178435954 301206
160 2432.4 3990.9845039757843 5846.406489210805 57126.972900390625 1.316162109375 2407.5599965808624 325671
170 2406.5 3696.445291317137 5164.080349026809 75865.85107421875 1.316162109375 2517.6050478469497 349995
180 2425.1 4137.156822091013 5976.34925106406 81751.02709960938 1.316162109375 2593.4452618744053 374060
190 2421.9 4338.411150876828 5771.391563635994 113606.56494140625 1.316162109375 2687.4334998261893 398311
200 2426.8 4602.360673096168 6713.141192035597 119709.26708984375 1.316162109375 2782.0658992553313 422530
