10 53.8 1.100964400848049 0.33017601550577746 4.902099609375 0.614013671875 0 0
20 153.5 1.0071246119197854 0.24036680770018437 4.902099609375 0.512939453125 1.100964400848049 538
30 250.8 3.084451240405706 44.63067581331822 1009.171142578125 0.5048828125 1.031478594767545 2073
40 329 1.8027538172017459 24.7365558544609 1009.171142578125 0.47216796875 2.15543742368274 4581
50 421 5.194867943698055 63.345173779061824 1009.171142578125 0.458984375 2.0080191711960835 7871
60 524.8 3.317004785305109 45.68690677143768 1009.171142578125 0.458984375 3.118575692364306 12081
70 592 21.04158803578968 135.88362813785395 1248.931884765625 0.458984375 3.178668939508015 17329
80 634.6 384.6714216894128 725.3666355759533 6654.968994140625 0.458984375 7.727186340255894 23249
90 636.7 931.5622553608948 1522.774408628311 15671.655029296875 0.458984375 88.55462737846337 29595
100 651.7 676.0466576447905 1222.5334850927961 15793.77197265625 0.458984375 237.80743777177136 35962
110 721.3 578.1896385066999 987.5065073293711 15793.77197265625 0.458984375 305.04077650179005 42479
120 736.8 192.002384711813 1093.6958624383371 15793.77197265625 0.458984375 344.689467269749 49692
130 571.4 604.4680316352259 902.4726831914762 15793.77197265625 0.458984375 324.9734065566948 57060
140 739.2 630.0464624512247 1212.9113061587948 15793.77197265625 0.458984375 350.4143898889458 62774
150 661.7 611.0174329024643 1261.0523626866727 15793.77197265625 0.458984375 379.8736761583692 70166
160 698.4 498.5048772543165 1212.0211898994348 31072.656005859375 0.458984375 399.7931666494373 76783
170 679.8 299.6743920761957 809.0118101599089 31072.656005859375 0.458984375 408.02316876082335 83767
180 713.4 669.1481634492395 1014.482211383957 31072.656005859375 0.458984375 399.8902809575649 90565
190 763.3 556.091726316346 1001.2438986652586 31072.656005859375 0.458984375 419.5515439561177 97699
200 723.6 838.5787376796012 1442.9803975770776 31072.656005859375 0.458984375 429.4460794434874 105332
