10 0.1 1742.890625 0 1742.890625 1742.890625 0 0
20 0.1 1741.46875 0.0 1742.890625 1741.46875 1742.890625 1
30 0.1 1740.875 0.0 1742.890625 1740.875 1742.1796875 2
40 0.1 1742.0546875 0.0 1742.890625 1740.875 1741.7447916666667 3
50 0.1 1744.57421875 0.0 1744.57421875 1740.875 1741.822265625 4
60 0.1 1744.0546875 0.0 1744.57421875 1740.875 1742.37265625 5
70 0.1 1727.453125 0.0 1744.57421875 1727.453125 1742.6529947916667 6
80 0.1 1675.4609375 0.0 1744.57421875 1675.4609375 1740.4815848214287 7
90 0.1 1641.90234375 0.0 1744.57421875 1641.90234375 1732.35400390625 8
100 0.1 1642.9921875 0.0 1744.57421875 1641.90234375 1722.3038194444443 9
120 0.1 1658.47265625 0.0 1744.57421875 1641.90234375 1714.37265625 10
130 0.1 1639.14453125 0.0 1744.57421875 1639.14453125 1709.2908380681818 11
140 0.1 1646.625 0.0 1744.57421875 1639.14453125 1703.4453125 12
150 0.1 1650.8125 0.0 1744.57421875 1639.14453125 1699.0745192307693 13
170 0.1 1653.015625 0.0 1744.57421875 1639.14453125 1695.627232142857 14
180 0.1 1643.00390625 0.0 1744.57421875 1639.14453125 1692.7864583333333 15
190 0.1 1644.36328125 0.0 1744.57421875 1639.14453125 1689.675048828125 16
200 0.1 1638.9140625 0.0 1744.57421875 1638.9140625 1687.0096507352941 17
