20 0.1 3585 0 3585 3585 0 0
30 0.1 7656.0 0.0 7656 3585 3585.0 1
40 0.1 11354.0 0.0 11354 3585 5620.5 2
50 0.1 14960.0 0.0 14960 3585 7531.666666666667 3
60 0.1 19039.0 0.0 19039 3585 9388.75 4
70 0.1 22683.0 0.0 22683 3585 11318.8 5
80 0.1 23255.0 0.0 23255 3585 13212.833333333334 6
90 0.1 28444.0 0.0 28444 3585 14647.42857142857 7
100 0.1 30464.0 0.0 30464 3585 16372.0 8
120 0.1 29483.0 0.0 30464 3585 17937.777777777777 9
130 0.1 33449.0 0.0 33449 3585 19092.3 10
140 0.1 23650.0 0.0 33449 3585 20397.454545454544 11
150 0.1 31042.0 0.0 33449 3585 20668.5 12
170 0.1 24211.0 0.0 33449 3585 21466.46153846154 13
180 0.1 27633.0 0.0 33449 3585 21662.5 14
190 0.1 22103.0 0.0 33449 3585 22060.533333333333 15
200 0.1 28433.0 0.0 33449 3585 22063.1875 16
