10 54.3 14.103121762776244 2.4275482165724647 24.6298828125 10.02294921875 0 0
20 153.9 14.21518910031879 2.5528340813003947 31.135009765625 9.557861328125 14.103121762776244 543
30 248.4 55.12368769499799 333.4292384208722 7087.4599609375 9.557861328125 14.185961163582189 2082
40 328.8 25.495309574470614 208.06955126028436 11745.549072265625 9.557861328125 36.45694511102784 4566
50 425.8 38.098624383972066 87.8098907245593 11745.549072265625 9.557861328125 31.867964000230774 7854
60 506.9 151.4360237896709 190.5990448355498 11745.549072265625 9.557861328125 34.05836623883467 12112
70 435.8 1578.7713175997264 848.2612295361084 11745.549072265625 9.557861328125 68.68890847299969 17181
80 441.3 4300.959157702121 1491.7754086069524 13754.19189453125 9.557861328125 374.2248729548361 21539
90 641.9 6140.685456962475 3068.5519661931567 20539.94189453125 9.557861328125 1041.9452181532704 25952
100 510.3 4791.253244252391 3434.600458373748 25727.671875 9.557861328125 2052.998741149665 32371
110 506.5 5010.69173189936 3858.6494355643686 34858.598876953125 9.557861328125 2425.878944206003 37474
120 466.8 4985.018925448599 4510.959738563917 43462.02880859375 9.557861328125 2733.645388402313 42539
130 496 6341.163838934127 3486.2793834007266 59597.238037109375 9.557861328125 2956.2693990560733 47207
140 598.5 6199.789618985614 5819.510808436278 68863.14282226563 9.557861328125 3278.102673382662 52167
150 586 5830.055090373714 5052.359579845453 72136.083984375 9.557861328125 3578.802500893903 58152
160 505.7 5211.239722244554 5659.730665484733 82004.6630859375 9.557861328125 3784.894173929454 64012
170 441.6 4934.305254728895 6698.639483736918 87756.72314453125 9.557861328125 3889.326400222428 69069
180 538.8 5529.834905430411 5229.551654256788 103877.9189453125 9.557861328125 3952.1232515730517 73485
190 521.9 5497.690410929052 5520.375583204188 103877.9189453125 9.557861328125 4059.900442639493 78873
200 565.9 6114.658547570818 6259.891493431641 103877.9189453125 9.557861328125 4149.133970733762 84092
