10 563.5 563.5
20 1561.69140625 2125.19140625
30 2427.57890625 4552.7703125
40 3381.815625 7934.5859375
50 4276.56015625 12211.14609375
60 5385.9359375 17597.08203125
70 6234.78046875 23831.8625
80 7001.2125 30833.075
90 7805.9359375 38639.0109375
100 7895.12578125 46534.13671875
110 7488.440625 54022.57734375
120 7436.5140625 61459.09140625
130 7345.80859375 68804.9
140 7145.5640625 75950.4640625
150 7302.67421875 83253.13828125
160 7233.28359375 90486.421875
170 7285.69765625 97772.11953125
180 7422.21484375 105194.334375
190 7540.21796875 112734.55234375
200 7049.0734375 119783.62578125
