10 0.1 1.7852652753331657 0 1.7852652753331657 1.7852652753331657 0 0
20 0.1 15.735256245171259 0.0 15.735256245171259 1.7852652753331657 1.7852652753331657 1
30 0.1 35.454779695954656 0.0 35.454779695954656 1.7852652753331657 8.760260760252212 2
40 0.1 56.9620253164557 0.0 56.9620253164557 1.7852652753331657 17.658433738819692 3
50 0.1 67.38238841978287 0.0 67.38238841978287 1.7852652753331657 27.48433163322869 4
60 0.1 68.12393081163277 0.0 68.12393081163277 1.7852652753331657 35.46394299053953 5
70 0.1 68.83116883116884 0.0 68.83116883116884 1.7852652753331657 40.90727429405507 6
90 0.1 68.14977973568281 0.0 68.83116883116884 1.7852652753331657 44.89640208507132 7
100 0.1 66.96273830155978 0.0 68.83116883116884 1.7852652753331657 47.80307429139776 8
110 0.1 66.16717396394287 0.0 68.83116883116884 1.7852652753331657 49.931925848082436 9
120 0.1 68.10035842293907 0.0 68.83116883116884 1.7852652753331657 51.55545065966847 10
130 0.1 65.46356868937514 0.0 68.83116883116884 1.7852652753331657 53.05953318360216 11
140 0.1 67.71761480466073 0.0 68.83116883116884 1.7852652753331657 54.093202809083245 12
150 0.1 68.24910668708524 0.0 68.83116883116884 1.7852652753331657 55.14123450105074 13
170 0.1 67.05856255545697 0.0 68.83116883116884 1.7852652753331657 56.07751108576749 14
180 0.1 67.35785953177258 0.0 68.83116883116884 1.7852652753331657 56.80958118374679 15
190 0.1 67.08548903670855 0.0 68.83116883116884 1.7852652753331657 57.4688485804984 16
200 0.1 67.38991703892788 0.0 68.83116883116884 1.7852652753331657 58.03453331321664 17
