10 0.1 2.5 0 2.5 2.5 0 0
20 0.1 2.19921875 0.0 2.5 2.19921875 2.5 1
30 0.1 2.01171875 0.0 2.5 2.01171875 2.349609375 2
40 0.1 1.859375 0.0 2.5 1.859375 2.2369791666666665 3
50 0.1 1.71875 0.0 2.5 1.71875 2.142578125 4
60 0.1 1.69140625 0.0 2.5 1.69140625 2.0578125 5
70 0.1 1.578125 0.0 2.5 1.578125 1.9967447916666667 6
80 0.1 1.5703125 0.0 2.5 1.5703125 1.9369419642857142 7
90 0.1 1.48046875 0.0 2.5 1.48046875 1.89111328125 8
100 0.1 1.41015625 0.0 2.5 1.41015625 1.8454861111111112 9
110 0.1 1.3515625 0.0 2.5 1.3515625 1.801953125 10
120 0.1 1.2890625 0.0 2.5 1.2890625 1.7610085227272727 11
130 0.1 1.25 0.0 2.5 1.25 1.7216796875 12
140 0.1 1.2109375 0.0 2.5 1.2109375 1.6853966346153846 13
150 0.1 1.25 0.0 2.5 1.2109375 1.6515066964285714 14
160 0.1 1.2109375 0.0 2.5 1.2109375 1.6247395833333333 15
170 0.1 1.25 0.0 2.5 1.2109375 1.598876953125 16
180 0.1 1.2109375 0.0 2.5 1.2109375 1.5783547794117647 17
190 0.1 1.1796875 0.0 2.5 1.1796875 1.5579427083333333 18
200 0.1 1.1484375 0.0 2.5 1.1484375 1.5380345394736843 19
