10 938.1375 938.1375
20 1675.71015625 2613.84765625
30 1749.071875 4362.91953125
40 1671.390625 6034.31015625
50 1705.459375 7739.76953125
60 1691.609375 9431.37890625
70 1698.32890625 11129.7078125
80 1703.2421875 12832.95
90 1669.67421875 14502.62421875
100 1670.28203125 16172.90625
110 1651.4765625 17824.3828125
120 1671.58671875 19495.96953125
130 1795.0328125 21291.00234375
140 1824.296875 23115.29921875
150 1627.67265625 24742.971875
160 1741.75703125 26484.72890625
170 1898.25234375 28382.98125
180 1678.46953125 30061.45078125
190 1617.91875 31679.36953125
200 1614.88828125 33294.2578125
