10 0.1 2.359375 0 2.359375 2.359375 0 0
20 0.1 2.23828125 0.0 2.359375 2.23828125 2.359375 1
30 0.1 1.890625 0.0 2.359375 1.890625 2.298828125 2
40 0.1 2.69140625 0.0 2.69140625 1.890625 2.1627604166666665 3
50 0.1 3.53125 0.0 3.53125 1.890625 2.294921875 4
60 0.1 3.51953125 0.0 3.53125 1.890625 2.5421875 5
70 0.1 4.37109375 0.0 4.37109375 1.890625 2.705078125 6
80 0.1 4.078125 0.0 4.37109375 1.890625 2.943080357142857 7
90 0.1 4.1484375 0.0 4.37109375 1.890625 3.0849609375 8
100 0.1 3.66015625 0.0 4.37109375 1.890625 3.203125 9
110 0.1 4.48828125 0.0 4.48828125 1.890625 3.248828125 10
120 0.1 4.7890625 0.0 4.7890625 1.890625 3.3615056818181817 11
130 0.1 4.83984375 0.0 4.83984375 1.890625 3.48046875 12
140 0.1 4.48046875 0.0 4.83984375 1.890625 3.5850360576923075 13
150 0.1 5.1796875 0.0 5.1796875 1.890625 3.6489955357142856 14
160 0.1 4.859375 0.0 5.1796875 1.890625 3.7510416666666666 15
170 0.1 4.66015625 0.0 5.1796875 1.890625 3.8203125 16
180 0.1 4.55859375 0.0 5.1796875 1.890625 3.8697150735294117 17
190 0.1 4.6796875 0.0 5.1796875 1.890625 3.907986111111111 18
200 0.1 4.80078125 0.0 5.1796875 1.890625 3.9486019736842106 19
