10 57.1 21.88649684284698 3.2338415818526722 37.197998046875 15.321044921875 0 0
20 149.3 27.626987628464086 27.293281170355527 310.97314453125 15.321044921875 21.88649684284698 571
30 216.8 180.68208329879934 309.59774117773594 2530.487060546875 15.321044921875 26.038896427598115 2064
40 219.6 1572.5253939602565 1460.9361630648389 10382.653076171875 15.321044921875 105.26064244290158 4232
50 183.7 4290.054451067683 2920.206330862146 17404.761962890625 15.321044921875 606.5228382008529 6428
60 236.3 7889.565173355345 5012.677569707204 26393.984130859375 15.321044921875 1425.2339782899473 8265
70 260.1 10137.231661481628 7484.929522379023 36355.495849609375 15.321044921875 2862.495421076881 10628
80 220.1 11478.604158199576 9673.885686116422 42416.960205078125 15.321044921875 4292.80677955392 13229
90 258.7 12847.327242903988 10628.418465610046 55422.72314453125 15.321044921875 5317.819095198709 15430
100 236.9 14245.220271009492 11685.195232610029 59360.8310546875 15.321044921875 6398.955665000204 18017
110 198.2 14769.652812076263 12888.416445592957 76514.03881835938 15.321044921875 7310.748113329254 20386
120 249.9 19446.301440986565 18090.891397942156 84588.10180664063 15.321044921875 7971.672161653492 22368
130 215.8 24826.805636910623 25107.11598684523 95822.22192382813 15.321044921875 9124.810801982176 24867
140 213.7 27930.16447697926 25461.032886923815 104394.72216796875 15.321044921875 10378.646319235666 27025
150 232.3 30312.799426337846 27166.86600615944 113513.85302734375 15.321044921875 11664.826769928282 29162
160 228.2 31519.211324573087 29523.461617938996 125545.09790039063 15.321044921875 13040.695929237141 31485
170 238.4 33579.41221127088 29384.240917217532 125545.09790039063 15.321044921875 14289.488304400958 33767
180 242.5 36800.95014749116 31164.298880032613 139715.73901367188 15.321044921875 15561.574238233436 36151
190 237 37818.40995321148 33053.6551443939 149638.82788085938 15.321044921875 16896.743425809906 38576
200 196.5 37556.76000131703 36085.684980928054 165791.50610351563 15.321044921875 18107.712743202123 40946
200 9.3 41454.56859038979 37680.99221975485 165791.50610351563 15.321044921875 18998.33234801664 42911
