10 57 23.07249391790021 5.368468267883142 68.89013671875 15.857177734375 0 0
20 150.3 64.28974846530892 345.4785908512574 9954.463134765625 15.248046875 23.07249391790021 570
30 229.9 223.9003312624036 529.4764258087939 10473.571044921875 15.248046875 52.95649468237454 2073
40 263.1 1139.8026761932538 936.5372900680005 20220.161865234375 15.248046875 142.84667773303482 4372
50 226.9 3707.202107872926 1474.7394153283524 20220.161865234375 15.248046875 517.3991883640267 7003
60 221.6 7630.575913522221 2656.8533599946786 21774.514892578125 15.248046875 1297.9926767554948 9272
70 254.1 10949.10803390797 4052.5606960887967 28870.983154296875 15.248046875 2519.5285796694106 11488
80 296.4 12099.976348918137 7158.467307654706 37746.635986328125 15.248046875 4046.334581039443 14029
90 266.7 14015.331845421173 8574.414539828302 48358.64599609375 15.248046875 5451.0891387980755 16993
100 327.7 14213.564853122258 8847.175237841815 58921.798828125 15.248046875 6612.881371685349 19660
110 283 13776.46088720531 10391.55757447396 61906.748046875 15.248046875 7698.787975367992 22937
120 253.8 15315.159491260194 11900.736897147004 70358.36206054688 15.248046875 8366.301241968667 25767
130 325.1 17912.903101029064 11337.83421360382 90208.89599609375 15.248046875 8989.378515832008 28305
140 270.8 19270.722343771642 11663.710599858152 90208.89599609375 15.248046875 9908.70854582553 31556
150 274.8 18469.305101419643 12751.702875925843 99297.14501953125 15.248046875 10648.620213022532 34264
160 194.1 20081.989531134266 12728.416356711376 99297.14501953125 15.248046875 11229.27627249825 37012
170 301.9 22916.757595450126 13375.874698605117 112664.63696289063 15.248046875 11670.400612985824 38953
180 257.1 22826.075462528264 15523.179921654339 124617.783203125 15.248046875 12479.33875579674 41972
190 290.9 21883.371375153754 16214.992824938237 124617.783203125 15.248046875 13076.54729749817 44543
200 271.6 24359.170364672005 16869.85162620092 139591.17602539063 15.248046875 13616.441321815375 47452
