10 57.9 25.233034545687612 5.556427898452209 70.535888671875 17.865966796875 0 0
20 151.4 66.15853821365171 344.24473497363994 9956.14990234375 16.73291015625 25.233034545687612 579
30 232.5 238.8625991263443 536.570000646142 10475.5341796875 16.73291015625 54.83705392136733 2093
40 261.8 1174.8896615864019 976.7412353921874 20221.885009765625 16.73291015625 151.68164255911552 4418
50 231.3 3790.5012506797516 1559.828416142515 20221.885009765625 16.73291015625 532.403443840161 7036
60 224.6 7801.023920020141 2722.58428988573 21776.12109375 16.73291015625 1338.4768449761086 9349
70 255.2 10947.201717651757 4187.505580448945 28872.326904296875 16.73291015625 2590.299245195936 11595
80 295.1 12175.7180994823 7194.54772682195 37747.816162109375 16.73291015625 4097.81427380322 14147
90 265.1 14073.051344403491 8593.919714010786 48361.487060546875 16.73291015625 5492.006237166126 17098
100 325.6 14300.741314487326 8918.87628533865 58925.31494140625 16.73291015625 6643.879779081476 19749
110 281.7 13780.781533314042 10441.674097519091 61908.700927734375 16.73291015625 7727.589457815726 23005
120 254.6 15383.824018911406 11897.343576459816 70360.44897460938 16.73291015625 8387.95047077672 25822
130 325.2 17906.600389318653 11351.745225883433 90210.02709960938 16.73291015625 9015.823216601273 28368
140 272 19292.25762382953 11643.878389280797 90210.02709960938 16.73291015625 9930.206751252663 31620
150 270.7 18598.689328754906 12911.363928048315 99299.7958984375 16.73291015625 10671.755335219148 34340
160 198.5 19917.757400720267 12739.462513593911 99299.7958984375 16.73291015625 11250.971204803764 37047
170 305.7 22675.974965802703 13332.23563028302 112666.22705078125 16.73291015625 11691.726754068324 39032
180 256.2 22818.30518159415 15607.329750274463 124619.52124023438 16.73291015625 12489.532517647216 42089
190 293.9 21967.602217584405 16135.66856803492 124619.52124023438 16.73291015625 13082.18028735074 44651
200 271.2 24214.81446545802 16843.597888871733 139592.44091796875 16.73291015625 13630.914371254014 47590
