10 563.7515625 563.7515625
20 1484.4375 2048.1890625
30 2345.765625 4393.9546875
40 2831.7515625 7225.70625
50 2870.5359375 10096.2421875
60 2936.6859375 13032.928125
70 2715.7921875 15748.7203125
80 2901.346875 18650.0671875
90 2938.0640625 21588.13125
100 2943.28125 24531.4125
110 2988.759375 27520.171875
120 2947.21875 30467.390625
130 2962.771875 33430.1625
140 2908.7296875 36338.8921875
150 2921.625 39260.5171875
160 2169.365625 41429.8828125
170 2922.5109375 44352.39375
180 2949.778125 47302.171875
190 2896.03125 50198.203125
200 2977.734375 53175.9375
