10 909.6 0.9322066361587507 0.26630895017698275 4.22216796875 0.359130859375 0 0
20 1791.2 1.0803102303317944 7.472621226746234 999.572021484375 0.359130859375 0.9322066361587507 9096
30 2812 5.085526671755522 49.44208911268375 1006.284912109375 0.359130859375 1.0304305542136811 27008
40 3236.2 64.27334399146997 168.0069875508661 3079.232177734375 0.359130859375 3.098876767123211 55128
50 3402.5 279.5986834559834 679.778186129153 7088.385986328125 0.359130859375 25.726926925019082 87490
60 3338.6 659.7731522621949 1575.8241346240777 15111.177978515625 0.359130859375 96.81269013092832 121515
70 3473.6 785.4931093810752 2277.8299873082674 31134.68994140625 0.359130859375 218.14823986084917 154901
80 3462.3 956.4446198057112 3182.1616434442967 32650.688232421875 0.359130859375 322.06937016587705 189637
90 3381.5 982.2217394826403 3348.804153888719 32650.688232421875 0.359130859375 420.00914662302495 224260
100 3358.5 924.9622786996256 3050.0381084681208 32650.688232421875 0.359130859375 493.67462691963595 258075
110 3352.1 1043.8692614535144 3221.1503739935374 32650.688232421875 0.359130859375 543.3379190578481 291660
120 3407.9 1102.2001195392832 3206.9671677995616 32650.688232421875 0.359130859375 594.9347562914046 325181
130 3265.2 1325.3775017236103 4128.727160565885 32672.6708984375 0.359130859375 643.0533787768593 359260
140 3360.6 1243.2488917413307 3672.7959431640656 32672.6708984375 0.359130859375 699.900954922671 391912
150 3378 1219.916498406227 3827.5691117160213 32672.6708984375 0.359130859375 742.8127724362141 425518
160 3294.1 1554.9434370247818 4187.941666681424 32672.6708984375 0.359130859375 777.9023305515707 459298
170 3300.5 1385.1477168838624 3960.1176396493065 32672.6708984375 0.359130859375 829.9024993483016 492239
180 3344.6 1480.445807942109 4316.387621268153 32673.4619140625 0.359130859375 864.7926997213876 525244
190 3302.5 1469.9623575889457 4217.1517530657375 32673.4619140625 0.359130859375 901.6487985553567 558690
200 3257 1465.5994396684052 4284.168857100217 34486.902099609375 0.359130859375 933.367709326732 591715
