0 0.1 45.92705918316913 0 45.92705918316913 45.92705918316913 0 0
10 0.1 2.834211186355656 0.0 45.92705918316913 2.834211186355656 45.92705918316913 1
20 0.1 22.88261515601783 0.0 45.92705918316913 2.834211186355656 24.38063518476239 2
30 0.1 39.46406820950061 0.0 45.92705918316913 2.834211186355656 23.88129517518087 3
40 0.1 57.940573770491795 0.0 57.940573770491795 2.834211186355656 27.776988433760806 4
50 0.1 69.38827098078868 0.0 69.38827098078868 2.834211186355656 33.809705501107004 5
60 0.1 69.58904109589041 0.0 69.58904109589041 2.834211186355656 39.73946641438729 6
70 0.1 69.62025316455697 0.0 69.62025316455697 2.834211186355656 44.003691368887736 7
80 0.1 69.35605111500877 0.0 69.62025316455697 2.834211186355656 47.20576159334639 8
90 0.1 68.96811448656791 0.0 69.62025316455697 2.834211186355656 49.666904873531095 9
100 0.1 69.57816377171216 0.0 69.62025316455697 2.834211186355656 51.59702583483478 10
110 0.1 68.52226720647774 0.0 69.62025316455697 2.834211186355656 53.23167473818727 11
120 0.1 69.41326530612245 0.0 69.62025316455697 2.834211186355656 54.50589077721148 12
130 0.1 68.6308926780341 0.0 69.62025316455697 2.834211186355656 55.65261189482001 13
140 0.1 69.66765873015873 0.0 69.66765873015873 2.834211186355656 56.579631950763876 14
150 0.1 68.82887430590611 0.0 69.66765873015873 2.834211186355656 57.45216706939019 15
160 0.1 69.82999238771885 0.0 69.82999238771885 2.834211186355656 58.16321127167244 16
170 0.1 67.95357052737825 0.0 69.82999238771885 2.834211186355656 58.84949251379282 17
180 0.1 69.14052537617955 0.0 69.82999238771885 2.834211186355656 59.355274625658666 18
190 0.1 68.45281197200097 0.0 69.82999238771885 2.834211186355656 59.870287823054504 19
200 0.1 68.71212121212122 0.0 69.82999238771885 2.834211186355656 60.29941403050183 20
