10 942.5 942.5
20 1858.98125 2801.48125
30 2914.45625 5715.9375
40 3354.3734375 9070.3109375
50 3529.38359375 12599.69453125
60 3463.7921875 16063.48671875
70 3599.925 19663.41171875
80 3588.25390625 23251.665625
90 3503.20390625 26754.86953125
100 3480.52734375 30235.396875
110 3474.78359375 33710.18046875
120 3532.46015625 37242.640625
130 3384.903125 40627.54375
140 3483.8328125 44111.3765625
150 3502.871875 47614.2484375
160 3413.56171875 51027.81015625
170 3422.31796875 54450.128125
180 3466.2015625 57916.3296875
190 3423.02109375 61339.35078125
200 3377.1109375 64716.46171875
