10 0.1 1.655379984951091 0 1.655379984951091 1.655379984951091 0 0
20 0.1 8.961802154750245 0.0 8.961802154750245 1.655379984951091 1.655379984951091 1
30 0.1 13.911143481427532 0.0 13.911143481427532 1.655379984951091 5.308591069850668 2
40 0.1 17.619970916141543 0.0 17.619970916141543 1.655379984951091 8.176108540376289 3
50 0.1 20.92397946712295 0.0 20.92397946712295 1.655379984951091 10.537074134317603 4
60 0.1 23.360353721444362 0.0 23.360353721444362 1.655379984951091 12.614455200878671 5
70 0.1 26.618705035971225 0.0 26.618705035971225 1.655379984951091 14.40543828763962 6
80 0.1 29.476309226932667 0.0 29.476309226932667 1.655379984951091 16.150190680258422 7
90 0.1 31.94583751253761 0.0 31.94583751253761 1.655379984951091 17.815955498592704 8
100 0.1 35.03281171125694 0.0 35.03281171125694 1.655379984951091 19.38594238903103 9
110 0.1 38.197424892703864 0.0 38.197424892703864 1.655379984951091 20.950629321253622 10
120 0.1 42.431951157466294 0.0 42.431951157466294 1.655379984951091 22.518519827749095 11
130 0.1 43.654434250764524 0.0 43.654434250764524 1.655379984951091 24.177972438558864 12
140 0.1 51.74553917765709 0.0 51.74553917765709 1.655379984951091 25.676161808728526 13
150 0.1 60.24409244352117 0.0 60.24409244352117 1.655379984951091 27.538260192223422 14
160 0.1 62.525667351129364 0.0 62.525667351129364 1.655379984951091 29.718649008976605 15
170 0.1 61.676344357485476 0.0 62.525667351129364 1.655379984951091 31.76908765536115 16
180 0.1 57.97138477261113 0.0 62.525667351129364 1.655379984951091 33.528338049603754 17
190 0.1 43.88544891640867 0.0 62.525667351129364 1.655379984951091 34.88628508977084 18
200 0.1 58.17569318476289 0.0 62.525667351129364 1.655379984951091 35.35992529117283 19
