0 0.1 7.5089044162011715 0 7.5089044162011715 7.5089044162011715 0 0
10 0.1 4.426106526631658 0.0 7.5089044162011715 4.426106526631658 7.5089044162011715 1
20 0.1 17.608217168011738 0.0 17.608217168011738 4.426106526631658 5.967505471416414 2
30 0.1 29.064532266133064 0.0 29.064532266133064 4.426106526631658 9.847742703614855 3
40 0.1 25.505870597052212 0.0 29.064532266133064 4.426106526631658 14.651940094244408 4
50 0.1 25.481370342585645 0.0 29.064532266133064 4.426106526631658 16.82272619480597 5
60 0.1 25.38847117794486 0.0 29.064532266133064 4.426106526631658 18.265833552769248 6
70 0.1 25.424999999999997 0.0 29.064532266133064 4.426106526631658 19.283353213508622 7
80 0.1 25.430926804896327 0.0 29.064532266133064 4.426106526631658 20.05105906182004 8
90 0.1 25.361957064403395 0.0 29.064532266133064 4.426106526631658 20.648822144384074 9
100 0.1 25.193895421566175 0.0 29.064532266133064 4.426106526631658 21.120135636386003 10
110 0.1 25.344008006004504 0.0 29.064532266133064 4.426106526631658 21.490477435038745 11
120 0.1 25.368657835541114 0.0 29.064532266133064 4.426106526631658 21.811604982619226 12
130 0.1 25.087631447170754 0.0 29.064532266133064 4.426106526631658 22.085224432843987 13
140 0.1 25.156602355299423 0.0 29.064532266133064 4.426106526631658 22.29968207672447 14
150 0.1 25.537231384307844 0.0 29.064532266133064 4.426106526631658 22.490143428629462 15
160 0.1 25.519139354515886 0.0 29.064532266133064 4.426106526631658 22.680586425859364 16
170 0.1 25.25 0.0 29.064532266133064 4.426106526631658 22.84756012754504 17
180 0.1 25.488232348522782 0.0 29.064532266133064 4.426106526631658 22.98102900934809 18
190 0.1 25.293970477858394 0.0 29.064532266133064 4.426106526631658 23.112987079830972 19
200 0.1 25.394835798445726 0.0 29.064532266133064 4.426106526631658 23.222036249732344 20
