10 0.1 1404 0 1404 1404 0 0
20 0.1 5020.0 0.0 5020 1404 1404.0 1
30 0.1 9239.0 0.0 9239 1404 3212.0 2
40 0.1 11622.0 0.0 11622 1404 5221.0 3
50 0.1 13463.0 0.0 13463 1404 6821.25 4
60 0.1 8595.0 0.0 13463 1404 8149.6 5
70 0.1 13930.0 0.0 13930 1404 8223.833333333334 6
80 0.1 13936.0 0.0 13936 1404 9039.0 7
90 0.1 11440.0 0.0 13936 1404 9651.125 8
100 0.1 12578.0 0.0 13936 1404 9849.888888888889 9
110 0.1 14504.0 0.0 14504 1404 10122.7 10
120 0.1 13336.0 0.0 14504 1404 10521.0 11
130 0.1 15174.0 0.0 15174 1404 10755.583333333334 12
140 0.1 15909.0 0.0 15909 1404 11095.461538461539 13
150 0.1 15749.0 0.0 15909 1404 11439.285714285714 14
160 0.1 16340.0 0.0 16340 1404 11726.6 15
170 0.1 16536.0 0.0 16536 1404 12014.9375 16
180 0.1 17552.0 0.0 17552 1404 12280.882352941177 17
190 0.1 18346.0 0.0 18346 1404 12573.722222222223 18
200 0.1 17996.0 0.0 18346 1404 12877.526315789473 19
