10 523.3 2.4214019279691414 7.870458770613493 570.14794921875 1.29296875 0 0
20 1460.7 9.519353012468333 174.32599488156933 10223.89111328125 1.279052734375 2.4214019279691414 5233
30 2242.6 43.57870220217335 200.14489449888774 14275.12109375 1.279052734375 7.6471968620054165 19840
40 2620.6 310.23304973172196 346.9195515082386 22617.5888671875 1.279052734375 26.712164892067552 42266
50 2667.9 773.5764244528849 833.4273202335436 22617.5888671875 1.279052734375 135.22291831109993 68472
60 2676.1 1222.4040064351614 1869.4795325485316 22617.5888671875 1.279052734375 314.20824889466377 95151
70 2679.6 1387.6727370634917 2794.796998774361 26579.83984375 1.279052734375 513.5670213497236 121912
80 2618.4 1706.8520770750335 3447.7660824644654 35605.81591796875 1.279052734375 671.0739258758159 148708
90 2770.3 1556.244163185735 3144.956208617106 40913.77294921875 1.279052734375 826.145713670571 174892
100 2637.1 1721.5887197736292 3916.6372781180576 51463.56103515625 1.279052734375 925.9799511735627 202595
110 2636.4 2129.7684318022625 4432.221811889029 59115.656982421875 1.279052734375 1017.6136384317249 228966
120 2591.2 2021.5169036950028 4872.37729376912 72364.35815429688 1.279052734375 1132.4487497481423 255330
130 2657.5 2211.6251583078524 5253.558135784524 87290.36499023438 1.279052734375 1214.3623117519364 281242
140 2617.3 2476.746699880665 5489.333108708982 87290.36499023438 1.279052734375 1300.4597662369827 307817
150 2649.5 2494.6017190559305 6078.4976493351505 95025.68505859375 1.279052734375 1392.6390467970475 333990
160 2595.7 2722.847319407967 6494.180809668111 95025.68505859375 1.279052734375 1473.6313238723742 360485
170 2665.8 2924.554614353068 7069.406892029368 97107.03198242188 1.279052734375 1557.540162963667 386442
180 2731.8 3031.1242190949633 7455.299123059871 108359.09692382813 1.279052734375 1645.7557796306692 413100
190 2699.5 2919.7340850609676 7498.031186700155 114784.93481445313 1.279052734375 1731.6866340219194 440418
200 2603.8 3121.8074185407863 8162.720442174754 127432.5068359375 1.279052734375 1800.301201739974 467413
