20 0.1 2381 0 2381 2381 0 0
30 0.1 4819.0 0.0 4819 2381 2381.0 1
40 0.1 7768.0 0.0 7768 2381 3.6e3 2
50 0.1 9942.0 0.0 9942 2381 4989.333333333333 3
60 0.1 11329.0 0.0 11329 2381 6227.5 4
70 0.1 10040.0 0.0 11329 2381 7247.8 5
80 0.1 11044.0 0.0 11329 2381 7713.166666666667 6
90 0.1 11684.0 0.0 11684 2381 8189.0 7
110 0.1 11572.0 0.0 11684 2381 8625.875 8
120 0.1 11980.0 0.0 11980 2381 8953.222222222223 9
130 0.1 12513.0 0.0 12513 2381 9255.9 10
140 0.1 13140.0 0.0 13140 2381 9552.0 11
150 0.1 12102.0 0.0 13140 2381 9851.0 12
160 0.1 12662.0 0.0 13140 2381 10024.153846153846 13
170 0.1 12746.0 0.0 13140 2381 10212.57142857143 14
180 0.1 17375.0 0.0 17375 2381 10381.466666666667 15
200 0.1 14212.0 0.0 17375 2381 10818.5625 16
