10 0.1 2.73828125 0 2.73828125 2.73828125 0 0
20 0.1 2.71875 0.0 2.73828125 2.71875 2.73828125 1
30 0.1 2.6015625 0.0 2.73828125 2.6015625 2.728515625 2
40 0.1 2.66015625 0.0 2.73828125 2.6015625 2.6861979166666665 3
50 0.1 3.359375 0.0 3.359375 2.6015625 2.6796875 4
60 0.1 3.76171875 0.0 3.76171875 2.6015625 2.815625 5
70 0.1 4.5703125 0.0 4.5703125 2.6015625 2.9733072916666665 6
80 0.1 5.23828125 0.0 5.23828125 2.6015625 3.201450892857143 7
90 0.1 4.890625 0.0 5.23828125 2.6015625 3.4560546875 8
100 0.1 5.26953125 0.0 5.26953125 2.6015625 3.615451388888889 9
110 0.1 5.37890625 0.0 5.37890625 2.6015625 3.780859375 10
120 0.1 5.25 0.0 5.37890625 2.6015625 3.9261363636363638 11
130 0.1 5.1484375 0.0 5.37890625 2.6015625 4.036458333333333 12
140 0.1 4.8984375 0.0 5.37890625 2.6015625 4.1219951923076925 13
150 0.1 4.5390625 0.0 5.37890625 2.6015625 4.177455357142857 14
160 0.1 5.12890625 0.0 5.37890625 2.6015625 4.2015625 15
170 0.1 5.171875 0.0 5.37890625 2.6015625 4.259521484375 16
180 0.1 4.8984375 0.0 5.37890625 2.6015625 4.313189338235294 17
190 0.1 4.53125 0.0 5.37890625 2.6015625 4.345703125 18
200 0.1 4.1484375 0.0 5.37890625 2.6015625 4.35546875 19
