10 0.1 2.9582806573957017 0 2.9582806573957017 2.9582806573957017 0 0
20 0.1 20.831195484864033 0.0 20.831195484864033 2.9582806573957017 2.9582806573957017 1
30 0.1 40.03071410289225 0.0 40.03071410289225 2.9582806573957017 11.894738071129867 2
40 0.1 32.09845216950013 0.0 40.03071410289225 2.9582806573957017 21.27339674838399 3
50 0.1 12.384519350811486 0.0 40.03071410289225 2.9582806573957017 23.979660603663028 4
60 0.1 8.069820389577536 0.0 40.03071410289225 2.9582806573957017 21.66063235309272 5
70 0.1 6.183476938672073 0.0 40.03071410289225 2.9582806573957017 19.39549702584019 6
80 0.1 6.185044359949303 0.0 40.03071410289225 2.9582806573957017 17.508065584816173 7
90 0.1 6.730769230769231 0.0 40.03071410289225 2.9582806573957017 16.092687931707815 8
100 0.1 10.628629134057057 0.0 40.03071410289225 2.9582806573957017 15.052474742714638 9
110 0.1 12.253164556962025 0.0 40.03071410289225 2.9582806573957017 14.61009018184888 10
120 0.1 14.104836667510762 0.0 40.03071410289225 2.9582806573957017 14.395824215950075 11
130 0.1 11.237661351556568 0.0 40.03071410289225 2.9582806573957017 14.371575253580133 12
140 0.1 9.173846933603649 0.0 40.03071410289225 2.9582806573957017 14.130504953424474 13
150 0.1 14.180618975139522 0.0 40.03071410289225 2.9582806573957017 13.7764579520087 14
160 0.1 6.358087487283825 0.0 40.03071410289225 2.9582806573957017 13.80340202021742 15
170 0.1 11.607823215646432 0.0 40.03071410289225 2.9582806573957017 13.338069861909071 16
180 0.1 5.9811656910155255 0.0 40.03071410289225 2.9582806573957017 13.236290647423033 17
190 0.1 2.3321373654536135 0.0 40.03071410289225 2.3321373654536135 12.833228149844837 18
200 0.1 11.630269172168614 0.0 40.03071410289225 2.3321373654536135 12.280539161192667 19
