10 0.1 2.98046875 0 2.98046875 2.98046875 0 0
20 0.1 2.6015625 0.0 2.98046875 2.6015625 2.98046875 1
30 0.1 2.5 0.0 2.98046875 2.5 2.791015625 2
40 0.1 2.3515625 0.0 2.98046875 2.3515625 2.6940104166666665 3
50 0.1 2.140625 0.0 2.98046875 2.140625 2.6083984375 4
60 0.1 1.9609375 0.0 2.98046875 1.9609375 2.51484375 5
70 0.1 1.890625 0.0 2.98046875 1.890625 2.4225260416666665 6
80 0.1 1.671875 0.0 2.98046875 1.671875 2.3465401785714284 7
90 0.1 1.5703125 0.0 2.98046875 1.5703125 2.26220703125 8
100 0.1 1.62109375 0.0 2.98046875 1.5703125 2.185329861111111 9
110 0.1 1.609375 0.0 2.98046875 1.5703125 2.12890625 10
120 0.1 1.44140625 0.0 2.98046875 1.44140625 2.0816761363636362 11
130 0.1 1.21875 0.0 2.98046875 1.21875 2.0283203125 12
140 0.1 1.03125 0.0 2.98046875 1.03125 1.9660456730769231 13
150 0.1 0.87109375 0.0 2.98046875 0.87109375 1.8992745535714286 14
160 0.1 0.9609375 0.0 2.98046875 0.87109375 1.8307291666666667 15
170 0.1 0.80859375 0.0 2.98046875 0.80859375 1.7763671875 16
180 0.1 0.76171875 0.0 2.98046875 0.76171875 1.7194393382352942 17
190 0.1 0.640625 0.0 2.98046875 0.640625 1.6662326388888888 18
200 0.1 0.62109375 0.0 2.98046875 0.62109375 1.6122532894736843 19
