20 0.1 3858 0 3858 3858 0 0
30 0.1 7652.0 0.0 7652 3858 3858.0 1
40 0.1 9743.0 0.0 9743 3858 5755.0 2
50 0.1 10206.0 0.0 10206 3858 7084.333333333333 3
60 0.1 7737.0 0.0 10206 3858 7864.75 4
70 0.1 11897.0 0.0 11897 3858 7839.2 5
80 0.1 11911.0 0.0 11911 3858 8515.5 6
90 0.1 8127.0 0.0 11911 3858 9000.57142857143 7
100 0.1 12124.0 0.0 12124 3858 8891.375 8
110 0.1 14009.0 0.0 14009 3858 9250.555555555555 9
120 0.1 16694.0 0.0 16694 3858 9726.4 10
130 0.1 12091.0 0.0 16694 3858 10359.818181818182 11
140 0.1 12446.0 0.0 16694 3858 10504.083333333334 12
150 0.1 17181.0 0.0 17181 3858 10653.461538461539 13
160 0.1 14549.0 0.0 17181 3858 11119.714285714286 14
170 0.1 15928.0 0.0 17181 3858 11348.333333333334 15
180 0.1 14233.0 0.0 17181 3858 11634.5625 16
190 0.1 18849.0 0.0 18849 3858 11787.411764705883 17
200 0.1 16101.0 0.0 18849 3858 12179.722222222223 18
