10 0.1 1340.5234375 0 1340.5234375 1340.5234375 0 0
20 0.1 1362.94140625 0.0 1362.94140625 1340.5234375 1340.5234375 1
30 0.1 1371.05078125 0.0 1371.05078125 1340.5234375 1351.732421875 2
40 0.1 1372.0 0.0 1372.0 1340.5234375 1358.171875 3
50 0.1 1357.18359375 0.0 1372.0 1340.5234375 1361.62890625 4
60 0.1 1325.5625 0.0 1372.0 1325.5625 1360.73984375 5
70 0.1 1332.171875 0.0 1372.0 1325.5625 1354.876953125 6
80 0.1 1325.73828125 0.0 1372.0 1325.5625 1351.6333705357142 7
100 0.1 1321.33984375 0.0 1372.0 1321.33984375 1348.396484375 8
110 0.1 1313.71875 0.0 1372.0 1313.71875 1345.3901909722222 9
120 0.1 1306.47265625 0.0 1372.0 1306.47265625 1342.223046875 10
130 0.1 1297.51953125 0.0 1372.0 1297.51953125 1338.9730113636363 11
140 0.1 1293.72265625 0.0 1372.0 1293.72265625 1335.5185546874998 12
150 0.1 1292.54296875 0.0 1372.0 1292.54296875 1332.3034855769229 13
170 0.1 1268.75 0.0 1372.0 1268.75 1329.463448660714 14
180 0.1 1257.84375 0.0 1372.0 1257.84375 1325.4158854166665 15
190 0.1 1252.8203125 0.0 1372.0 1252.8203125 1321.1926269531248 16
