10 0.1 2.7109375 0 2.7109375 2.7109375 0 0
20 0.1 2.37109375 0.0 2.7109375 2.37109375 2.7109375 1
30 0.1 2.078125 0.0 2.7109375 2.078125 2.541015625 2
40 0.1 2.30859375 0.0 2.7109375 2.078125 2.38671875 3
50 0.1 2.69921875 0.0 2.7109375 2.078125 2.3671875 4
60 0.1 2.51953125 0.0 2.7109375 2.078125 2.43359375 5
70 0.1 2.58984375 0.0 2.7109375 2.078125 2.4479166666666665 6
80 0.1 2.3984375 0.0 2.7109375 2.078125 2.4681919642857144 7
100 0.1 2.41015625 0.0 2.7109375 2.078125 2.45947265625 8
110 0.1 2.3515625 0.0 2.7109375 2.078125 2.4539930555555554 9
120 0.1 2.48046875 0.0 2.7109375 2.078125 2.44375 10
130 0.1 2.41015625 0.0 2.7109375 2.078125 2.4470880681818183 11
140 0.1 2.578125 0.0 2.7109375 2.078125 2.4440104166666665 12
150 0.1 2.6796875 0.0 2.7109375 2.078125 2.454326923076923 13
170 0.1 3.0703125 0.0 3.0703125 2.078125 2.470424107142857 14
180 0.1 2.96875 0.0 3.0703125 2.078125 2.5104166666666665 15
190 0.1 3.12890625 0.0 3.12890625 2.078125 2.5390625 16
