20 0.1 5269 0 5269 5269 0 0
30 0.1 9002.0 0.0 9002 5269 5269.0 1
40 0.1 12880.0 0.0 12880 5269 7135.5 2
50 0.1 20047.0 0.0 20047 5269 9050.333333333334 3
60 0.1 17926.0 0.0 20047 5269 11799.5 4
70 0.1 13539.0 0.0 20047 5269 13024.8 5
80 0.1 16352.0 0.0 20047 5269 13110.5 6
100 0.1 16793.0 0.0 20047 5269 13573.57142857143 7
110 0.1 19262.0 0.0 20047 5269 13976.0 8
120 0.1 17923.0 0.0 20047 5269 14563.333333333334 9
130 0.1 17882.0 0.0 20047 5269 14899.3 10
140 0.1 19324.0 0.0 20047 5269 15170.454545454546 11
150 0.1 20244.0 0.0 20244 5269 15516.583333333334 12
170 0.1 28817.0 0.0 28817 5269 15880.23076923077 13
180 0.1 20176.0 0.0 28817 5269 16804.285714285714 14
190 0.1 21486.0 0.0 28817 5269 17029.066666666666 15
