10 889.32578125 889.32578125
20 1841.96015625 2731.2859375
30 2150.5359375 4881.821875
40 1075.2109375 5957.0328125
50 570.4984375 6527.53125
60 384.12109375 6911.65234375
70 523.16171875 7434.8140625
80 242.25625 7677.0703125
90 338.45625 8015.5265625
100 758.4546875 8773.98125
110 610.2171875 9384.1984375
120 470.946875 9855.1453125
130 708.33203125 10563.47734375
140 564.24765625 11127.725
150 915.178125 12042.903125
160 656.94921875 12699.85234375
170 552.825 13252.67734375
180 514.475 13767.15234375
190 17.28515625 13784.4375
200 460.39453125 14244.83203125
