10 0.1 5.583756345177665 0 5.583756345177665 5.583756345177665 0 0
20 0.1 31.685744016649327 0.0 31.685744016649327 5.583756345177665 5.583756345177665 1
30 0.1 55.94904458598726 0.0 55.94904458598726 5.583756345177665 18.634750180913496 2
40 0.1 74.84952708512468 0.0 74.84952708512468 5.583756345177665 31.072848315938085 3
50 0.1 77.24706904038212 0.0 77.24706904038212 5.583756345177665 42.01701800823473 4
60 0.1 77.41347905282332 0.0 77.41347905282332 5.583756345177665 49.06302821466421 5
70 0.1 76.71073996752493 0.0 77.41347905282332 5.583756345177665 53.78810335435739 6
90 0.1 76.37865594998884 0.0 77.41347905282332 5.583756345177665 57.06276572766704 7
100 0.1 73.92730943967693 0.0 77.41347905282332 5.583756345177665 59.47725200545727 8
110 0.1 76.78031937850669 0.0 77.41347905282332 5.583756345177665 61.08281394259278 9
120 0.1 74.5727956254272 0.0 77.41347905282332 5.583756345177665 62.65256448618417 10
130 0.1 73.23427640952575 0.0 77.41347905282332 5.583756345177665 63.736221862478985 11
140 0.1 75.26969265214737 0.0 77.41347905282332 5.583756345177665 64.52772640806621 12
160 0.1 76.6359918200409 0.0 77.41347905282332 5.583756345177665 65.35403150376477 13
170 0.1 75.74129780833691 0.0 77.41347905282332 5.583756345177665 66.15988581207021 14
190 0.1 74.94930875576037 0.0 77.41347905282332 5.583756345177665 66.79864661182133 15
200 0.1 76.82824905975762 0.0 77.41347905282332 5.583756345177665 67.30806299581751 16
