0 15 2.413912760416666 0.6578297421976154 5.412109375 1.428955078125 0 0
10 968.2 3.0577083935153504 35.353014558598424 2402.9609375 1.278076171875 2.413912760416666 150
20 1830.5 7.073330614287434 53.26578327386804 2402.9609375 0.8349609375 3.047886450374097 9832
30 2676.9 72.48761992066305 177.35870794325407 3037.2919921875 0.8349609375 5.666707057419397 28137
40 2895 339.12930448173023 343.34862308491074 3524.0908203125 0.8349609375 38.244731616414214 54906
50 3061.9 846.9215307042313 974.2942816298108 8769.76416015625 0.8349609375 142.12052326460753 83856
60 3038.4 1178.3805421303898 1667.597250338046 16583.9599609375 0.8349609375 330.6359375191945 114475
70 2924.1 1350.400569574625 2220.7803983278222 29382.553955078125 0.8349609375 508.4493427374174 144859
80 2990.9 1546.2574424239797 2668.4378656080785 35820.744873046875 0.8349609375 649.8594278835793 174100
90 2825.8 1756.7099110345996 3097.7648501398203 40029.00390625 0.8349609375 781.277003661554 204009
100 2940.9 1693.0082835555118 3279.383284767336 49668.719970703125 0.8349609375 899.9498374973874 232267
110 2896.7 1922.7915406280626 3700.0567576468693 66927.77514648438 0.8349609375 989.0793558335106 261676
120 2768.1 2011.264881659224 3706.868272396404 66927.77514648438 0.8349609375 1082.1379908494712 290643
130 2915.8 1935.959689576176 3794.9662690005157 81897.34399414063 0.8349609375 1162.9335370995332 318324
140 2932.8 2040.0415904892786 4007.160751452434 86571.23193359375 0.8349609375 1227.7999087501914 347482
150 2939 2198.8801931012113 4383.266625050072 99769.80102539063 0.8349609375 1291.0185707868782 376810
160 2970.3 1979.689107984476 4058.496217105529 99769.80102539063 0.8349609375 1356.7055552275926 406200
170 3031.9 2233.3896186919387 4377.119431279084 105593.94311523438 0.8349609375 1399.1564685444032 435903
180 2897.8 2409.3725148172903 4756.665533631255 115930.56298828125 0.8349609375 1453.407694096443 466222
190 3034.4 2463.863208846187 4941.522770481089 115930.56298828125 0.8349609375 1509.3486241748935 495200
200 2890.1 2782.55896475487 5729.007170694025 115930.56298828125 0.8349609375 1564.4606424973665 525544
