0 1.6 28.976943969726563 6.357477179061866 45.189208984375 23.3388671875 0 0
10 98.1 34.50691159371817 112.38056190238208 2425.0830078125 19.916015625 28.976943969726563 16
20 186.1 72.8809972534507 174.6086285998332 2477.178955078125 18.779052734375 34.418165874576886 997
30 256.4 732.3723345442602 611.8117382755603 3966.2861328125 18.779052734375 59.4634175177134 2858
40 225.3 2957.885765160342 1336.0607274160493 7594.0087890625 18.779052734375 377.674126343989 5422
50 213.4 6584.839083870886 2247.52561650832 15711.089111328125 18.779052734375 1135.0965136082552 7675
60 316.3 10386.111158237665 3490.7891635825686 23026.5849609375 18.779052734375 2320.7169280175176 9809
70 239.6 12291.508767053165 5940.64571968014 32203.080078125 18.779052734375 4287.325157294909 12972
80 298.6 13988.908335579057 7134.367359132214 40892.943115234375 18.779052734375 5535.244465531556 15368
90 261.3 16362.170752775364 8551.576926887261 48288.429931640625 18.779052734375 6910.565393719517 18354
100 277.3 16954.216591384826 9449.826770234837 55984.360107421875 18.779052734375 8088.466133129681 20967
110 294.3 17537.771769579027 10801.944806352447 72101.03393554688 18.779052734375 9124.048526589728 23740
120 262.7 19212.37577117583 11426.686332369942 73251.55200195313 18.779052734375 10052.039663422824 26683
130 284.3 19109.08997848678 11771.961188063988 88279.28100585938 18.779052734375 10873.063305697377 29310
140 263.1 20003.87307684738 12536.065783327254 96569.06005859375 18.779052734375 11601.300914341678 32153
150 308.1 20816.266440386924 12878.347192941406 106239.22290039063 18.779052734375 12236.856553703237 34784
160 265.5 20795.721730078883 13651.99009568499 112278.52905273438 18.779052734375 12934.946131436565 37865
170 279.1 20839.955116788657 13610.683591878871 114656.30615234375 18.779052734375 13450.00929072569 40520
180 268.2 22430.46701516329 14280.910424994294 124688.6279296875 18.779052734375 13926.22408143802 43311
190 293 23875.311442196165 14918.101720785395 125799.14306640625 18.779052734375 14422.133883978651 45993
200 255.6 25399.35447929267 16203.163248811325 133468.17407226563 18.779052734375 14988.284983575513 48923
