0 17.378125 17.378125
10 1132.4234375 1149.8015625
20 2053.91171875 3203.71328125
30 2755.471875 5959.18515625
40 2886.52421875 8845.709375
50 2719.8359375 11565.5453125
60 2687.25859375 14252.80390625
70 2570.303125 16823.10703125
80 2661.76171875 19484.86875
90 2572.7328125 22057.6015625
100 2700.3078125 24757.909375
110 2655.8765625 27413.7859375
120 2432.3828125 29846.16875
130 2644.975 32491.14375
140 2588.9328125 35080.0765625
150 2593.50078125 37673.57734375
160 2659.4765625 40333.05390625
170 2686.48828125 43019.5421875
180 2537.5796875 45557.121875
190 2682.83515625 48239.95703125
200 2504.88984375 50744.846875
