10 576.7 0.9463843988425521 0.5672319668826831 23.291015625 0.357177734375 0 0
20 1492 1.0124401430022563 8.189523032497227 999.76708984375 0.357177734375 0.9463843988425521 5767
30 1688.3 193.53708408317098 582.4080275942952 7014.7421875 0.357177734375 0.9940255117570775 20687
40 1734.3 831.9735506439686 1498.921626459074 15030.81396484375 0.357177734375 87.51796636512894 37570
50 1698.2 1672.5202012925213 2707.41429751479 15052.35498046875 0.357177734375 322.6370310337487 54913
60 1674.4 1721.7432941085008 3132.995670931926 15052.35498046875 0.357177734375 641.4869649281013 71895
70 1622.4 2504.2973104172247 4667.063440803933 31098.25 0.357177734375 845.548517696032 88639
80 1627 3415.410489148576 6378.020528479064 31098.25 0.357177734375 1102.1837504579082 104863
90 1691 2790.195211436465 5729.599072614269 31103.781005859375 0.357177734375 1412.8852028985905 121133
100 1646 3433.919192063618 6525.183063630088 31111.507080078125 0.357177734375 1581.6030099904058 138043
110 1643 3427.324452905082 6144.593122270134 31111.507080078125 0.357177734375 1778.9397889327245 154503
120 1657.7 4311.954921893861 7577.701041239911 31111.507080078125 0.357177734375 1937.3817517430996 170933
130 1645.9 3760.3752523730845 6482.514977467826 31111.507080078125 0.357177734375 2147.3081526901915 187510
140 1671.8 4554.3057506756295 7721.662606614386 31125.617919921875 0.357177734375 2277.47240016741 203969
150 1659.4 4932.8961149125835 8506.209422940508 31155.251953125 0.357177734375 2449.9524282333878 220687
160 1666.9 5172.303743847931 8355.800721171996 31155.251953125 0.357177734375 2623.594513089548 237281
170 1652.6 4690.1614179042335 7793.33440482368 31179.7431640625 0.357177734375 2790.888996915149 253950
180 1629.5 4422.585269068623 7228.57058680618 31179.7431640625 0.357177734375 2906.933954801489 270476
190 1602.7 4984.75494155125 7871.598533543972 31179.7431640625 0.357177734375 2993.056812991414 286771
200 1621 5192.8700391709235 8389.567430530422 31179.7431640625 0.357177734375 3098.4767494058838 302798
