10 53.7 12.546685415939251 7.650212570513663 131.468994140625 7.9990234375 0 0
20 150.9 12.265640855388497 8.886835480485646 259.498046875 7.81103515625 12.546685415939251 537
30 245.3 13.12610803814844 10.978528430497365 323.35302734375 7.81103515625 12.33940475031311 2046
40 338.3 11.265918791452668 2.5185815101420714 323.35302734375 7.81103515625 12.768340772775893 4499
50 427 13.629177206070702 32.62592774470639 1022.81396484375 7.81103515625 12.123492566379488 7882
60 516.1 14.757798450442628 38.880893139005316 1048.55908203125 7.81103515625 12.65256378193919 12152
70 611.6 14.181099292263635 24.974054038401164 1048.55908203125 7.81103515625 13.280133592148063 17313
80 697.7 16.15026423314995 30.54499288421662 1050.2080078125 7.81103515625 13.515325287137472 23429
90 786.7 19.799431881941537 46.034036745172166 1090.7861328125 7.741943359375 14.119941778169803 30406
100 831.5 32.4993283563684 74.45104748493625 1410.009033203125 7.741943359375 15.287358720828395 38273
110 890.7 219.06368112312467 189.56105950381576 3961.68798828125 7.741943359375 18.359341366992968 46588
120 938.7 368.4331917385323 198.69243713188797 3961.68798828125 7.741943359375 50.57257777041426 55495
130 850.3 1326.6754979745238 623.9001348985549 4354.9228515625 7.741943359375 96.5600254958038 64882
140 959.5 3109.529635211405 1273.738400928515 11460.858154296875 7.741943359375 239.09149463100246 73385
150 1019.1 3187.376854520077 1651.9445662964308 18939.086181640625 7.741943359375 571.001038603875 82980
160 1087.8 3309.6146152031297 1903.8414517968297 24625.742919921875 7.741943359375 857.1789903270724 93171
170 952.3 2930.2501730237427 1752.5858215631538 38757.799072265625 7.741943359375 1113.5735229742074 104049
180 896.2 2897.701693609126 1603.9524718364107 38757.799072265625 7.741943359375 1265.9016649319235 113572
190 1099.1 3408.1928370193523 1983.6335697704467 38757.799072265625 7.741943359375 1385.2496977799906 122534
200 996.6 2810.51072619073 2189.3202014274148 38757.799072265625 7.741943359375 1551.7665900726686 133525
