10 0.1 1.7025538307461192 0 1.7025538307461192 1.7025538307461192 0 0
20 0.1 13.045610593428151 0.0 13.045610593428151 1.7025538307461192 1.7025538307461192 1
30 0.1 22.897544033738527 0.0 22.897544033738527 1.7025538307461192 7.374082212087135 2
40 0.1 25.51326990485729 0.0 25.51326990485729 1.7025538307461192 12.548569485970932 3
50 0.1 32.82571912013537 0.0 32.82571912013537 1.7025538307461192 15.789744590692521 4
60 0.1 45.525291828793776 0.0 45.525291828793776 1.7025538307461192 19.19693949658109 5
70 0.1 25.43815723585378 0.0 45.525291828793776 1.7025538307461192 23.584998218616537 6
80 0.1 25.56221889055472 0.0 45.525291828793776 1.7025538307461192 23.849735221078998 7
90 0.1 30.954857499479928 0.0 45.525291828793776 1.7025538307461192 24.063795679763466 8
100 0.1 47.06390328151986 0.0 47.06390328151986 1.7025538307461192 24.829469215287517 9
120 0.1 47.39022369511185 0.0 47.39022369511185 1.7025538307461192 27.052912621910753 10
130 0.1 46.71459956061514 0.0 47.39022369511185 1.7025538307461192 28.90175908311085 11
140 0.1 46.21963070942663 0.0 47.39022369511185 1.7025538307461192 30.386162456236207 12
160 0.1 46.48054145516075 0.0 47.39022369511185 1.7025538307461192 31.60412155263547 13
170 0.1 38.738059326294625 0.0 47.39022369511185 1.7025538307461192 32.666722974244415 14
180 0.1 25.450901803607213 0.0 47.39022369511185 1.7025538307461192 33.07147873104776 15
190 0.1 25.431789737171464 0.0 47.39022369511185 1.7025538307461192 32.59519267308273 16
200 0.1 46.82709101494275 0.0 47.39022369511185 1.7025538307461192 32.173816029793834 17
