20 0.1 2431 0 2431 2431 0 0
30 0.1 5106.0 0.0 5106 2431 2431.0 1
40 0.1 6883.0 0.0 6883 2431 3768.5 2
50 0.1 9406.0 0.0 9406 2431 4806.666666666667 3
60 0.1 12751.0 0.0 12751 2431 5956.5 4
70 0.1 8464.0 0.0 12751 2431 7315.4 5
80 0.1 9455.0 0.0 12751 2431 7506.833333333333 6
90 0.1 10692.0 0.0 12751 2431 7785.142857142857 7
100 0.1 11223.0 0.0 12751 2431 8148.5 8
120 0.1 15316.0 0.0 15316 2431 8490.111111111111 9
130 0.1 16962.0 0.0 16962 2431 9172.7 10
140 0.1 16720.0 0.0 16962 2431 9880.818181818182 11
160 0.1 17479.0 0.0 17479 2431 10450.75 12
170 0.1 17491.0 0.0 17491 2431 10991.384615384615 13
180 0.1 11145.0 0.0 17491 2431 11455.642857142857 14
190 0.1 12403.0 0.0 17491 2431 11434.933333333332 15
200 0.1 14617.0 0.0 17491 2431 11495.4375 16
