10 0.1 2510.73828125 0 2510.73828125 2510.73828125 0 0
20 0.1 2512.9609375 0.0 2512.9609375 2510.73828125 2510.73828125 1
30 0.1 2513.96875 0.0 2513.96875 2510.73828125 2511.849609375 2
40 0.1 2513.94921875 0.0 2513.96875 2510.73828125 2512.5559895833335 3
50 0.1 2513.125 0.0 2513.96875 2510.73828125 2512.904296875 4
60 0.1 2512.69921875 0.0 2513.96875 2510.73828125 2512.9484375 5
70 0.1 2510.88671875 0.0 2513.96875 2510.73828125 2512.9069010416665 6
80 0.1 2510.51953125 0.0 2513.96875 2510.51953125 2512.6183035714284 7
90 0.1 2510.05078125 0.0 2513.96875 2510.05078125 2512.35595703125 8
100 0.1 2509.453125 0.0 2513.96875 2509.453125 2512.0998263888887 9
110 0.1 2509.34765625 0.0 2513.96875 2509.34765625 2511.83515625 10
120 0.1 2509.234375 0.0 2513.96875 2509.234375 2511.6090198863635 11
130 0.1 2509.359375 0.0 2513.96875 2509.234375 2511.4111328125 12
140 0.1 2509.2734375 0.0 2513.96875 2509.234375 2511.2533052884614 13
150 0.1 2509.19921875 0.0 2513.96875 2509.19921875 2511.111886160714 14
160 0.1 2509.125 0.0 2513.96875 2509.125 2510.984375 15
170 0.1 2508.9296875 0.0 2513.96875 2508.9296875 2510.8681640625 16
180 0.1 2508.83984375 0.0 2513.96875 2508.83984375 2510.7541360294117 17
190 0.1 2509.2109375 0.0 2513.96875 2508.83984375 2510.6477864583335 18
200 0.1 2508.4609375 0.0 2513.96875 2508.4609375 2510.5721628289475 19
