10 593.671875 593.671875
20 1789.25 2382.921875
30 2596.6171875 4979.5390625
40 2632.34375 7611.8828125
50 2631.28125 10243.1640625
60 2675.375 12918.5390625
70 2657.1796875 15575.71875
80 2605.1171875 18180.8359375
90 2630.3515625 20811.1875
100 2620.65625 23431.84375
110 2624.7734375 26056.6171875
120 2581.609375 28638.2265625
130 2604.984375 31243.2109375
140 2634.6015625 33877.8125
150 2522.7734375 36400.5859375
160 2621.0546875 39021.640625
170 2553.8515625 41575.4921875
180 2341.3515625 43916.84375
190 2583.734375 46500.578125
200 2560.09375 49060.671875
