10 0.1 5.0390625 0 5.0390625 5.0390625 0 0
20 0.1 4.26171875 0.0 5.0390625 4.26171875 5.0390625 1
30 0.1 3.83984375 0.0 5.0390625 3.83984375 4.650390625 2
40 0.1 3.7109375 0.0 5.0390625 3.7109375 4.380208333333333 3
50 0.1 3.2109375 0.0 5.0390625 3.2109375 4.212890625 4
60 0.1 2.87109375 0.0 5.0390625 2.87109375 4.0125 5
70 0.1 2.5 0.0 5.0390625 2.5 3.822265625 6
80 0.1 2.26171875 0.0 5.0390625 2.26171875 3.6333705357142856 7
90 0.1 1.921875 0.0 5.0390625 1.921875 3.4619140625 8
100 0.1 1.62109375 0.0 5.0390625 1.62109375 3.290798611111111 9
110 0.1 1.44921875 0.0 5.0390625 1.44921875 3.123828125 10
120 0.1 1.21875 0.0 5.0390625 1.21875 2.971590909090909 11
130 0.1 1.0390625 0.0 5.0390625 1.0390625 2.8255208333333335 12
140 0.1 1.0390625 0.0 5.0390625 1.0390625 2.6881009615384617 13
150 0.1 0.87890625 0.0 5.0390625 0.87890625 2.5703125 14
160 0.1 0.8203125 0.0 5.0390625 0.8203125 2.4575520833333333 15
170 0.1 0.921875 0.0 5.0390625 0.8203125 2.355224609375 16
180 0.1 0.78125 0.0 5.0390625 0.78125 2.2709099264705883 17
190 0.1 0.66015625 0.0 5.0390625 0.66015625 2.1881510416666665 18
200 0.1 0.7890625 0.0 5.0390625 0.66015625 2.1077302631578947 19
