20 0.1 3237 0 3237 3237 0 0
30 0.1 5785.0 0.0 5785 3237 3237.0 1
40 0.1 6853.0 0.0 6853 3237 4511.0 2
50 0.1 6717.0 0.0 6853 3237 5291.666666666667 3
60 0.1 8644.0 0.0 8644 3237 5648.0 4
70 0.1 5662.0 0.0 8644 3237 6247.2 5
80 0.1 9016.0 0.0 9016 3237 6149.666666666667 6
90 0.1 7613.0 0.0 9016 3237 6559.142857142857 7
100 0.1 8390.0 0.0 9016 3237 6690.875 8
110 0.1 5709.0 0.0 9016 3237 6879.666666666667 9
120 0.1 8698.0 0.0 9016 3237 6762.6 10
130 0.1 8569.0 0.0 9016 3237 6938.545454545455 11
140 0.1 11089.0 0.0 11089 3237 7074.416666666667 12
150 0.1 11692.0 0.0 11692 3237 7383.2307692307695 13
160 0.1 9681.0 0.0 11692 3237 7691.0 14
170 0.1 11304.0 0.0 11692 3237 7823.666666666667 15
180 0.1 10104.0 0.0 11692 3237 8041.1875 16
190 0.1 13314.0 0.0 13314 3237 8162.529411764706 17
200 0.1 10626.0 0.0 13314 3237 8448.722222222223 18
