0 13 1.3257230318509612 0.928034368309119 5.048095703125 0.643798828125 0 0
10 963 1.1763963677553817 0.6628443930631868 7.62890625 0.301025390625 1.3257230318509612 130
20 1961 1.2632125021911618 2.591941021283721 250.041015625 0.235107421875 1.1783853499615728 9760
30 2973.8 1.6322216465202335 8.476229109470623 259.13623046875 0.235107421875 1.2350234315149347 29370
40 3605.9 2.49459618399924 18.02858084402525 1003.613037109375 0.235107421875 1.4348589955304247 59108
50 4667.1 7.074667180737245 43.539052760560274 1003.613037109375 0.235107421875 1.8363959072645026 95167
60 5386.1 38.541519050303144 123.26359141093967 1999.945068359375 0.235107421875 3.5600197499882182 141838
70 5207.4 173.58064407798068 381.0280260613703 6861.569091796875 0.072998046875 13.18775690661274 195699
80 5424.5 514.4861499916846 954.2385147101411 14085.451904296875 0.06494140625 46.897237788556346 247773
90 5660.9 615.6163100618166 1411.0030713975123 20315.072998046875 0.06103515625 130.88018099875802 302018
100 5513 657.0131859718261 1508.3536713220947 31708.910888671875 0.06103515625 207.39541139170302 358627
110 5372.2 591.3362516943791 1747.208027166804 33617.115966796875 0.06103515625 267.3035891690027 413757
120 5298.2 678.2304075927314 1782.8835816431495 55269.239013671875 0.06103515625 304.54094677477383 467479
130 5208.5 634.3992062816523 2182.715422596236 57844.85791015625 0.06103515625 342.58186629238804 520461
140 5522.4 596.4732297267142 2125.4073749798067 63406.10986328125 0.06103515625 369.1287396498839 572546
150 5495.1 683.2084391404892 1788.7251237378562 67257.06103515625 0.06103515625 389.1278987686741 627770
160 5384.4 636.2507524631387 1820.350292429507 76304.52490234375 0.06103515625 412.79791884125365 682721
170 5433.7 613.8146007317525 1910.8298554340076 94312.05615234375 0.06103515625 429.1326542326132 736565
180 5384.2 668.4513966311122 2205.5517262666413 94312.05615234375 0.06103515625 441.82077858547075 790902
190 4743.3 569.5559500487443 2165.1459138844316 98469.25 0.06103515625 456.2656822921718 844744
200 5516.9 655.2805489757916 1784.6494887887277 98469.25 0.045166015625 462.2888114139688 892177
