10 605.08671875 605.08671875
20 1555.43515625 2160.521875
30 2418.85390625 4579.37578125
40 3105.32265625 7684.6984375
50 3311.48359375 10996.18203125
60 3465.0453125 14461.22734375
70 3432.61953125 17893.846875
80 3346.02421875 21239.87109375
90 3330.8875 24570.75859375
100 3336.8921875 27907.65078125
110 3403.05546875 31310.70625
120 3195.7265625 34506.4328125
130 3359.45703125 37865.88984375
140 3253.9515625 41119.84140625
150 3397.54296875 44517.384375
160 3355.87578125 47873.26015625
170 3465.165625 51338.42578125
180 3300.4578125 54638.88359375
190 3199.13046875 57838.0140625
200 3283.7140625 61121.728125
200 77.5671875 61199.2953125
