10 51.6 10.188231002452758 7.575418404812965 126.75 6.718994140625 0 0
20 148.7 9.857864841648471 7.310254522863321 255.068115234375 6.718994140625 10.188231002452758 516
30 245.4 11.088813464624053 10.724636796089982 321.536865234375 6.638916015625 9.942971650922066 2003
40 333.6 9.5253090984244 3.018623615480186 321.536865234375 6.387939453125 10.573865932013536 4457
50 426.7 11.873227162581317 32.56916591921104 1021.3349609375 6.387939453125 10.125003414773275 7793
60 510.3 13.053664530208952 38.75650886439112 1021.56298828125 6.387939453125 10.74354990995544 12060
70 604.7 12.437133203641825 25.052748047918 1021.64404296875 6.387939453125 11.430406223371142 17163
80 688.7 14.375234817409606 30.49647837791113 1048.72900390625 6.387939453125 11.692693084624773 23210
90 786.3 17.69810572583828 41.71382414309381 1089.40087890625 6.387939453125 12.306530507414058 30097
100 829.3 27.351027115771576 73.89133639080146 1393.426025390625 6.387939453125 13.423336512220951 37960
110 891.9 211.01495712388046 189.22030293371623 3959.919921875 6.387939453125 15.920522385034504 46253
120 927.1 351.9264476793823 192.66151444962333 3959.919921875 6.387939453125 47.4591155742567 55172
130 867 1255.089170941241 598.5781593621523 4296.27197265625 6.387939453125 91.26087272315758 64443
140 953.1 3081.9913630931246 1255.9709109668804 11459.238037109375 6.387939453125 229.27177838358435 73113
150 1026.2 3191.0085736610945 1648.27725683562 18937.7578125 6.387939453125 558.2644501064756 82644
160 1096.7 3334.03797863762 1883.4802191750616 24624.547119140625 6.387939453125 849.0661227209192 92906
170 943.3 2866.0944348774733 1736.243700278057 38756.677978515625 6.387939453125 1111.431572297214 103873
180 901.4 2910.4382381096443 1643.3021340076048 38756.677978515625 6.387939453125 1257.5115220149657 113306
190 1107.4 3426.6239303360185 1962.7790131355177 38756.677978515625 6.387939453125 1379.3189240659585 122320
200 990.4 2835.991028719454 2191.251076270731 38756.677978515625 6.387939453125 1549.280508840646 133394
