20 0.1 3549 0 3549 3549 0 0
30 0.1 7394.0 0.0 7394 3549 3549.0 1
40 0.1 11462.0 0.0 11462 3549 5471.5 2
50 0.1 14824.0 0.0 14824 3549 7468.333333333333 3
60 0.1 18891.0 0.0 18891 3549 9307.25 4
70 0.1 22288.0 0.0 22288 3549 11224.0 5
80 0.1 26433.0 0.0 26433 3549 13068.0 6
90 0.1 29562.0 0.0 29562 3549 14977.285714285714 7
100 0.1 32968.0 0.0 32968 3549 16800.375 8
110 0.1 35261.0 0.0 35261 3549 18596.777777777777 9
120 0.1 37848.0 0.0 37848 3549 20263.2 10
130 0.1 41542.0 0.0 41542 3549 21861.81818181818 11
140 0.1 44444.0 0.0 44444 3549 23501.833333333332 12
150 0.1 47381.0 0.0 47381 3549 25112.76923076923 13
160 0.1 49293.0 0.0 49293 3549 26703.35714285714 14
170 0.1 47340.0 0.0 49293 3549 28209.333333333332 15
190 0.1 46439.0 0.0 49293 3549 29405.0 16
200 0.1 52829.0 0.0 52829 3549 30407.0 17
