10 0.1 2.7183488547696957 0 2.7183488547696957 2.7183488547696957 0 0
20 0.1 18.186385330319016 0.0 18.186385330319016 2.7183488547696957 2.7183488547696957 1
30 0.1 32.78605708512251 0.0 32.78605708512251 2.7183488547696957 10.452367092544357 2
40 0.1 47.33622227886821 0.0 47.33622227886821 2.7183488547696957 17.89693042340374 3
50 0.1 63.124199743918055 0.0 63.124199743918055 2.7183488547696957 25.25675338726986 4
60 0.1 74.2354740061162 0.0 74.2354740061162 2.7183488547696957 32.8302426585995 5
70 0.1 85.56675682321121 0.0 85.56675682321121 2.7183488547696957 39.731114549852286 6
80 0.1 89.90169794459338 0.0 89.90169794459338 2.7183488547696957 46.279063446046415 7
100 0.1 92.37850890431632 0.0 92.37850890431632 2.7183488547696957 51.731892758364786 8
110 0.1 91.39177586985991 0.0 92.37850890431632 2.7183488547696957 56.248183441248294 9
120 0.1 84.83722962639283 0.0 92.37850890431632 2.7183488547696957 59.76254268410945 10
130 0.1 91.51157512482978 0.0 92.37850890431632 2.7183488547696957 62.042059678862486 11
140 0.1 90.59548254620124 0.0 92.37850890431632 2.7183488547696957 64.4978526326931 12
150 0.1 90.36880432229269 0.0 92.37850890431632 2.7183488547696957 66.50536262603988 13
170 0.1 83.08871493803001 0.0 92.37850890431632 2.7183488547696957 68.20989417577223 14
180 0.1 91.64485165794066 0.0 92.37850890431632 2.7183488547696957 69.20181555992276 15
190 0.1 91.2989279481426 0.0 92.37850890431632 2.7183488547696957 70.60450531604889 16
200 0.1 91.22391912239192 0.0 92.37850890431632 2.7183488547696957 71.82182429440734 17
