20 0.1 2580 0 2580 2580 0 0
30 0.1 5143.0 0.0 5143 2580 2580.0 1
40 0.1 7881.0 0.0 7881 2580 3861.5 2
50 0.1 10279.0 0.0 10279 2580 5201.333333333333 3
60 0.1 10303.0 0.0 10303 2580 6470.75 4
70 0.1 9357.0 0.0 10303 2580 7237.2 5
80 0.1 10532.0 0.0 10532 2580 7590.5 6
90 0.1 11148.0 0.0 11148 2580 8010.714285714285 7
100 0.1 11691.0 0.0 11691 2580 8402.875 8
120 0.1 11992.0 0.0 11992 2580 8768.222222222223 9
130 0.1 12934.0 0.0 12934 2580 9090.6 10
140 0.1 12406.0 0.0 12934 2580 9440.0 11
150 0.1 15098.0 0.0 15098 2580 9687.166666666666 12
160 0.1 13999.0 0.0 15098 2580 10103.384615384615 13
170 0.1 14088.0 0.0 15098 2580 10381.642857142857 14
180 0.1 17094.0 0.0 17094 2580 10628.733333333334 15
190 0.1 12889.0 0.0 17094 2580 11032.8125 16
200 0.1 13776.0 0.0 17094 2580 11142.0 17
