20 0.1 3837 0 3837 3837 0 0
30 0.1 7661.0 0.0 7661 3837 3837.0 1
40 0.1 10784.0 0.0 10784 3837 5749.0 2
50 0.1 11257.0 0.0 11257 3837 7427.333333333333 3
60 0.1 7986.0 0.0 11257 3837 8384.75 4
70 0.1 11009.0 0.0 11257 3837 8305.0 5
80 0.1 8946.0 0.0 11257 3837 8755.666666666666 6
90 0.1 10855.0 0.0 11257 3837 8782.857142857143 7
100 0.1 13232.0 0.0 13232 3837 9041.875 8
110 0.1 14965.0 0.0 14965 3837 9507.444444444445 9
120 0.1 10785.0 0.0 14965 3837 10053.2 10
130 0.1 13418.0 0.0 14965 3837 10119.727272727272 11
140 0.1 16174.0 0.0 16174 3837 10394.583333333334 12
150 0.1 17847.0 0.0 17847 3837 10839.153846153846 13
160 0.1 15169.0 0.0 17847 3837 11339.714285714286 14
170 0.1 18430.0 0.0 18430 3837 11595.0 15
180 0.1 16544.0 0.0 18430 3837 12022.1875 16
190 0.1 19432.0 0.0 19432 3837 12288.176470588236 17
200 0.1 19692.0 0.0 19692 3837 12685.055555555555 18
