10 621.7484375 621.7484375
20 1621.446875 2243.1953125
30 2382.3421875 4625.5375
40 989.91640625 5615.45390625
50 1.77109375 5617.225
60 1.75859375 5618.98359375
70 773.21875 6392.20234375
80 1145.86171875 7538.0640625
90 720.11015625 8258.17421875
100 471.35234375 8729.5265625
110 617.73046875 9347.25703125
120 982.37109375 10329.628125
130 640.840625 10970.46875
140 746.2578125 11716.7265625
150 783.3015625 12500.028125
160 907.98125 13408.009375
170 538.90078125 13946.91015625
180 771.53125 14718.44140625
190 444.6453125 15163.08671875
200 8.31875 15171.40546875
200 0 15171.40546875
