20 0.1 3753 0 3753 3753 0 0
30 0.1 7952.0 0.0 7952 3753 3753.0 1
40 0.1 11804.0 0.0 11804 3753 5852.5 2
50 0.1 15252.0 0.0 15252 3753 7836.333333333333 3
60 0.1 19290.0 0.0 19290 3753 9690.25 4
70 0.1 23039.0 0.0 23039 3753 11610.2 5
80 0.1 26804.0 0.0 26804 3753 13515.0 6
90 0.1 30241.0 0.0 30241 3753 15413.42857142857 7
100 0.1 33470.0 0.0 33470 3753 17266.875 8
110 0.1 37449.0 0.0 37449 3753 19067.222222222223 9
120 0.1 40916.0 0.0 40916 3753 20905.4 10
130 0.1 49848.0 0.0 49848 3753 22724.545454545456 11
140 0.1 49376.0 0.0 49848 3753 24984.833333333332 12
150 0.1 41756.0 0.0 49848 3753 26861.076923076922 13
160 0.1 40045.0 0.0 49848 3753 27925.0 14
170 0.1 39425.0 0.0 49848 3753 28733.0 15
180 0.1 36101.0 0.0 49848 3753 29401.25 16
200 0.1 46216.0 0.0 49848 3753 29795.352941176472 17
