10 0.1 2.460456942003515 0 2.460456942003515 2.460456942003515 0 0
20 0.1 27.774909654104285 0.0 27.774909654104285 2.460456942003515 2.460456942003515 1
30 0.1 50.462595823420564 0.0 50.462595823420564 2.460456942003515 15.1176832980539 2
40 0.1 28.69897959183674 0.0 50.462595823420564 2.460456942003515 26.899320806509454 3
50 0.1 7.16990658924514 0.0 50.462595823420564 2.460456942003515 27.349235502841275 4
60 0.1 2.3090586145648313 0.0 50.462595823420564 2.3090586145648313 23.313369720122047 5
70 0.1 1.79883455789207 0.0 50.462595823420564 1.79883455789207 19.812651202529178 6
80 0.1 5.714285714285714 0.0 50.462595823420564 1.79883455789207 17.239248824723877 7
90 0.1 15.403850962740684 0.0 50.462595823420564 1.79883455789207 15.798628435919106 8
100 0.1 11.486658195679796 0.0 50.462595823420564 1.79883455789207 15.754764272232613 9
110 0.1 11.64230864503344 0.0 50.462595823420564 1.79883455789207 15.327953664577333 10
120 0.1 6.504065040650407 0.0 50.462595823420564 1.79883455789207 14.99289502643698 11
130 0.1 13.275686673448629 0.0 50.462595823420564 1.79883455789207 14.28549252762143 12
140 0.1 8.331235841933047 0.0 50.462595823420564 1.79883455789207 14.207815154223523 13
150 0.1 21.22056216763738 0.0 50.462595823420564 1.79883455789207 13.788059489059918 14
160 0.1 16.10515569167943 0.0 50.462595823420564 1.79883455789207 14.28355966763175 15
170 0.1 3.1023267450587944 0.0 50.462595823420564 1.79883455789207 14.397409419134728 16
180 0.1 12.98469387755102 0.0 50.462595823420564 1.79883455789207 13.73299279124791 17
190 0.1 2.7221366204417055 0.0 50.462595823420564 1.79883455789207 13.69142062937586 18
200 0.1 12.762148337595908 0.0 50.462595823420564 1.79883455789207 13.114089892063538 19
