10 0.1 2.76171875 0 2.76171875 2.76171875 0 0
20 0.1 2.48828125 0.0 2.76171875 2.48828125 2.76171875 1
30 0.1 2.1796875 0.0 2.76171875 2.1796875 2.625 2
40 0.1 2.0 0.0 2.76171875 2.0 2.4765625 3
50 0.1 1.8515625 0.0 2.76171875 1.8515625 2.357421875 4
60 0.1 1.71875 0.0 2.76171875 1.71875 2.25625 5
70 0.1 1.6796875 0.0 2.76171875 1.6796875 2.1666666666666665 6
80 0.1 1.578125 0.0 2.76171875 1.578125 2.0970982142857144 7
90 0.1 1.48828125 0.0 2.76171875 1.48828125 2.0322265625 8
100 0.1 1.48828125 0.0 2.76171875 1.48828125 1.9717881944444444 9
110 0.1 1.421875 0.0 2.76171875 1.421875 1.9234375 10
120 0.1 1.4296875 0.0 2.76171875 1.421875 1.8778409090909092 11
130 0.1 1.37109375 0.0 2.76171875 1.37109375 1.8404947916666667 12
140 0.1 1.30859375 0.0 2.76171875 1.30859375 1.8043870192307692 13
150 0.1 1.26171875 0.0 2.76171875 1.26171875 1.7689732142857142 14
160 0.1 1.30078125 0.0 2.76171875 1.26171875 1.73515625 15
170 0.1 1.26171875 0.0 2.76171875 1.26171875 1.7080078125 16
180 0.1 1.21875 0.0 2.76171875 1.21875 1.6817555147058822 17
190 0.1 1.26171875 0.0 2.76171875 1.21875 1.6560329861111112 18
200 0.1 1.21875 0.0 2.76171875 1.21875 1.635279605263158 19
