10 56.3 14.846845338865453 4.581512693026391 44.906005859375 9.916015625 0 0
20 152.6 18.38180729977274 7.602120109832349 62.116943359375 9.782958984375 14.846845338865453 563
30 214.7 227.2318729850155 309.59718042076565 1160.9931640625 9.782958984375 17.429110514712516 2089
40 195.9 3075.8140905905047 1083.3945050343557 5172.26708984375 9.782958984375 123.76681849954267 4236
50 218 6502.976753668828 1109.3282067629143 10592.419189453125 9.782958984375 1057.2713553883552 6195
60 227 8481.254859581493 2279.0578527351427 21863.818115234375 9.782958984375 2474.7803426422574 8375
70 232.9 11059.04665748529 5009.471570710271 23203.777099609375 9.782958984375 3755.634936672512 10645
80 238.1 11033.909722415896 7961.3185692490515 38055.363037109375 9.782958984375 5066.691349326509 12974
90 230.2 14967.336880654899 11192.981244251556 43978.799072265625 9.782958984375 5991.98909900582 15355
100 211.4 11466.37137357628 6295.629847775466 43978.799072265625 9.782958984375 7162.134117602195 17657
110 237 15183.799533248452 10744.20813045284 63662.641845703125 9.782958984375 7622.361600234799 19771
120 224.2 15175.210458474761 11152.757509935058 81088.2890625 9.782958984375 8431.74726037853 22141
130 219.1 21749.8447246682 23777.398654045614 88333.6201171875 9.782958984375 9051.804041337877 24383
140 231.8 25727.168487153856 26791.810285130858 98255.3779296875 9.782958984375 10098.744928565118 26574
150 212.7 29544.11837411296 30106.212290947056 98255.3779296875 9.782958984375 11352.610559494397 28892
160 207.5 38447.65289391932 33416.62117590295 113129.74609375 9.782958984375 12600.018184553028 31019
170 225 32675.351654513855 32315.013580115068 113354.40991210938 9.782958984375 14220.669723258989 33094
180 246.7 37235.60546360394 33615.143798233454 121167.1689453125 9.782958984375 15395.495276261574 35344
190 193.1 35549.66551786141 32011.928767868896 121167.1689453125 9.782958984375 16820.465571471264 37811
200 258.2 34976.415017504005 32920.047334242496 128251.15307617188 9.782958984375 17730.487339285653 39742
