10 564.7 0.9438614910295291 0.2863732562868068 5.24609375 0.425048828125 0 0
20 1517.7 1.2359121352416467 16.2193638642581 1001.22607421875 0.404052734375 0.9438614910295291 5647
30 2436.6 7.296916812313384 38.880091651781214 1015.929931640625 0.404052734375 1.1567145753172408 20824
40 3061.8 45.13053845502693 63.47078304800021 1081.143798828125 0.404052734375 4.467450749396639 45190
50 3260 207.29685006170973 183.24118724545534 3222.56396484375 0.404052734375 20.890815293653027 75808
60 3241.5 421.09984108075787 634.2146508105723 7238.262939453125 0.404052734375 76.94605783515041 108408
70 3181.4 326.9797295750066 701.1495502368299 15244.828857421875 0.404052734375 156.16426000316534 140823
80 3303.6 401.7673300084794 632.2540545109749 15255.69384765625 0.404052734375 187.6425835894102 172637
90 3246.5 405.3032758385225 698.2591824791657 31249.541015625 0.404052734375 222.03613608633677 205673
100 3130.4 369.8971615797894 624.8678848726248 31249.541015625 0.404052734375 247.0206731701063 238138
110 3164.1 344.31077096185055 653.6708363122091 31276.08203125 0.404052734375 261.29656777145544 269442
120 3167.7 319.7548737565525 660.8267557102365 31286.7099609375 0.404052734375 270.0205820902555 301083
130 3177.7 350.8181820682275 562.0654934179596 31286.7099609375 0.404052734375 274.75502480306136 332760
140 3288.9 357.52470557779316 555.6819182768634 31286.7099609375 0.404052734375 281.38551484499175 364537
150 3088.4 376.98041723256506 605.0077436442567 31286.7099609375 0.404052734375 287.6864157523584 397426
160 3221 370.75741816855174 704.6306403081666 31286.7099609375 0.404052734375 294.1251072181535 428310
170 3294.8 374.6682609881359 589.4734960693411 31286.7099609375 0.404052734375 299.48497592247105 460520
180 3195.2 377.72953357037426 705.5105182182144 31286.7099609375 0.404052734375 304.50483308918405 493468
190 3219.5 353.9418602097582 515.9015051218979 31286.7099609375 0.404052734375 308.9577957281681 525420
200 3000.8 316.4702942415226 752.5736415742638 31286.7099609375 0.404052734375 311.55503926714175 557615
