10 0.1 1.98046875 0 1.98046875 1.98046875 0 0
20 0.1 1.75 0.0 1.98046875 1.75 1.98046875 1
30 0.1 1.48046875 0.0 1.98046875 1.48046875 1.865234375 2
40 0.1 1.87109375 0.0 1.98046875 1.48046875 1.7369791666666667 3
50 0.1 2.19921875 0.0 2.19921875 1.48046875 1.7705078125 4
60 0.1 2.55078125 0.0 2.55078125 1.48046875 1.85625 5
70 0.1 3.16015625 0.0 3.16015625 1.48046875 1.9720052083333333 6
90 0.1 3.51953125 0.0 3.51953125 1.48046875 2.1417410714285716 7
100 0.1 3.890625 0.0 3.890625 1.48046875 2.31396484375 8
110 0.1 3.859375 0.0 3.890625 1.48046875 2.4891493055555554 9
120 0.1 3.87109375 0.0 3.890625 1.48046875 2.626171875 10
140 0.1 3.37890625 0.0 3.890625 1.48046875 2.739346590909091 11
150 0.1 3.23828125 0.0 3.890625 1.48046875 2.7926432291666665 12
160 0.1 4.37890625 0.0 4.37890625 1.48046875 2.826923076923077 13
170 0.1 4.30078125 0.0 4.37890625 1.48046875 2.937779017857143 14
180 0.1 4.01953125 0.0 4.37890625 1.48046875 3.0286458333333335 15
200 0.1 4.0 0.0 4.37890625 1.48046875 3.090576171875 16
