0 36 2.1319342719184013 0.6977791447391412 7.47998046875 1.12109375 0 0
10 775.2 2.357524891509853 12.969741276200867 1139.864990234375 0.96484375 2.1319342719184013 360
20 1637.6 3.20343505084136 20.886349575805024 1139.864990234375 0.85302734375 2.3475134734806464 8112
30 2424.8 41.02702109532868 106.20597761587767 2969.6650390625 0.85302734375 2.919898794897628 24488
40 2743.8 264.96454739648925 177.3953468435066 2969.6650390625 0.85302734375 21.87963085212128 48736
50 2636.5 826.7106523837539 784.933721004009 10082.6220703125 0.85302734375 109.43921732709131 76174
60 2811 1397.2448830956391 1702.2719207268533 17905.25 0.85302734375 293.8652541059648 102539
70 2676.2 1416.9585220659674 1973.7407365367874 24421.0458984375 0.85302734375 531.2647089115871 130649
80 2806.2 1653.849454696925 2353.8808769051993 31545.327880859375 0.85302734375 681.8446418745791 157411
90 2779.2 1511.9908986813552 2394.278349312129 44995.684814453125 0.85302734375 828.9086299344082 185473
100 2789.9 1732.975518800796 2481.098312571464 47012.092041015625 0.85302734375 917.9256857711144 213265
110 2743.2 1748.3296271430106 2779.7029313108305 61141.609130859375 0.85302734375 1012.214531916041 241164
120 2734.3 1919.789376428259 3136.935806342675 61308.9990234375 0.85302734375 1087.3947627916543 268596
130 2828.5 2034.470521640086 3139.73279805169 64239.909912109375 0.85302734375 1164.3030645723109 295939
140 2797 1987.3970991781787 3181.8100630992076 64423.004150390625 0.85302734375 1240.2156636493748 324224
150 2738.7 2105.4641743801794 3486.862927648756 64439.306884765625 0.85302734375 1299.5541667236482 352194
160 2736.2 2303.3097567505692 3531.005620048903 64439.306884765625 0.85302734375 1357.7010639068303 379581
170 2814.1 2682.8390307663117 4315.706333875379 66829.1298828125 0.85302734375 1421.2818235060624 406943
180 2771.7 2451.0282290493387 4404.6306859650895 69754.42578125 0.85302734375 1502.8786677235255 435084
190 2781.8 2747.7819352226493 4884.131498936854 76911.23291015625 0.85302734375 1559.6630337712818 462801
200 2759.8 2641.418186758612 4810.651201367765 76911.23291015625 0.85302734375 1627.0291398547683 490619
