0 122.0625 122.0625
10 2628.4125 2750.475
20 5552.4875 8302.9625
30 8221.5875 16524.55
40 9303.196875 25827.746875
50 8939.3828125 34767.1296875
60 9531.046875 44298.1765625
70 9147.90625 53446.0828125
80 9440.85625 62886.9390625
90 9423.225 72310.1640625
100 9459.5046875 81769.66875
110 9300.8234375 91070.4921875
120 9270.3078125 100340.8
130 9588.6875 109929.4875
140 9481.54375 119411.03125
150 9281.8359375 128692.8671875
160 9277.0890625 137969.95625
170 9539.5234375 147509.4796875
180 9389.996875 156899.4765625
190 9427.29375 166326.7703125
200 9352.021875 175678.7921875
