0 66.1 1.023100652420576 0.31486091589576154 2.923095703125 0.471923828125 0 0
10 856.1 0.9506653994130358 0.29394726613189476 7.0419921875 0.422119140625 1.023100652420576 661
20 1730.5 1.3256428213485998 10.777228895201324 1000.907958984375 0.360107421875 0.9558572994605292 9222
30 2552.5 6.218946029857359 42.316286707247706 1024.22509765625 0.360107421875 1.1970884396676036 26527
40 2873.7 142.50394420874002 467.1058919969237 7043.376953125 0.360107421875 3.659681903695758 52052
50 2979.2 451.7939982511563 1138.152323056506 15062.97607421875 0.360107421875 53.04719215707254 80789
60 2946.6 830.2106332066259 2144.9130791938087 16410.552978515625 0.360107421875 160.47491343970648 110581
70 2975.6 970.4873318206172 2809.9703643372522 31099.5419921875 0.360107421875 301.38784066165374 140047
80 3011.2 1056.0755368596508 3530.136586144368 31288.150146484375 0.360107421875 418.6397411517871 169803
90 2953.2 1217.9275702092023 3829.312985452984 32321.9140625 0.360107421875 514.652880137632 199915
100 2987.9 1169.4764652817098 3772.407099235906 32321.9140625 0.360107421875 605.1709873571364 229447
110 3006.8 1211.9761895741408 3902.744382807554 32321.9140625 0.360107421875 670.1890857156054 259326
120 2938.2 1237.7718835152612 3813.798672670764 32321.9140625 0.360107421875 726.4806972860541 289394
130 2984.3 1170.4120605926905 3584.148737117146 32396.072998046875 0.360107421875 773.6070732798133 318776
140 2897.4 1597.3074260139474 4533.604771267627 32695.02294921875 0.360107421875 807.5749615371319 348619
150 3024.1 1515.1197944788191 4532.213841248658 32695.02294921875 0.360107421875 868.1738296987537 377593
160 2843.7 1627.1485668377802 4876.785105385608 34273.924072265625 0.360107421875 916.1450457349694 407834
170 2783.1 1775.770855509591 4939.362214017635 34273.924072265625 0.360107421875 962.4896506470553 436271
180 2934.4 1515.9817022991324 4841.961342507259 34273.924072265625 0.360107421875 1011.260027013736 464102
190 2940.6 1719.320959365555 4852.822313582303 34273.924072265625 0.360107421875 1041.274563233656 493446
200 2949.7 1448.9451777703314 4135.901137114507 34273.924072265625 0.360107421875 1079.4089345751725 522852
