20 0.1 4585 0 4585 4585 0 0
30 0.1 8591.0 0.0 8591 4585 4585.0 1
40 0.1 11910.0 0.0 11910 4585 6588.0 2
50 0.1 15059.0 0.0 15059 4585 8362.0 3
60 0.1 16541.0 0.0 16541 4585 10036.25 4
70 0.1 13211.0 0.0 16541 4585 11337.2 5
80 0.1 16068.0 0.0 16541 4585 11649.5 6
90 0.1 14071.0 0.0 16541 4585 12280.714285714286 7
100 0.1 14960.0 0.0 16541 4585 12504.5 8
110 0.1 15131.0 0.0 16541 4585 12777.333333333334 9
120 0.1 17603.0 0.0 17603 4585 13012.7 10
130 0.1 17420.0 0.0 17603 4585 13430.0 11
140 0.1 16393.0 0.0 17603 4585 13762.5 12
150 0.1 18997.0 0.0 18997 4585 13964.846153846154 13
160 0.1 16836.0 0.0 18997 4585 14324.285714285714 14
170 0.1 15450.0 0.0 18997 4585 14491.733333333334 15
180 0.1 17733.0 0.0 18997 4585 14551.625 16
190 0.1 18830.0 0.0 18997 4585 14738.764705882353 17
200 0.1 17909.0 0.0 18997 4585 14966.055555555555 18
