0 66 2.182799553148672 0.62791236770095 5.89599609375 1.175048828125 0 0
10 856.2 2.0567092307397608 2.605688278527113 237.552001953125 1.05908203125 2.182799553148672 660
20 1730.1 2.9853126433713917 12.962142685504874 1008.27392578125 1.032958984375 2.0657332616213355 9222
30 2549.3 12.384565211911742 48.36521184094944 1254.451904296875 1.032958984375 2.665576525341794 26523
40 2871.5 162.28539871569183 469.19801020059623 7062.789794921875 1.032958984375 7.428845107830407 52016
50 2979.7 475.4540952125657 1141.8175448185107 15080.988037109375 1.032958984375 62.50937101299373 80731
60 2944.4 874.3412372520189 2156.9638474841763 16422.0048828125 1.032958984375 173.8342293925414 110528
70 2976.6 1005.758889397522 2813.1370071286597 31118.91796875 1.032958984375 321.19033160880224 139972
80 3011.3 1086.9414673074593 3538.5994665923813 31581.466064453125 1.032958984375 441.23927581186246 169738
90 2954.5 1313.5956878791237 3845.0273312196846 34826.138916015625 1.032958984375 538.5319092863355 199851
100 2984.3 1282.5384479312168 3785.940355526534 34826.138916015625 1.032958984375 638.3560532928741 229396
110 3010.3 1326.6345862116896 3937.3902111411317 34826.138916015625 1.032958984375 712.512855329574 259239
120 2936.9 1384.1320802277482 3849.284095402569 34826.138916015625 1.032958984375 776.4057794980125 289342
130 2984.4 1264.85752867221 3630.309371700665 34826.138916015625 1.032958984375 832.4073411828355 318711
140 2897.2 1656.6676336001667 4551.522015410145 34870.319091796875 1.032958984375 869.4346206521672 348555
150 3023.5 1639.5492795691553 4559.422828422853 34911.675048828125 1.032958984375 929.8480873740956 377527
160 2839.8 1763.5664715106445 4892.599809697442 38352.928955078125 1.032958984375 982.4714695088155 407762
170 2789.6 1860.684923281939 4967.634412758182 38352.928955078125 1.032958984375 1033.327888866042 436160
180 2933.4 1739.6803369769839 4882.153588860014 38352.928955078125 1.032958984375 1083.0631618332397 464056
190 2941 1894.088855681926 4896.119590480858 38352.928955078125 1.032958984375 1122.101667306935 493390
200 2948.6 1712.410258266436 4201.903956163442 38352.928955078125 1.032958984375 1165.5296382520546 522800
