20 0.1 3119 0 3119 3119 0 0
30 0.1 5698.0 0.0 5698 3119 3119.0 1
40 0.1 7958.0 0.0 7958 3119 4408.5 2
50 0.1 10073.0 0.0 10073 3119 5591.666666666667 3
60 0.1 11207.0 0.0 11207 3119 6712.0 4
70 0.1 9556.0 0.0 11207 3119 7611.0 5
80 0.1 11498.0 0.0 11498 3119 7935.166666666667 6
90 0.1 10430.0 0.0 11498 3119 8444.142857142857 7
100 0.1 11017.0 0.0 11498 3119 8692.375 8
110 0.1 11241.0 0.0 11498 3119 8950.666666666666 9
120 0.1 12976.0 0.0 12976 3119 9179.7 10
130 0.1 13176.0 0.0 13176 3119 9524.818181818182 11
140 0.1 12558.0 0.0 13176 3119 9829.083333333334 12
150 0.1 14286.0 0.0 14286 3119 10039.0 13
160 0.1 13144.0 0.0 14286 3119 10342.357142857143 14
170 0.1 12217.0 0.0 14286 3119 10529.133333333333 15
180 0.1 13887.0 0.0 14286 3119 10634.625 16
190 0.1 14774.0 0.0 14774 3119 10825.941176470587 17
200 0.1 14384.0 0.0 14774 3119 11045.277777777777 18
