0 68.578125 68.578125
10 889.6453125 958.2234375
20 1797.68203125 2755.90546875
30 2648.88203125 5404.7875
40 2983.66796875 8388.45546875
50 3096.09453125 11484.55
60 3059.415625 14543.965625
70 3092.8734375 17636.8390625
80 3128.92890625 20765.76796875
90 3069.91015625 23835.678125
100 3100.87421875 26936.55234375
110 3127.88984375 30064.4421875
120 3051.62265625 33116.06484375
130 3100.978125 36217.04296875
140 3010.371875 39227.41484375
150 3141.60546875 42369.0203125
160 2950.7296875 45319.75
170 2898.56875 48218.31875
180 3047.9859375 51266.3046875
190 3055.8828125 54322.1875
200 3063.7796875 57385.9671875
