0 68.52421875 68.52421875
10 887.10234375 955.6265625
20 1796.01484375 2751.64140625
30 2646.06171875 5397.703125
40 2977.03984375 8374.74296875
50 3089.31875 11464.06171875
60 3056.4796875 14520.54140625
70 3084.784375 17605.32578125
80 3121.81875 20727.14453125
90 3061.234375 23788.37890625
100 3096.83515625 26885.2140625
110 3118.171875 30003.3859375
120 3046.2828125 33049.66875
130 3093.58828125 36143.25703125
140 3003.5328125 39146.78984375
150 3136.31484375 42283.1046875
160 2948.54921875 45231.65390625
170 2885.01015625 48116.6640625
180 3042.80625 51159.4703125
190 3047.5703125 54207.040625
200 3058.5 57265.540625
