10 57.1 59.062455960622785 45.00685798773876 194.816162109375 20.1171875 0 0
20 94.9 365.0560700202515 556.8219904935826 3027.85693359375 20.1171875 59.062455960622785 571
30 57.8 4717.37313261989 2621.83708781251 11579.8359375 20.1171875 250.10715315969364 1520
40 36.1 11630.757491938626 3864.9934740559706 20977.484130859375 20.1171875 1480.8410597983943 2098
50 40.9 18297.915338119856 5302.660022698344 30579.3701171875 20.1171875 2970.9263920483427 2459
60 42.4 23504.989766246876 6835.431003249158 40141.493896484375 20.1171875 5156.678999769141 2868
70 31.6 28811.199402628066 8964.597636997178 47793.89990234375 20.1171875 7519.8879198744135 3292
80 36.2 34943.128761923756 12114.778408508122 58663.6640625 20.1171875 9384.648016479223 3608
90 33.3 39732.819419517204 14529.460363817163 65540.59692382813 20.1171875 11715.169434577692 3970
100 34.8 42036.363332463414 16181.725026256241 79810.0419921875 20.1171875 13883.395659301106 4303
110 39 49774.39223945815 21003.660110577148 89200.05493164063 20.1171875 15989.874427363995 4651
120 33.4 57493.81697859165 25141.154510909284 99627.1669921875 20.1171875 18603.633988307603 5041
130 35.4 68355.6823606329 26797.883644930018 110826.90991210938 20.1171875 21020.251870866647 5375
140 32.1 76008.17714874174 28953.080871361613 119968.703125 20.1171875 23945.150176570478 5729
150 29.5 82249.77839562368 30553.787347873735 127627.84399414063 20.1171875 26707.502516746838 6050
160 28.4 91568.21269892305 31539.33438806802 135817.82788085938 20.1171875 29289.84631253386 6345
170 29.2 98095.76338258511 30480.008316095027 146068.25 20.1171875 31957.97967408681 6629
180 27.9 103878.7334553161 31653.793985853023 156154.921875 20.1171875 34748.361532616145 6921
190 36.4 109086.78522063873 33793.77945938532 169031.26904296875 20.1171875 37427.16344462077 7200
200 34.3 111942.29094515876 40892.710964734586 176423.2548828125 20.1171875 40875.61695155765 7564
