10 549.4 2.283080876936772 0.6025319905425838 14.794921875 1.195068359375 0 0
20 1508.6 7.207998685142667 96.61324421401075 5663.860107421875 1.0888671875 2.283080876936772 5494
30 2306 56.759204154498455 336.5136208034378 17138.177978515625 1.0888671875 5.893251433525408 20580
40 2579.9 266.08697243140625 597.5446041241183 18530.178955078125 1.0888671875 32.771548173801264 43640
50 2637.5 768.2806877776954 1148.9174246323757 37815.19091796875 1.0888671875 119.45633093884614 69439
60 2657.4 1099.4144752349077 1990.5579854927578 38902.72900390625 1.0888671875 298.0601092136771 95814
70 2673.1 1356.296373621685 3077.5534847331314 46631.90576171875 1.0888671875 472.0574857754984 122388
80 2699.4 1659.5361731408332 3522.0975067768477 49864.720947265625 1.0888671875 630.5657222243508 149119
90 2656.7 1730.4409071341906 3910.77397673022 61238.5048828125 1.0888671875 788.2828035984659 176113
100 2658.6 2035.391902390119 4889.7217331282745 67308.80395507813 1.0888671875 911.7795192913493 202680
110 2691.2 2079.38023666763 4838.457911961435 75937.5478515625 1.0888671875 1042.0751532582867 229266
120 2778 2220.6471962496867 5170.286285771471 89296.13208007813 1.0888671875 1151.0460813032878 256178
130 2606.9 2414.8798477493065 5731.055394892798 89296.13208007813 1.0888671875 1255.6866231200738 283958
140 2677 2359.7467961764087 5682.82527376309 89296.13208007813 1.0888671875 1353.1588051328001 310027
150 2658.9 2434.5871963176755 6296.719220574547 91138.23095703125 1.0888671875 1433.166526461189 336797
160 2695.7 2466.5944895223197 6421.076466923419 107867.24584960938 1.0888671875 1506.4406046887873 363386
170 2605 2725.009603789284 6881.432879275233 117593.80590820313 1.0888671875 1572.7486165487608 390343
180 2642.1 2954.67900888499 6881.255322651141 117593.80590820313 1.0888671875 1644.8353200178767 416393
190 2683 3048.677326533662 7202.046395712437 122002.6181640625 1.0888671875 1722.9886306710132 442814
200 2573 3089.170492336675 7846.38498339655 122002.6181640625 1.0888671875 1798.7230757187408 469644
