10 569.61953125 569.61953125
20 1570.090625 2139.71015625
30 2413.59765625 4553.3078125
40 2740.4984375 7293.80625
50 2908.321875 10202.128125
60 2824.21484375 13026.34296875
70 2786.71953125 15813.0625
80 2862.11796875 18675.18046875
90 2825.16484375 21500.3453125
100 2719.92734375 24220.27265625
110 2906.1078125 27126.38046875
120 2917.4234375 30043.80390625
130 2660.01640625 32703.8203125
140 2867.81328125 35571.63359375
150 2699.05 38270.68359375
160 2845.3015625 41115.98515625
170 2828.79453125 43944.7796875
180 2756.06328125 46700.84296875
190 2848.4328125 49549.27578125
200 2773.82265625 52323.0984375
