10 650.3640625 650.3640625
20 1714.7703125 2365.134375
30 2484.9203125 4850.0546875
40 2739.95625 7590.0109375
50 2660.8109375 10250.821875
60 2653.8828125 12904.7046875
70 2674.1890625 15578.89375
80 2704.0125 18282.90625
90 2691.675 20974.58125
100 2672.175 23646.75625
110 2667.571875 26314.328125
120 2696.2296875 29010.5578125
130 2553.815625 31564.3734375
140 2661.1140625 34225.4875
150 2698.265625 36923.753125
160 2720.61875 39644.371875
170 2545.9125 42190.284375
180 2613.65 44803.934375
190 2566.7546875 47370.6890625
200 2588.8484375 49959.5375
