10 92.6 20.90984593302846 5.580999140345685 73.947998046875 12.202880859375 0 0
20 183.9 109.597375202853 76.94426916428513 366.208984375 12.202880859375 20.90984593302846 926
30 145.5 2483.72329588166 1517.5287055068654 4836.85595703125 12.202880859375 79.89587353780507 2765
40 187.2 5942.901652409472 1247.8576347814226 12572.8759765625 12.202880859375 908.7036696302954 4220
50 190.5 7355.355860272105 3443.760406470645 20426.99609375 12.202880859375 2455.6535422111588 6092
60 186 10812.589130098073 5458.479707234118 20484.505126953125 12.202880859375 3622.832848939445 7997
70 172.2 9851.574438930247 6981.6946634151545 36815.65185546875 12.202880859375 4979.5282616365175 9857
80 177.5 14448.297759683095 11276.539809281136 38260.4140625 12.202880859375 5704.086817409884 11579
90 172.1 12346.373648785917 8983.147023928306 49356.011962890625 12.202880859375 6866.358378180809 13354
100 170.6 12090.925477433744 8719.62415249621 62752.44482421875 12.202880859375 7491.970735110255 15075
110 171.7 13407.33882481482 12035.224960365977 82107.22778320313 12.202880859375 7959.512406667604 16781
120 176.1 25786.428671148507 27958.360089589867 87539.05395507813 12.202880859375 8465.184260919888 18498
130 166.4 33793.38463915304 30983.98669518398 93932.52197265625 12.202880859375 9970.82182478842 20259
140 166.7 29706.114784025627 31345.27307201184 110391.73095703125 12.202880859375 11779.002480862075 21923
150 173.4 33164.14397003632 33085.43272934363 111664.88208007813 12.202880859375 13045.831485074606 23590
160 160.9 35660.98173421487 33213.66084436998 123314.125 12.202880859375 14423.384551293357 25324
170 168.7 36728.41373572504 34576.58911893643 127476.71801757813 12.202880859375 15692.136412107997 26933
180 171 42277.92226833772 37210.59949082013 143257.44409179688 12.202880859375 16932.11544232959 28620
190 153.4 38526.51276104273 34900.75372396466 143802.68408203125 12.202880859375 18361.10751857337 30330
200 169.6 45361.688282372816 44783.220744607584 166447.291015625 12.202880859375 19331.91255378389 31864
201 5.4 68082.54097945603 51177.97376751109 166447.291015625 12.202880859375 20647.362483333556 33560
