20 0.1 4610 0 4610 4610 0 0
30 0.1 7931.0 0.0 7931 4610 4610.0 1
40 0.1 11953.0 0.0 11953 4610 6270.5 2
50 0.1 13855.0 0.0 13855 4610 8164.666666666667 3
60 0.1 16145.0 0.0 16145 4610 9587.25 4
70 0.1 14490.0 0.0 16145 4610 10898.8 5
80 0.1 14730.0 0.0 16145 4610 11497.333333333334 6
90 0.1 15234.0 0.0 16145 4610 11959.142857142857 7
100 0.1 15098.0 0.0 16145 4610 12368.5 8
110 0.1 17848.0 0.0 17848 4610 12671.777777777777 9
120 0.1 16994.0 0.0 17848 4610 13189.4 10
140 0.1 15534.0 0.0 17848 4610 13535.272727272728 11
150 0.1 17566.0 0.0 17848 4610 13701.833333333334 12
160 0.1 20799.0 0.0 20799 4610 13999.076923076924 13
180 0.1 18213.0 0.0 20799 4610 14484.785714285714 14
190 0.1 24675.0 0.0 24675 4610 14733.333333333334 15
200 0.1 20018.0 0.0 24675 4610 15354.6875 16
