0 48.84609375 48.84609375
10 918.559375 967.40546875
20 1891.478125 2858.88359375
30 2548.06875 5406.95234375
40 2881.81484375 8288.7671875
50 2651.88984375 10940.65703125
60 2700.090625 13640.74765625
70 2617.5578125 16258.30546875
80 2713.0375 18971.34296875
90 2781.23671875 21752.5796875
100 2563.4453125 24316.025
110 2646.82109375 26962.84609375
120 2462.8234375 29425.66953125
130 2535.05703125 31960.7265625
140 2504.58828125 34465.31484375
150 2522.3015625 36987.61640625
160 2355.065625 39342.68203125
170 2602.2921875 41944.97421875
180 2387.33125 44332.30546875
190 2451.665625 46783.97109375
200 2565.475 49349.44609375
