10 0.1 1.94921875 0 1.94921875 1.94921875 0 0
20 0.1 1.73046875 0.0 1.94921875 1.73046875 1.94921875 1
30 0.1 2.2109375 0.0 2.2109375 1.73046875 1.83984375 2
40 0.1 1.94921875 0.0 2.2109375 1.73046875 1.9635416666666667 3
50 0.1 1.890625 0.0 2.2109375 1.73046875 1.9599609375 4
60 0.1 1.6015625 0.0 2.2109375 1.6015625 1.94609375 5
70 0.1 1.73828125 0.0 2.2109375 1.6015625 1.888671875 6
80 0.1 1.62109375 0.0 2.2109375 1.6015625 1.8671875 7
90 0.1 1.37109375 0.0 2.2109375 1.37109375 1.83642578125 8
100 0.1 1.23828125 0.0 2.2109375 1.23828125 1.7847222222222223 9
110 0.1 1.05078125 0.0 2.2109375 1.05078125 1.730078125 10
120 0.1 0.96875 0.0 2.2109375 0.96875 1.6683238636363635 11
130 0.1 0.8984375 0.0 2.2109375 0.8984375 1.6100260416666667 12
140 0.1 1.05078125 0.0 2.2109375 0.8984375 1.5552884615384615 13
150 0.1 1.12890625 0.0 2.2109375 0.8984375 1.5192522321428572 14
160 0.1 0.94921875 0.0 2.2109375 0.8984375 1.4932291666666666 15
170 0.1 1.0390625 0.0 2.2109375 0.8984375 1.459228515625 16
180 0.1 1.03125 0.0 2.2109375 0.8984375 1.4345128676470589 17
190 0.1 0.87109375 0.0 2.2109375 0.87109375 1.412109375 18
200 0.1 0.8203125 0.0 2.2109375 0.8203125 1.3836348684210527 19
