10 568.38125 568.38125
20 1589.5859375 2157.9671875
30 2455.253125 4613.2203125
40 926.16875 5539.3890625
50 297.89375 5837.2828125
60 863.79375 6701.0765625
70 585.225 7286.3015625
80 287.365625 7573.6671875
90 546.65625 8120.3234375
100 559.1046875 8679.428125
110 438.3265625 9117.7546875
120 520.5046875 9638.259375
130 579.3359375 10217.5953125
140 547.2046875 10764.8
150 832.90625 11597.70625
160 731.9875 12329.69375
170 284.303125 12613.996875
180 246.4375 12860.434375
190 499.575 13360.009375
200 354.5375 13714.546875
