20 0.1 4740 0 4740 4740 0 0
30 0.1 8775.0 0.0 8775 4740 4740.0 1
40 0.1 12339.0 0.0 12339 4740 6757.5 2
50 0.1 14752.0 0.0 14752 4740 8618.0 3
60 0.1 18037.0 0.0 18037 4740 10151.5 4
70 0.1 14898.0 0.0 18037 4740 11728.6 5
80 0.1 18693.0 0.0 18693 4740 12256.833333333334 6
90 0.1 14099.0 0.0 18693 4740 13176.285714285714 7
100 0.1 17022.0 0.0 18693 4740 13291.625 8
110 0.1 18785.0 0.0 18785 4740 13706.111111111111 9
120 0.1 17762.0 0.0 18785 4740 14214.0 10
130 0.1 18997.0 0.0 18997 4740 14536.545454545454 11
140 0.1 17852.0 0.0 18997 4740 14908.25 12
150 0.1 18085.0 0.0 18997 4740 15134.692307692309 13
160 0.1 17821.0 0.0 18997 4740 15345.42857142857 14
170 0.1 18926.0 0.0 18997 4740 15510.466666666667 15
180 0.1 20434.0 0.0 20434 4740 15723.9375 16
190 0.1 21179.0 0.0 21179 4740 16001.0 17
200 0.1 19519.0 0.0 21179 4740 16288.666666666666 18
