10 54.6 9.284746218950312 1.6027582035587664 23.31298828125 7.11181640625 0 0
20 149.5 9.305330757472806 3.299889017533892 61.47998046875 6.56298828125 9.284746218950312 546
30 253.5 11.10489957008135 30.910397436029257 1043.77294921875 6.44482421875 9.299824065638763 2041
40 335.5 11.191872045570976 7.8368795137541065 1043.77294921875 6.4111328125 10.299794870656674 4576
50 424.6 12.778613959737841 23.75118774618288 1043.77294921875 6.4111328125 10.677164549365221 7931
60 506.2 14.604377207008088 30.942334739959296 1055.322998046875 6.4111328125 11.409919266983858 12177
70 615.1 14.38628750501696 8.045200341151977 1055.322998046875 6.387939453125 12.347928785656789 17239
80 699.1 16.627150889033626 18.967087317743715 1055.322998046875 6.387939453125 12.88396745529272 23390
90 799.5 18.537722154227296 22.905449958249275 1055.322998046875 6.35791015625 13.745314856144656 30381
100 865.1 17.764012418858727 25.274145278811794 1055.322998046875 6.35791015625 14.743733043245205 38376
110 943.4 22.213969589922407 46.54715575882283 1092.308837890625 6.35791015625 15.299338054800963 47027
120 1026.1 20.178908753030303 30.431955460367195 1092.308837890625 6.35791015625 16.454695450212586 56461
130 1076.3 95.21713401725665 155.79801000094164 3831.492919921875 6.35791015625 17.02743236907312 66722
140 1123.5 326.1928183106979 245.37393335433842 4487.0849609375 6.35791015625 27.88831846108318 77485
150 1176.3 409.02860231017775 296.53316979027767 5872.97900390625 6.35791015625 65.6639164751772 88720
160 1157.8 708.9086387530158 364.6623908846674 5872.97900390625 6.35791015625 105.85975855271381 100483
170 932.8 1160.1369860797988 694.9616269422437 10713.45703125 6.35791015625 168.16600189302932 112061
180 1222.4 2179.2302339164285 1873.0399405234052 13850.65087890625 6.35791015625 244.39288687020343 121389
190 1306.4 1392.6114211540882 1042.967206831402 22946.9580078125 6.35791015625 421.4074867242076 133613
200 1202.7 1560.5845158533236 1045.0178414407042 34241.77490234375 6.35791015625 507.90917546471877 146677
