10 0.1 539 0 539 539 0 0
20 0.1 2991.0 0.0 2991 539 539.0 1
30 0.1 9271.0 0.0 9271 539 1765.0 2
40 0.1 12271.0 0.0 12271 539 4267.0 3
50 0.1 14942.0 0.0 14942 539 6268.0 4
60 0.1 14427.0 0.0 14942 539 8002.8 5
70 0.1 17921.0 0.0 17921 539 9073.5 6
80 0.1 19024.0 0.0 19024 539 10337.42857142857 7
90 0.1 25532.0 0.0 25532 539 11423.25 8
100 0.1 27161.0 0.0 27161 539 12990.888888888889 9
110 0.1 24650.0 0.0 27161 539 14407.9 10
120 0.1 3.09e4 0.0 30900 539 15339.0 11
130 0.1 30399.0 0.0 30900 539 16635.75 12
140 0.1 31051.0 0.0 31051 539 17694.46153846154 13
150 0.1 37290.0 0.0 37290 539 18648.5 14
160 0.1 37326.0 0.0 37326 539 19891.266666666666 15
170 0.1 34316.0 0.0 37326 539 20980.9375 16
180 0.1 32372.0 0.0 37326 539 21765.352941176472 17
190 0.1 40871.0 0.0 40871 539 22354.61111111111 18
200 0.1 46655.0 0.0 46655 539 23329.157894736843 19
