10 565.4 0.9672738430480633 0.28977983639811583 4.637939453125 0.43603515625 0 0
20 1542 1.3566746336940616 13.96696734993628 1002.806884765625 0.421142578125 0.9672738430480633 5654
30 2411.9 11.064853068622607 49.93980934304923 1025.93212890625 0.419189453125 1.2522012508378182 21074
40 2981.4 62.434482356692094 77.05825370686115 1130.2001953125 0.419189453125 6.489104071919653 45193
50 3107.7 272.04034026904236 280.3370871707427 3236.7099609375 0.419189453125 28.726435363428518 75007
60 3102.9 507.13852315135136 751.8439719767318 7259.02294921875 0.419189453125 100.00453783648534 106084
70 3051.5 557.1285385789422 984.7781664894437 15269.77490234375 0.419189453125 192.13993295098928 137113
80 3037.1 510.81301386010335 958.4976904691837 31299.635986328125 0.419189453125 258.5824562808446 167628
90 3152 534.5240311675849 1066.6455666607185 31310.06103515625 0.419189453125 297.27201665357205 197999
100 3042 517.830462112783 1000.8471578419567 31310.06103515625 0.419189453125 329.85399678367753 229519
110 3001.9 469.23888453816585 1037.7661994291923 31310.06103515625 0.419189453125 351.8524043920448 259939
120 3021.4 442.552896629047 846.6887178317802 31344.8759765625 0.419189453125 364.0052842832925 289958
130 3047.9 487.32092222276736 856.8401706850285 31344.8759765625 0.419189453125 371.417667500484 320172
140 3100 461.32483845766114 779.7433917248106 31344.8759765625 0.419189453125 381.492115600391 350651
150 3114.8 479.8901325332141 770.8363246523126 31344.8759765625 0.419189453125 387.97661166767597 381651
160 3047 524.7948241706723 1032.7163456113549 31344.8759765625 0.419189453125 394.91200237337 412799
170 3003.7 502.87997119633053 912.8186990814966 31344.8759765625 0.419189453125 403.8400563996245 443269
180 3202.7 446.4536279249606 795.3909976157169 31344.8759765625 0.419189453125 410.12533890343525 473306
190 3097.6 505.29166018273287 853.3826206252047 31344.8759765625 0.419189453125 412.4277535735486 505333
200 3101.6 536.9455277917871 1032.3340056248383 31344.8759765625 0.419189453125 417.7913636772875 536309
