10 0.1 2743.83984375 0 2743.83984375 2743.83984375 0 0
20 0.1 2744.8671875 0.0 2744.8671875 2743.83984375 2743.83984375 1
30 0.1 2745.65234375 0.0 2745.65234375 2743.83984375 2744.353515625 2
40 0.1 2746.63671875 0.0 2746.63671875 2743.83984375 2744.7864583333335 3
50 0.1 2741.3515625 0.0 2746.63671875 2741.3515625 2745.2490234375 4
60 0.1 2731.8984375 0.0 2746.63671875 2731.8984375 2744.46953125 5
80 0.1 2731.4609375 0.0 2746.63671875 2731.4609375 2742.3743489583335 6
90 0.1 2735.00390625 0.0 2746.63671875 2731.4609375 2740.8152901785716 7
100 0.1 2727.31640625 0.0 2746.63671875 2727.31640625 2740.0888671875 8
110 0.1 2729.57421875 0.0 2746.63671875 2727.31640625 2738.6697048611113 9
130 0.1 2731.31640625 0.0 2746.63671875 2727.31640625 2737.76015625 10
140 0.1 2728.49609375 0.0 2746.63671875 2727.31640625 2737.1743607954545 11
150 0.1 2723.015625 0.0 2746.63671875 2723.015625 2736.451171875 12
170 0.1 2721.203125 0.0 2746.63671875 2721.203125 2735.417668269231 13
180 0.1 2725.14453125 0.0 2746.63671875 2721.203125 2734.40234375 14
190 0.1 2721.83203125 0.0 2746.63671875 2721.203125 2733.78515625 15
