10 57.4 23.927253749727786 3.932940395870875 47.18701171875 16.18212890625 0 0
20 154.2 34.73475371879051 156.4856477337879 5888.1689453125 16.18212890625 23.927253749727786 574
30 236.8 204.89802664679453 237.00467613739306 5888.1689453125 16.18212890625 31.80304058918654 2116
40 264.8 1076.4845045383602 538.2994335138193 5888.1689453125 16.18212890625 123.21448728508656 4484
50 221.5 4356.049919097418 1333.1799493370138 9033.449951171875 16.18212890625 477.14872812730033 7132
60 233.9 8677.571349915013 2288.179455617689 17923.453125 16.18212890625 1396.3491280415842 9347
70 293.8 12097.790913747394 3605.004963627097 25616.1259765625 16.18212890625 2853.7151024521568 11686
80 297.7 13677.732011748283 5323.302988973179 35328.56884765625 16.18212890625 4710.874206225776 14624
90 302.7 14940.804921316869 6152.107028425773 46248.385986328125 16.18212890625 6227.511652225464 17601
100 309.5 15185.992029104407 7045.457601895701 55078.9619140625 16.18212890625 7506.120277663687 20628
110 322.1 14863.808100390383 7483.249882110146 61521.490966796875 16.18212890625 8508.067884235748 23723
120 273.6 15230.259959259925 8828.81597015594 72451.44995117188 16.18212890625 9267.860017409519 26944
130 304.3 15908.14878754455 7854.037103552527 79512.47900390625 16.18212890625 9817.493650863114 29680
140 320.8 16054.676327978885 8492.225587715264 90998.27001953125 16.18212890625 10383.880094065804 32723
150 282.7 16198.706876924129 8436.088670916073 97542.10400390625 16.18212890625 10890.181458302623 35931
160 315.4 16296.35267166012 8094.456752238038 97542.10400390625 16.18212890625 11277.384135387174 38758
170 290.5 16322.548260676596 8100.214363219842 97542.10400390625 16.18212890625 11655.07612726074 41912
180 322.1 16701.689777306798 8628.30109962774 97542.10400390625 16.18212890625 11957.617719682657 44817
190 298.2 17179.42052002768 9048.31825185785 120779.19506835938 16.18212890625 12275.712896367935 48038
200 318.7 16227.256520094465 8766.438437223082 120779.19506835938 16.18212890625 12562.323169471687 51020
