10 585.5265625 585.5265625
20 1599.959375 2185.4859375
30 2502.46640625 4687.95234375
40 3087.3640625 7775.31640625
50 3223.45546875 10998.771875
60 3217.53046875 14216.30234375
70 3165.06328125 17381.365625
80 3148.30078125 20529.66640625
90 3266.84375 23796.51015625
100 3153.090625 26949.60078125
110 3111.25703125 30060.8578125
120 3130.9765625 33191.834375
130 3159.84140625 36351.67578125
140 3214.0875 39565.76328125
150 3228.728125 42794.49140625
160 3160.26796875 45954.759375
170 3114.66171875 49069.42109375
180 3319.15703125 52388.578125
190 3210.69140625 55599.26953125
200 3215.0125 58814.28203125
