10 386.04296875 386.04296875
20 1322.81640625 1708.859375
30 2329.54296875 4038.40234375
40 2982.6296875 7021.03203125
50 3202.4921875 10223.52421875
60 3222.5109375 13446.03515625
70 3044.66171875 16490.696875
80 3221.315625 19712.0125
90 3118.7328125 22830.7453125
100 3091.7 25922.4453125
110 3232.5921875 29155.0375
120 3242.50703125 32397.54453125
130 3037.7796875 35435.32421875
140 3244.896875 38680.22109375
150 3163.1265625 41843.34765625
160 3271.1921875 45114.53984375
170 3116.0984375 48230.63828125
180 3010.065625 51240.70390625
190 3339.91171875 54580.615625
200 3143.63125 57724.246875
