20 0.1 3846 0 3846 3846 0 0
30 0.1 6637.0 0.0 6637 3846 3846.0 1
40 0.1 8852.0 0.0 8852 3846 5241.5 2
50 0.1 8852.0 0.0 8852 3846 6445.0 3
60 0.1 7668.0 0.0 8852 3846 7046.75 4
70 0.1 11787.0 0.0 11787 3846 7171.0 5
80 0.1 1.12e4 0.0 11787 3846 7940.333333333333 6
90 0.1 11179.0 0.0 11787 3846 8406.0 7
100 0.1 11935.0 0.0 11935 3846 8752.625 8
110 0.1 12668.0 0.0 12668 3846 9106.222222222223 9
120 0.1 14636.0 0.0 14636 3846 9462.4 10
130 0.1 13418.0 0.0 14636 3846 9932.727272727272 11
140 0.1 14795.0 0.0 14795 3846 10223.166666666666 12
150 0.1 17137.0 0.0 17137 3846 10574.846153846154 13
160 0.1 15823.0 0.0 17137 3846 11043.57142857143 14
170 0.1 17984.0 0.0 17984 3846 11362.2 15
180 0.1 17051.0 0.0 17984 3846 11776.0625 16
190 0.1 18213.0 0.0 18213 3846 12086.35294117647 17
200 0.1 15697.0 0.0 18213 3846 12426.722222222223 18
