10 60.8 17.70677707069796 7.034858005564569 43.804931640625 9.18994140625 0 0
20 127.2 357.139611586085 461.449196457842 1471.60400390625 9.18994140625 17.70677707069796 608
30 122.6 3641.420523862854 1208.4401578549077 5819.156982421875 9.18994140625 247.36558850876835 1880
40 153.2 7355.640826113236 1362.6744765333806 9825.80419921875 9.18994140625 1587.06660291447 3106
50 138.7 12153.00362514504 1420.8810580298523 14804.744873046875 9.18994140625 3492.511990999961 4638
60 159.4 17616.52470752136 1625.192184213124 20956.617919921875 9.18994140625 5486.22184935004 6025
70 147 21200.990984401586 2407.8545809522275 27774.741943359375 9.18994140625 8024.048697483008 7619
80 145.8 21761.075798463775 3674.4713167947916 38567.7109375 9.18994140625 10155.207808691097 9089
90 152.7 23110.98162518037 5997.033395006474 50563.001953125 9.18994140625 11759.583984768518 10547
100 144.1 28840.832212872996 10461.660915746113 52585.1611328125 9.18994140625 13195.196391337087 12074
110 146.4 25589.059952866173 8649.272430698866 65547.64404296875 9.18994140625 14863.36962247532 13515
120 144.7 25564.80358979516 8323.639886534058 65547.64404296875 9.18994140625 15911.664611706394 14979
130 143.2 26885.784665070416 10582.873167486254 78078.244140625 9.18994140625 16762.02940540507 16426
140 145.9 25631.14003146554 8185.74743414636 78078.244140625 9.18994140625 17573.834620537826 17858
150 130 26101.319029634906 8742.448269448048 78078.244140625 9.18994140625 18182.397471629793 19317
160 147 29097.07762376434 11169.885590178003 78078.244140625 9.18994140625 18681.723174952618 20617
170 131.7 28157.62823018253 10664.889576154246 78078.244140625 9.18994140625 19374.91695589857 22087
180 139.4 27916.876760474574 11084.983188728125 78078.244140625 9.18994140625 19869.141479408736 23404
190 149.1 27810.02445860055 10794.490904784518 133398.3740234375 9.18994140625 20321.538567149913 24798
200 156.4 29057.66832621933 11960.048198777587 152286.5439453125 9.18994140625 20746.253560651105 26289
