20 0.1 3823 0 3823 3823 0 0
30 0.1 7134.0 0.0 7134 3823 3823.0 1
40 0.1 9850.0 0.0 9850 3823 5478.5 2
50 0.1 13046.0 0.0 13046 3823 6935.666666666667 3
60 0.1 10651.0 0.0 13046 3823 8463.25 4
70 0.1 12661.0 0.0 13046 3823 8900.8 5
80 0.1 14032.0 0.0 14032 3823 9527.5 6
90 0.1 10812.0 0.0 14032 3823 10171.0 7
100 0.1 13403.0 0.0 14032 3823 10251.125 8
110 0.1 15385.0 0.0 15385 3823 10601.333333333334 9
120 0.1 17002.0 0.0 17002 3823 11079.7 10
130 0.1 16845.0 0.0 17002 3823 11618.09090909091 11
140 0.1 17828.0 0.0 17828 3823 12053.666666666666 12
150 0.1 17284.0 0.0 17828 3823 12497.846153846154 13
160 0.1 17117.0 0.0 17828 3823 12839.714285714286 14
170 0.1 17682.0 0.0 17828 3823 13124.866666666667 15
180 0.1 19517.0 0.0 19517 3823 13409.6875 16
190 0.1 20186.0 0.0 20186 3823 13768.941176470587 17
200 0.1 18770.0 0.0 20186 3823 14125.444444444445 18
