10 608.3 1.7181447656378446 1.035909901343402 7.681884765625 0.3828125 0 0
20 1372.1 44.60089454292235 56.13564939213391 309.49609375 0.3828125 1.7181447656378446 6083
30 1533.9 453.6484913927013 233.9034805734332 2264.197998046875 0.35302734375 31.429021845728766 19804
40 1440.4 995.2118684174919 1385.4463677779677 7440.89892578125 0.35302734375 215.71677312993933 35143
50 1484 1447.065586519881 2782.680734201272 12489.573974609375 0.35302734375 442.32680708803787 49547
60 1497.3 1990.9363922769348 4270.199066411212 21506.662109375 0.35302734375 673.9003155100571 64387
70 1508 2193.8527349902083 5018.030193388361 23516.47705078125 0.35302734375 922.3879815563079 79360
80 1506.2 2208.1559070652493 5165.987678366986 34816.593994140625 0.35302734375 1125.4130607789173 94440
90 1470.4 2478.210164930399 6292.564592039362 45810.7470703125 0.35302734375 1274.3443382968142 109502
100 1509.3 2855.3238925174355 7420.195072166883 48211.7900390625 0.35302734375 1416.8627602315053 124206
110 1455 2597.643786881165 6742.32352626393 60372.786865234375 0.35302734375 1572.7195421868066 139299
120 1459.8 2716.4236488410243 7245.449049235471 72756.01708984375 0.35302734375 1669.6499594160568 153849
130 1451.4 2565.967191378925 6426.381340833075 72756.01708984375 0.35302734375 1760.365747279454 168447
140 1450.7 2683.3960053834444 6725.979052651958 72756.01708984375 0.35302734375 1824.2728059403692 182961
150 1427.4 2662.7770510344 6842.166797667564 108564.62915039063 0.35302734375 1887.3883499997648 197468
160 1443.3 3159.144427659818 8405.847506974205 115573.71801757813 0.35302734375 1939.659029971468 211742
170 1447.1 2658.6019203682035 7228.8162938528485 123638.04296875 0.35302734375 2017.4785623903292 226175
180 1446.3 2958.3460786792125 8043.339880547016 123638.04296875 0.35302734375 2056.031856911318 240646
190 1430 2899.122363844639 7607.803186935393 123638.04296875 0.35302734375 2107.1871301060273 255109
200 1448.9 2731.660960705907 7189.921225122482 139575.09301757813 0.35302734375 2149.222377044556 269409
