10 630.346875 630.346875
20 1451.990625 2082.3375
30 1714.4796875 3796.8171875
40 1639.20078125 5436.01796875
50 1541.603125 6977.62109375
60 1548.7125 8526.33359375
70 1564.9328125 10091.26640625
80 1561.02578125 11652.2921875
90 1523.18203125 13175.47421875
100 1567.115625 14742.58984375
110 1511.03828125 16253.628125
120 1517.76953125 17771.39765625
130 1495.290625 19266.68828125
140 1524.146875 20790.83515625
150 1478.115625 22268.95078125
160 1499.9703125 23768.92109375
170 1518.409375 25287.33046875
180 1514.99765625 26802.328125
190 1480.2296875 28282.5578125
200 1516.76640625 29799.32421875
