0 6 1.01912841796875 0.1976105338089512 1.842041015625 0.656005859375 0 0
10 954.1 0.9090058131108507 0.24729469672423254 6.7451171875 0.372802734375 1.01912841796875 60
20 1925.6 0.9300941305632012 0.3674396161691304 7.839111328125 0.372802734375 0.9096940077042758 9601
30 1988.3 191.8720736155139 599.6190575355141 7029.085205078125 0.341064453125 0.9233068145023308 28857
40 1926.2 522.6716291736353 1376.1264836904572 15063.078857421875 0.341064453125 78.8189639811932 48740
50 2025.4 1142.6475903848218 2843.868681108605 15080.094970703125 0.341064453125 204.54306087447313 68002
60 2073.3 1009.2279608477214 3176.245781012606 31087.56689453125 0.341064453125 419.83005712065017 88256
70 2029.3 1658.3973455502867 4825.672889272766 31094.81396484375 0.31494140625 531.9513421858711 108989
80 2052.7 1472.0704895010645 4422.088821055948 31112.36181640625 0.31494140625 708.7661249574409 129282
90 2032.4 1952.6348987347342 5566.806021975924 31112.36181640625 0.31494140625 813.3549593464759 149809
100 2059.1 1425.6636066704482 4480.083443476333 31112.36181640625 0.31494140625 949.452750416562 170133
110 2023.4 1688.7325102212296 5172.67654549315 31112.36181640625 0.31494140625 1000.8655654850577 190724
120 2080.6 1677.9462924771344 4748.898680465711 31112.36181640625 0.31494140625 1066.8422042462882 210958
130 2064.3 1791.0759779746227 5037.092590838061 31112.36181640625 0.31494140625 1121.7024571748318 231764
140 2032.9 1971.540491531497 5297.617666191286 31114.2041015625 0.31494140625 1176.4468881528558 252407
150 2026.5 1768.2198846003305 5100.30061381289 31117.9150390625 0.31494140625 1235.7110038657959 272736
160 1996.6 1807.3764113225893 5173.772348231378 31120.998779296875 0.31494140625 1272.5412278858005 293001
170 1981.3 2345.744565816347 6017.782936122117 31156.7041015625 0.31494140625 1306.6615002228164 312967
180 1999.9 2300.547840319248 6275.835092496182 31280.3759765625 0.31494140625 1368.5262540499834 332780
190 2004.2 2123.7036851152657 5659.681688238538 31280.3759765625 0.31494140625 1421.362448108584 352779
200 1987.1 1982.2389549065992 5567.3578698200445 31280.3759765625 0.31494140625 1459.1186986204596 372821
