0 6.265625 6.265625
10 988.34296875 994.60859375
20 1998.6875 2993.29609375
30 2061.82578125 5055.121875
40 1996.5078125 7051.6296875
50 2098.0140625 9149.64375
60 2149.33046875 11298.97421875
70 2103.69296875 13402.6671875
80 2128.77890625 15531.44609375
90 2107.146875 17638.59296875
100 2135.99140625 19774.584375
110 2097.7609375 21872.3453125
120 2157.1453125 24029.490625
130 2140.10703125 26169.59765625
140 2107.98359375 28277.58125
150 2101.38359375 30378.96484375
160 2069.8453125 32448.81015625
170 2054.73671875 34503.546875
180 2079.00390625 36582.55078125
190 2073.6484375 38656.19921875
200 2059.5515625 40715.75078125
