10 91.3 1.1229765475253275 0.3704943537674968 5.760009765625 0.453125 0 0
20 185.5 1.0069445175623348 0.3345359915573431 5.760009765625 0.453125 1.1229765475253275 913
30 240.6 86.53298699053144 325.01976193054776 3006.6728515625 0.453125 1.045216643052296 2768
40 189.7 1449.728154755041 1958.3719148701894 7021.01708984375 0.453125 40.798516885811246 5174
50 191.2 4432.644176914104 5279.4740943140505 15054.5478515625 0.453125 418.7845900067176 7071
60 181.9 4530.654292848497 6481.700499098864 31078.121826171875 0.453125 1273.1205056436897 8983
70 176 7122.573810230597 10563.818390385988 31100.89599609375 0.453125 1821.6720663662913 10802
80 179.5 7320.846265532512 9438.320114223203 31100.89599609375 0.453125 2564.355322949732 12562
90 175.9 6315.373317664287 9439.736110574166 31101.0078125 0.433837890625 3159.040928712502 14357
100 175.3 5069.40892175912 6953.166323853876 31101.0078125 0.433837890625 3503.5425837240555 16116
110 182.7 7115.7263192947785 9257.002641866142 31101.0078125 0.433837890625 3657.1585493950756 17869
120 183.9 7496.754246374137 10026.26356710416 31105.886962890625 0.433837890625 3977.9751271574005 19696
130 167.5 7019.755547603778 8851.569818062355 31105.886962890625 0.433837890625 4278.464321503329 21535
140 192 7657.811630757652 9783.840036530146 31116.328857421875 0.433837890625 4476.295549582531 23210
150 179.9 9432.740083195087 10563.724853701953 31116.328857421875 0.433837890625 4719.371987141474 25130
160 174.3 7666.423134222161 9094.366393147042 31116.328857421875 0.433837890625 5034.2499701635115 26929
170 193.7 8502.087412048879 10468.59493669059 31116.328857421875 0.433837890625 5194.262450107506 28672
180 228.8 8098.036516309613 10204.655500102062 31116.328857421875 0.433837890625 5403.588365729723 30609
190 172.5 6581.440160495922 8440.971243321674 31116.328857421875 0.433837890625 5590.98835261384 32897
200 193.5 9744.39767542799 10866.027439719435 31116.328857421875 0.433837890625 5640.336436739442 34622
201 8.5 6059.005790441176 9538.093166100321 31116.328857421875 0.433837890625 5857.568663039804 36557
