10 0.1 1.0390625 0 1.0390625 1.0390625 0 0
20 0.1 1.0390625 0.0 1.0390625 1.0390625 1.0390625 1
30 0.1 1.1796875 0.0 1.1796875 1.0390625 1.0390625 2
40 0.1 1.1484375 0.0 1.1796875 1.0390625 1.0859375 3
50 0.1 1.37109375 0.0 1.37109375 1.0390625 1.1015625 4
60 0.1 1.30859375 0.0 1.37109375 1.0390625 1.15546875 5
70 0.1 1.26171875 0.0 1.37109375 1.0390625 1.1809895833333333 6
80 0.1 1.21875 0.0 1.37109375 1.0390625 1.1925223214285714 7
90 0.1 1.19140625 0.0 1.37109375 1.0390625 1.19580078125 8
100 0.1 1.16015625 0.0 1.37109375 1.0390625 1.1953125 9
110 0.1 1.140625 0.0 1.37109375 1.0390625 1.191796875 10
120 0.1 1.109375 0.0 1.37109375 1.0390625 1.1871448863636365 11
130 0.1 1.1796875 0.0 1.37109375 1.0390625 1.1806640625000002 12
140 0.1 1.1484375 0.0 1.37109375 1.0390625 1.1805889423076925 13
150 0.1 1.12890625 0.0 1.37109375 1.0390625 1.178292410714286 14
160 0.1 1.109375 0.0 1.37109375 1.0390625 1.1750000000000003 15
170 0.1 1.08984375 0.0 1.37109375 1.0390625 1.1708984375000002 16
180 0.1 1.16015625 0.0 1.37109375 1.0390625 1.1661305147058825 17
190 0.1 1.12890625 0.0 1.37109375 1.0390625 1.1657986111111114 18
200 0.1 1.109375 0.0 1.37109375 1.0390625 1.163856907894737 19
