20 0.1 5024 0 5024 5024 0 0
30 0.1 8820.0 0.0 8820 5024 5024.0 1
40 0.1 11569.0 0.0 11569 5024 6922.0 2
50 0.1 14358.0 0.0 14358 5024 8471.0 3
60 0.1 12710.0 0.0 14358 5024 9942.75 4
70 0.1 11753.0 0.0 14358 5024 10496.2 5
80 0.1 15133.0 0.0 15133 5024 10705.666666666666 6
90 0.1 12889.0 0.0 15133 5024 11338.142857142857 7
100 0.1 16663.0 0.0 16663 5024 11532.0 8
110 0.1 16064.0 0.0 16663 5024 12102.111111111111 9
120 0.1 15858.0 0.0 16663 5024 12498.3 10
130 0.1 16239.0 0.0 16663 5024 12803.727272727272 11
140 0.1 17865.0 0.0 17865 5024 13090.0 12
150 0.1 17127.0 0.0 17865 5024 13457.307692307691 13
160 0.1 16237.0 0.0 17865 5024 13719.42857142857 14
170 0.1 17761.0 0.0 17865 5024 13887.266666666666 15
180 0.1 18242.0 0.0 18242 5024 14129.375 16
190 0.1 21572.0 0.0 21572 5024 14371.29411764706 17
200 0.1 21616.0 0.0 21616 5024 14771.333333333334 18
