10 912.5 1.8117654644691796 0.9894570871537401 39.97509765625 0.527099609375 0 0
20 1844.9 10.634057049480159 8.232296605679673 62.73193359375 0.51904296875 1.8117654644691796 9125
30 1875.5 318.7740194932393 232.97786951381124 4039.7880859375 0.51904296875 7.714516514438992 27574
40 1856.1 676.7042019888601 829.2063213971526 8190.782958984375 0.51904296875 133.63825711681332 46329
50 1863.5 924.9980806105557 2061.209304237227 16145.329833984375 0.51904296875 288.9757051484062 64890
60 1837.3 959.9772973137174 2417.153638176137 32045.259765625 0.51904296875 430.8766565610031 83525
70 1767.1 1264.0091123820066 3966.750400236938 33435.406005859375 0.51904296875 526.2776072425632 101898
80 1753.7 1321.8856965947255 3945.583950018973 44909.8720703125 0.51904296875 635.3063139083304 119569
90 1727 1172.7019709230892 3464.0330001994357 44909.8720703125 0.51904296875 723.1255386991587 137106
100 1735.7 1179.3573599994156 3309.446508713765 58047.81005859375 0.51904296875 773.419528597247 154376
110 1723 1289.5180531294181 3705.0005946269957 58047.81005859375 0.51904296875 814.4475368405517 171733
120 1702.8 1366.0161589321608 4234.575049843714 58067.69580078125 0.51904296875 857.7653556498274 188963
130 1705.8 1319.1225412757667 3847.4850904674677 58067.69580078125 0.51904296875 899.7793012993537 205991
140 1672.8 1434.3584189576934 4214.7613968213955 61179.27099609375 0.51904296875 931.8491917158884 223049
150 1698.1 1592.9105285497174 4936.162476627161 109602.92602539063 0.51904296875 966.9066590847392 239777
160 1687.4 1420.0657448682168 4121.986930573552 109602.92602539063 0.51904296875 1008.3081800008733 256758
170 1653.4 1570.023424077723 4645.150065662751 109602.92602539063 0.51904296875 1033.6999366286493 273632
180 1651.5 1491.6176495562754 4602.860653219638 109602.92602539063 0.51904296875 1064.2602798166276 290166
190 1618.4 1392.7665050165265 4098.779648613041 109602.92602539063 0.51904296875 1087.2737921021958 306681
200 1621 1679.9472308790157 5120.387076241281 109602.92602539063 0.51904296875 1102.5869851265418 322865
