0 0.1 2116.046875 0 2116.046875 2116.046875 0 0
10 0.1 2134.51953125 0.0 2134.51953125 2116.046875 2116.046875 1
20 0.1 2148.015625 0.0 2148.015625 2116.046875 2125.283203125 2
30 0.1 2165.16015625 0.0 2165.16015625 2116.046875 2132.8606770833335 3
40 0.1 2180.859375 0.0 2180.859375 2116.046875 2140.935546875 4
50 0.1 2188.55078125 0.0 2188.55078125 2116.046875 2148.9203125 5
60 0.1 2193.19140625 0.0 2193.19140625 2116.046875 2155.525390625 6
70 0.1 2175.7734375 0.0 2193.19140625 2116.046875 2160.90625 7
80 0.1 2173.91796875 0.0 2193.19140625 2116.046875 2162.7646484375 8
90 0.1 2177.33203125 0.0 2193.19140625 2116.046875 2164.00390625 9
110 0.1 2176.046875 0.0 2193.19140625 2116.046875 2165.33671875 10
120 0.1 2168.41015625 0.0 2193.19140625 2116.046875 2166.310369318182 11
130 0.1 2165.81640625 0.0 2193.19140625 2116.046875 2166.4853515625 12
140 0.1 2156.54296875 0.0 2193.19140625 2116.046875 2166.433894230769 13
150 0.1 2139.73828125 0.0 2193.19140625 2116.046875 2165.727399553571 14
160 0.1 2137.0625 0.0 2193.19140625 2116.046875 2163.9947916666665 15
180 0.1 2124.80859375 0.0 2193.19140625 2116.046875 2162.3115234375 16
190 0.1 2112.42578125 0.0 2193.19140625 2112.42578125 2160.10546875 17
200 0.1 2103.19140625 0.0 2193.19140625 2103.19140625 2157.456597222222 18
