10 600.2 0.9340527848139165 0.2622987486751089 4.419921875 0.302978515625 0 0
20 1562.8 1.2565187171563024 13.842295025020848 1001.2490234375 0.302978515625 0.9340527848139165 6002
30 2296.2 8.798068462976866 57.69746171837674 1036.295166015625 0.302978515625 1.167039266119825 21630
40 956.2 74.63219280358604 154.8953041044476 1083.047119140625 0.302978515625 5.096526448085903 44592
50 1.7 2002.8592744715074 2171.955206384271 7011.671875 0.302978515625 17.374475291962483 54154
60 1.7 2533.528033088235 3623.0889029246077 15032.234130859375 0.302978515625 17.997562212751323 54171
70 746.5 2701.2140026176894 6032.232821799896 31108.16015625 0.302978515625 18.78674096090374 54188
80 1105.6 4091.7389609175207 8981.707713765765 31109.89599609375 0.302978515625 343.5774163257345 61653
90 694.3 2426.121776415434 5744.309199025608 31109.89599609375 0.302978515625 913.5161314367494 72709
100 454.5 3685.0633915833 5423.5069735289235 31109.89599609375 0.302978515625 1045.3649361508433 79652
110 595.7 3859.912380114113 7201.409621158607 31109.89599609375 0.302978515625 1187.8572990609293 84197
120 946.2 3925.6284394619993 8102.750134958434 31109.89599609375 0.302978515625 1364.4155451491097 90154
130 619.1 4302.0163698438255 7228.625238850985 31126.093994140625 0.302978515625 1607.6916896037008 99616
140 719.8 3986.6863459454335 6859.00230658946 31126.093994140625 0.302978515625 1765.342545363401 105807
150 753.9 4845.270083132799 8460.619071556901 32564.9609375 0.302978515625 1906.8339189892538 113005
160 876.3 4626.291070092079 8247.619364769407 32564.9609375 0.302978515625 2090.608061555273 120544
170 519.5 5000.301707856491 8066.226355543928 32580.850830078125 0.302978515625 2262.4486440744563 129307
180 744 4919.702543229928 8478.348789012194 32580.850830078125 0.302978515625 2368.195373984403 134502
190 428.6 4607.703456520869 7854.060254115248 32580.850830078125 0.302978515625 2501.934600845985 141942
200 8 3819.785690307616 7336.647097878559 32580.850830078125 0.302978515625 2563.655511447392 146228
200 0 0 0 32580.850830078125 0.302978515625 2564.342353002938 146308
