10 59.9 22.586153110001046 3.308447606630416 40.319091796875 17.341064453125 0 0
20 156.3 30.487841234554942 49.82770136829309 1047.5009765625 16.248046875 22.586153110001046 599
30 214.2 188.93718507910967 343.8495886693279 1966.614990234375 16.248046875 28.298613118640148 2162
40 32.9 2405.3815799237746 1833.770321022607 6263.5009765625 16.248046875 108.24466821606713 4304
50 0 0 0 6263.5009765625 16.248046875 271.36965072239906 4633
60 0 0 0 6263.5009765625 16.248046875 271.36965072239906 4633
70 7 35528.02540457588 1530.5287166211917 39777.169921875 16.248046875 271.36965072239906 4633
80 22.5 44209.92005859375 2087.8669380558836 49985.52294921875 16.248046875 796.1338231165611 4703
90 17.9 51800.63367858544 3336.8408621256835 59238.614013671875 16.248046875 2778.297358624347 4928
100 8.9 63958.85937225685 1883.819679047966 67762.61401367188 16.248046875 4496.526886972308 5107
110 8.3 71143.67328395613 6812.338624691702 77974.1611328125 16.248046875 5515.031042320715 5196
120 12.3 73922.62130613253 12714.064637691949 88385.53002929688 16.248046875 6546.88883850479 5279
130 8 82270.97934875486 14558.305745205906 98533.53393554688 16.248046875 8080.990114609606 5402
140 8 87565.82644348143 15928.241172381442 109313.40087890625 16.248046875 9163.660515691625 5482
150 7.4 95796.31137497361 15967.241011556862 116879.744140625 16.248046875 10291.343592682488 5562
160 12.4 105816.67840576172 19553.401677339105 129359.89086914063 16.248046875 11414.013503237766 5636
170 7.9 110327.36151972903 24121.264378883272 136671.4970703125 16.248046875 13446.293094889323 5760
180 11.6 117326.98971873317 27361.672940968834 148664.5791015625 16.248046875 14757.0662419286 5839
190 7.2 122746.79177517361 25700.710635345717 159013.51000976563 16.248046875 16755.06978908382 5955
200 2.8 143339.7002214704 23684.786095500698 168258.158203125 16.248046875 18021.272540535367 6027
200 0 0 0 168258.158203125 16.248046875 18600.779720562812 6055
