10 565.2 0.948762044616396 0.27406496272290815 5.3759765625 0.425048828125 0 0
20 1521.7 0.9937444680497142 0.551182916508782 22.198974609375 0.3701171875 0.948762044616396 5652
30 2462 4.3995278427409135 24.06475941783385 1008.516845703125 0.3330078125 0.9815617732754023 20869
40 3013.6 61.511460650843794 244.33210526790566 7031.3720703125 0.3330078125 2.831466687215935 45489
50 3002.5 300.8331826830521 834.519268037698 7044.94091796875 0.3330078125 26.215007818956618 75625
60 3159.8 691.3648633195746 1801.4937796547183 15066.125 0.3330078125 104.25959561161602 105650
70 3024.6 894.0443739106261 2576.252709375935 31097.948974609375 0.3330078125 239.42624466323116 137248
80 3077.4 925.0297522249532 2986.0826287774426 31113.234130859375 0.3330078125 357.63692646208193 167494
90 3128 1175.5457064343127 3800.6268183496377 31119.718017578125 0.3330078125 445.7043242268579 198268
100 3080.4 1164.849075473915 3691.4143077840076 32212.942138671875 0.3330078125 545.1582006947391 229548
110 3161.7 1261.9996343720609 4232.342140783744 32212.942138671875 0.3330078125 618.4780050622788 260352
120 3158.6 1191.7043255139456 3938.6072519082745 32212.942138671875 0.3330078125 688.1642503619079 291969
130 3101.9 1194.059752542342 3909.0608563659753 32624.304931640625 0.3330078125 737.3207054120609 323555
140 3130 1176.2563381870348 3777.399117563574 32624.304931640625 0.3330078125 777.2773533979092 354574
150 3065.8 1204.1641001109363 3681.3494927800116 32624.304931640625 0.3330078125 809.6403584822104 385874
160 3073.8 1347.8981303663545 4159.159294549796 32624.304931640625 0.3330078125 838.6784848947152 416532
170 3066.3 1365.556432791367 4181.506140229765 32624.304931640625 0.3330078125 873.6738869169999 447270
180 3077.1 1528.5713063906014 4509.610392222212 32624.304931640625 0.3330078125 905.2318553019946 477933
190 3073.2 1601.1319918659142 4767.8941583899905 32624.304931640625 0.3330078125 942.9370399465965 508704
200 3083.5 1390.5064001344076 4417.735912393012 32624.304931640625 0.3330078125 980.4348103260011 539436
