0 0.1 19.817537297203252 0 19.817537297203252 19.817537297203252 0 0
10 0.1 1.8332496233048718 0.0 19.817537297203252 1.8332496233048718 19.817537297203252 1
20 0.1 13.53251318101933 0.0 19.817537297203252 1.8332496233048718 10.825393460254062 2
30 0.1 26.280289782663 0.0 26.280289782663 1.8332496233048718 11.727766700509152 3
40 0.1 43.397190293742014 0.0 43.397190293742014 1.8332496233048718 15.365897471047614 4
50 0.1 52.493438320209975 0.0 52.493438320209975 1.8332496233048718 20.972156035586494 5
60 0.1 52.91503267973856 0.0 52.91503267973856 1.8332496233048718 26.225703083023742 6
70 0.1 53.78195096504955 0.0 53.78195096504955 1.8332496233048718 30.038464453983003 7
80 0.1 53.01487862176977 0.0 53.78195096504955 1.8332496233048718 33.00640026786632 8
90 0.1 53.208418891170425 0.0 53.78195096504955 1.8332496233048718 35.22956452941114 9
100 0.1 52.64675052410901 0.0 53.78195096504955 1.8332496233048718 37.027449965587074 10
110 0.1 52.794080122480224 0.0 53.78195096504955 1.8332496233048718 38.44738637999816 11
120 0.1 52.57972517500649 0.0 53.78195096504955 1.8332496233048718 39.64294419187166 12
130 0.1 52.22165474974464 0.0 53.78195096504955 1.8332496233048718 40.63808119057434 13
140 0.1 51.98110732091315 0.0 53.78195096504955 1.8332496233048718 41.46547930194365 14
150 0.1 52.521785054132565 0.0 53.78195096504955 1.8332496233048718 42.16652116987495 15
160 0.1 51.625287944714614 0.0 53.78195096504955 1.8332496233048718 42.81372516264105 16
170 0.1 51.49058577405857 0.0 53.78195096504955 1.8332496233048718 43.332052385115965 17
180 0.1 52.895950794464376 0.0 53.78195096504955 1.8332496233048718 43.78530424005722 18
190 0.1 51.994054991330195 0.0 53.78195096504955 1.8332496233048718 44.26481195344707 19
200 0.1 53.22538521807261 0.0 53.78195096504955 1.8332496233048718 44.65127410534123 20
