10 585.446875 585.446875
20 1578.97109375 2164.41796875
30 2554.759375 4719.17734375
40 3120.1125 7839.28984375
50 3113.73984375 10953.0296875
60 3277.8015625 14230.83125
70 3135.6640625 17366.4953125
80 3189.9265625 20556.421875
90 3242.90625 23799.328125
100 3192.565625 26991.89375
110 3278.47109375 30270.36484375
120 3273.4046875 33543.76953125
130 3215.60078125 36759.3703125
140 3244.740625 40004.1109375
150 3179.1046875 43183.215625
160 3185.9421875 46369.1578125
170 3177.74765625 49546.90546875
180 3190.51328125 52737.41875
190 3185.884375 55923.303125
200 3194.6796875 59117.9828125
