0 0.4 27.771484375 10.076336302712427 37.85888671875 15.246826171875 0 0
10 90.5 20.939010434651244 7.903498541887677 61.030029296875 10.527099609375 27.771484375 4
20 122.9 1434.080832199706 1197.9728761802328 3410.051025390625 10.527099609375 20.96907632657797 909
30 145.2 5111.959389258353 879.6258032290666 6879.56884765625 10.527099609375 833.2770033462573 2138
40 141.3 9344.874354660124 1351.7483351942237 11910.4580078125 10.527099609375 2563.81929424998 3590
50 159.6 14312.0043674555 1736.494938686654 17420.47119140625 10.527099609375 4478.996348089582 5003
60 142.1 19360.862614459187 1001.2784381653676 25141.439208984375 10.527099609375 6857.156796476915 6599
70 155.7 21814.51066331618 3062.4938849900664 33719.89208984375 10.527099609375 9072.588961982252 8020
80 143.5 22883.323408407286 4769.460874890788 41451.59814453125 10.527099609375 11144.132460883466 9577
90 154.7 25943.109999791694 7192.5856819102855 53384.1279296875 10.527099609375 12673.894448687377 11012
100 148.9 25201.766001458604 8217.362111731229 57515.226806640625 10.527099609375 14308.377803855654 12559
110 122.3 26557.51124703758 10382.014391754921 57515.226806640625 10.527099609375 15463.008714037232 14048
120 177.1 25494.766481353236 9276.793112091207 61444.42822265625 10.527099609375 16351.527907139152 15271
130 115.2 28901.264638688823 11439.01061660769 61444.42822265625 10.527099609375 17301.690770355508 17042
140 168.7 41617.73992294016 27432.52221848173 100574.22216796875 10.527099609375 18036.147684520616 18194
150 119.8 51637.47712822149 32950.93336310684 113178.96313476563 10.527099609375 20037.161019172483 19881
160 131.6 44983.83238002234 32127.71869033713 122840.94799804688 10.527099609375 21833.12755926645 21079
170 163 45244.82374065374 33577.54580204836 129146.5810546875 10.527099609375 23193.535129890017 22395
180 133.7 50399.49195504597 32366.511298864392 129146.5810546875 10.527099609375 24689.62671929875 24025
190 161 51960.77277422603 34327.52180443322 146310.17895507813 10.527099609375 26044.965013604957 25362
200 131.1 56392.23601023938 35705.86556040878 146310.17895507813 10.527099609375 27591.91928079315 26972
