10 0.1 1.8291155098972687 0 1.8291155098972687 1.8291155098972687 0 0
20 0.1 16.42821904292057 0.0 16.42821904292057 1.8291155098972687 1.8291155098972687 1
30 0.1 24.569718134198055 0.0 24.569718134198055 1.8291155098972687 9.128667276408919 2
40 0.1 37.41496598639456 0.0 37.41496598639456 1.8291155098972687 14.275684229005298 3
50 0.1 25.35705337008269 0.0 37.41496598639456 1.8291155098972687 20.060504668352614 4
60 0.1 25.605795653260056 0.0 37.41496598639456 1.8291155098972687 21.11981440869863 5
70 0.1 45.1497312515997 0.0 45.1497312515997 1.8291155098972687 21.86747794945887 6
80 0.1 47.69310523587351 0.0 47.69310523587351 1.8291155098972687 25.193514135478985 7
90 0.1 47.23448454946767 0.0 47.69310523587351 1.8291155098972687 28.0059630230283 8
100 0.1 48.215183509301156 0.0 48.215183509301156 1.8291155098972687 30.142465414854897 9
110 0.1 40.73319755600815 0.0 48.215183509301156 1.8291155098972687 31.94973722429952 10
120 0.1 25.575575575575577 0.0 48.215183509301156 1.8291155098972687 32.74823361809121 11
130 0.1 46.18937644341801 0.0 48.215183509301156 1.8291155098972687 32.15051211454824 12
140 0.1 47.92405063291139 0.0 48.215183509301156 1.8291155098972687 33.23042475523054 13
150 0.1 48.068006182380216 0.0 48.215183509301156 1.8291155098972687 34.27996946077917 14
160 0.1 48.518140010219724 0.0 48.518140010219724 1.8291155098972687 35.19917190888591 15
170 0.1 48.40558046836074 0.0 48.518140010219724 1.8291155098972687 36.03160741521927 16
180 0.1 47.36286919831223 0.0 48.518140010219724 1.8291155098972687 36.759488183051126 17
190 0.1 47.56380510440835 0.0 48.518140010219724 1.8291155098972687 37.34856490612118 18
200 0.1 48.134715025906736 0.0 48.518140010219724 1.8291155098972687 37.88620912708367 19
