10 0.1 2030.55078125 0 2030.55078125 2030.55078125 0 0
20 0.1 2029.64453125 0.0 2030.55078125 2029.64453125 2030.55078125 1
30 0.1 2014.77734375 0.0 2030.55078125 2014.77734375 2030.09765625 2
40 0.1 2012.0625 0.0 2030.55078125 2012.0625 2024.9908854166667 3
50 0.1 2010.97265625 0.0 2030.55078125 2010.97265625 2021.7587890625 4
60 0.1 2010.79296875 0.0 2030.55078125 2010.79296875 2019.6015625 5
70 0.1 2011.3671875 0.0 2030.55078125 2010.79296875 2018.1334635416667 6
80 0.1 2014.59765625 0.0 2030.55078125 2010.79296875 2017.1668526785713 7
90 0.1 2014.87109375 0.0 2030.55078125 2010.79296875 2016.845703125 8
100 0.1 2020.34765625 0.0 2030.55078125 2010.79296875 2016.6263020833333 9
110 0.1 2020.28125 0.0 2030.55078125 2010.79296875 2016.9984375 10
120 0.1 2019.890625 0.0 2030.55078125 2010.79296875 2017.296875 11
130 0.1 2019.265625 0.0 2030.55078125 2010.79296875 2017.5130208333333 12
140 0.1 2016.09375 0.0 2030.55078125 2010.79296875 2017.6478365384614 13
150 0.1 2012.46484375 0.0 2030.55078125 2010.79296875 2017.536830357143 14
160 0.1 2011.9453125 0.0 2030.55078125 2010.79296875 2017.1986979166666 15
170 0.1 2006.2265625 0.0 2030.55078125 2006.2265625 2016.870361328125 16
180 0.1 2002.52734375 0.0 2030.55078125 2002.52734375 2016.2442555147059 17
190 0.1 2000.84375 0.0 2030.55078125 2000.84375 2015.482204861111 18
200 0.1 1996.921875 0.0 2030.55078125 1996.921875 2014.711759868421 19
