10 58.6 30.94035511212138 13.910419345268405 105.77001953125 18.171142578125 0 0
20 123.7 290.0935688188408 314.562399003015 1881.3349609375 18.171142578125 30.94035511212138 586
30 231.1 1233.4394894661407 1126.0014592452335 6872.242919921875 18.171142578125 206.78924450060845 1823
40 69.4 3263.3593394694467 2410.423692032988 11031.2880859375 18.171142578125 780.7100756847751 4134
50 72.2 8364.18146242263 4854.856767054472 21045.501953125 18.171142578125 1137.5780518791748 4828
60 191.1 14821.842413805964 6805.961713335068 30065.780029296875 18.171142578125 2077.6875406021254 5550
70 295.7 16524.1685499979 8932.632393781934 40367.208984375 18.171142578125 5341.871961281999 7461
80 296 17738.92484279323 10894.176749504544 47232.554931640625 18.171142578125 8515.806594880858 10418
90 342 17510.9700138918 11107.10231816852 56588.7548828125 18.171142578125 10556.50251458639 13378
100 295.4 17797.465590139345 12835.524140609245 70000.60791015625 18.171142578125 11972.40195783109 16798
110 102.4 20954.274163722985 12182.95581136467 79407.5869140625 18.171142578125 12843.566294092663 19752
120 155.5 25408.206007115386 14383.570258291527 88416.77294921875 18.171142578125 13243.323940343214 20776
130 266.3 25676.808898673615 16218.792533171343 97266.90307617188 18.171142578125 14090.415051974162 22331
140 293.4 28373.769134500682 18041.84265311623 108229.9189453125 18.171142578125 15324.893999471988 24994
150 310.9 29316.50400880633 19193.414348788257 116904.4599609375 18.171142578125 16695.754771678166 27928
160 305.6 28094.40886772117 18584.236462517703 126042.76904296875 18.171142578125 17959.984864091464 31037
170 311.5 27479.92069834405 19831.946641761453 130886.90893554688 18.171142578125 18868.405940414825 34093
180 314.2 29094.631856450887 23780.849325461193 146219.28100585938 18.171142578125 19589.349513596655 37208
190 296.8 32078.49391573266 25413.029211463054 150279.05615234375 18.171142578125 20329.513011025356 40350
200 308.9 30417.775341306857 24955.435427134733 162891.13305664063 18.171142578125 21134.51267225559 43318
