20 0.1 2627 0 2627 2627 0 0
30 0.1 4893.0 0.0 4893 2627 2627.0 1
40 0.1 7294.0 0.0 7294 2627 3760.0 2
50 0.1 8281.0 0.0 8281 2627 4938.0 3
60 0.1 6301.0 0.0 8281 2627 5773.75 4
70 0.1 10430.0 0.0 10430 2627 5879.2 5
80 0.1 10924.0 0.0 10924 2627 6637.666666666667 6
90 0.1 10507.0 0.0 10924 2627 7250.0 7
100 0.1 13056.0 0.0 13056 2627 7657.125 8
110 0.1 11328.0 0.0 13056 2627 8257.0 9
120 0.1 9805.0 0.0 13056 2627 8564.1 10
130 0.1 12617.0 0.0 13056 2627 8676.90909090909 11
140 0.1 12980.0 0.0 13056 2627 9005.249999999998 12
150 0.1 13423.0 0.0 13423 2627 9310.999999999998 13
160 0.1 13218.0 0.0 13423 2627 9604.714285714284 14
170 0.1 14881.0 0.0 14881 2627 9845.599999999999 15
180 0.1 15293.0 0.0 15293 2627 10160.312499999998 16
190 0.1 14906.0 0.0 15293 2627 10462.235294117645 17
200 0.1 13746.0 0.0 15293 2627 10709.11111111111 18
