10 582.8109375 582.8109375
20 1321.7921875 1904.603125
30 2320.13125 4224.734375
40 1490.36484375 5715.09921875
50 1493.8375 7208.93671875
60 2542.28203125 9751.21875
70 3104.45546875 12855.67421875
80 3129.06171875 15984.7359375
90 3101.578125 19086.3140625
100 3055.9375 22142.2515625
110 1434.80234375 23577.05390625
120 2438.9953125 26016.04921875
130 3006.22890625 29022.278125
140 3039.16953125 32061.44765625
150 3080.44453125 35141.8921875
160 3104.65390625 38246.54609375
170 3077.26953125 41323.815625
180 3085.5046875 44409.3203125
190 3104.65390625 47513.97421875
200 3092.2515625 50606.22578125
