10 0.1 2.578125 0 2.578125 2.578125 0 0
20 0.1 2.19140625 0.0 2.578125 2.19140625 2.578125 1
30 0.1 2.01171875 0.0 2.578125 2.01171875 2.384765625 2
40 0.1 1.8515625 0.0 2.578125 1.8515625 2.2604166666666665 3
50 0.1 1.71875 0.0 2.578125 1.71875 2.158203125 4
60 0.1 1.609375 0.0 2.578125 1.609375 2.0703125 5
70 0.1 1.58984375 0.0 2.578125 1.58984375 1.9934895833333333 6
80 0.1 1.6484375 0.0 2.578125 1.58984375 1.9358258928571428 7
90 0.1 1.62890625 0.0 2.578125 1.58984375 1.89990234375 8
100 0.1 1.5390625 0.0 2.578125 1.5390625 1.8697916666666667 9
110 0.1 1.44921875 0.0 2.578125 1.44921875 1.83671875 10
120 0.1 1.37890625 0.0 2.578125 1.37890625 1.8014914772727273 11
130 0.1 1.328125 0.0 2.578125 1.328125 1.7662760416666667 12
140 0.1 1.28125 0.0 2.578125 1.28125 1.7325721153846154 13
150 0.1 1.23046875 0.0 2.578125 1.23046875 1.7003348214285714 14
160 0.1 1.28125 0.0 2.578125 1.23046875 1.6690104166666666 15
170 0.1 1.23046875 0.0 2.578125 1.23046875 1.644775390625 16
180 0.1 1.19921875 0.0 2.578125 1.19921875 1.6204044117647058 17
190 0.1 1.171875 0.0 2.578125 1.171875 1.5970052083333333 18
200 0.1 1.140625 0.0 2.578125 1.140625 1.5746299342105263 19
