10 44.5 23.17095823823736 4.157344797455513 46.821044921875 16.912841796875 0 0
20 134.6 66.79418927174264 101.72256174983688 1232.18701171875 16.0439453125 23.17095823823736 445
30 174 464.83769194504345 579.9685703741814 4282.908935546875 16.0439453125 55.955363023886775 1791
40 128.7 3162.287525191821 2198.2726601247764 11921.807861328125 16.0439453125 257.4436814387303 3531
50 121.6 6644.238462950054 4422.985907567519 22285.27294921875 16.0439453125 1033.395119153597 4818
60 162.4 10460.52856806112 6487.431580624198 28949.550048828125 16.0439453125 2164.118603750298 6034
70 126.6 13034.250101050315 9587.45979980242 39326.325927734375 16.0439453125 3923.5035321964683 7658
80 140.1 15736.85912632857 11669.387084436747 50580.362060546875 16.0439453125 5215.996265967083 8924
90 142.6 17479.559871978505 12717.335434689512 58826.10107421875 16.0439453125 6643.572911716859 10325
100 135.1 17713.67027751432 13961.431435256027 67795.6689453125 16.0439453125 7958.534821795415 11751
110 140.9 22488.201119200243 19346.36777807313 81436.32397460938 16.0439453125 8964.426136150189 13102
120 132.7 31688.398531513452 26432.667909636006 90435.01000976563 16.0439453125 10277.567818399346 14511
130 135.2 37081.74515167778 30902.64159781771 99683.71997070313 16.0439453125 12071.49207375371 15838
140 134.8 39491.15452634551 32655.637394805133 109416.1640625 16.0439453125 14038.557935379851 17190
150 128.5 46825.675428433555 35033.99016066883 120747.205078125 16.0439453125 15889.356306542959 18538
160 144.5 47463.797051558344 36811.7893395066 127981.80297851563 16.0439453125 17894.762656319956 19823
170 134 51400.65808706714 36701.66508020111 139161.73999023438 16.0439453125 19903.75526028457 21268
180 126.9 59383.83480972038 38272.42831256215 147590.35913085938 16.0439453125 21770.60990412253 22608
190 146.2 63980.65013579698 37114.46093119335 161390.12109375 16.0439453125 23769.654273398555 23877
200 152.8 67943.3357837938 40602.727452789615 170428.67504882813 16.0439453125 26089.733043311593 25339
