20 0.1 3107 0 3107 3107 0 0
30 0.1 7033.0 0.0 7033 3107 3107.0 1
40 0.1 10299.0 0.0 10299 3107 5070.0 2
50 0.1 12435.0 0.0 12435 3107 6813.0 3
60 0.1 11716.0 0.0 12435 3107 8218.5 4
70 0.1 11617.0 0.0 12435 3107 8918.0 5
80 0.1 13813.0 0.0 13813 3107 9367.833333333334 6
90 0.1 13730.0 0.0 13813 3107 10002.857142857143 7
100 0.1 15380.0 0.0 15380 3107 10468.75 8
110 0.1 12069.0 0.0 15380 3107 11014.444444444445 9
120 0.1 16383.0 0.0 16383 3107 11119.9 10
130 0.1 14695.0 0.0 16383 3107 11598.363636363636 11
140 0.1 16358.0 0.0 16383 3107 11856.416666666666 12
150 0.1 15984.0 0.0 16383 3107 12202.692307692309 13
160 0.1 16454.0 0.0 16454 3107 12472.785714285714 14
170 0.1 17171.0 0.0 17171 3107 12738.2 15
180 0.1 14113.0 0.0 17171 3107 13015.25 16
190 0.1 12655.0 0.0 17171 3107 13079.823529411764 17
200 0.1 14407.0 0.0 17171 3107 13056.222222222223 18
