0 0.5 1.107666015625 0.22474987114042294 1.31103515625 0.68408203125 0 0
10 86.1 1.0998977501633276 0.23791173247492994 2.1328125 0.60595703125 1.107666015625 5
20 192.2 1.0214455055768792 0.2761757117304117 4.9619140625 0.51708984375 1.0999426015805427 866
30 287.7 0.9984483450371496 0.2771981320780095 5.9140625 0.51611328125 1.045828032527802 2788
40 363.1 1.0125034156826576 0.3401360329852605 7.257080078125 0.497802734375 1.0217660094191334 5665
50 474 1.0484258595398197 0.37381308425284004 7.257080078125 0.4521484375 1.0181480578424182 9296
60 566.7 2.2119549033880297 32.447228602160195 1000.48095703125 0.4169921875 1.0283729638017858 14036
70 637.7 15.11395574733907 109.64567660140585 1287.555908203125 0.39697265625 1.3687961913120759 19703
80 758.7 485.7553688090543 761.4096281563116 7191.578125 0.39697265625 4.729719599624351 26080
90 747.7 684.9149094005478 1262.5238724353774 15958.326904296875 0.39697265625 113.13087207985559 33667
100 819.4 750.7254674425947 1228.998304787421 15958.326904296875 0.39697265625 217.0398076973652 41144
110 706.1 671.2878457385293 1470.262010737119 31127.5830078125 0.39697265625 305.67372670406206 49338
120 790.3 580.2394410647063 1162.0625582883688 31127.5830078125 0.39697265625 351.4476108953132 56399
130 703.2 662.7332694234842 1110.6277975186174 31127.5830078125 0.39697265625 379.56713803021904 64302
140 744.2 761.8359868727009 1474.3006615014567 31690.40380859375 0.39697265625 407.481235598804 71334
150 845.8 340.5225585302477 765.4084255037122 31690.40380859375 0.39697265625 440.95726965715096 78776
160 813.6 554.7679231806817 974.1586780251382 31690.40380859375 0.39697265625 431.21936027879684 87234
170 687.1 554.6610437692144 1123.0898325568587 31690.40380859375 0.39697265625 441.75926913661095 95370
180 745.2 684.924891768254 1227.3196359145804 31690.40380859375 0.39697265625 449.3467154008359 102241
190 806.7 663.3511581714097 1175.6536299861623 31690.40380859375 0.39697265625 465.35073179468054 109693
200 765.1 686.7420010200875 1420.7687208733307 31765.76318359375 0.39697265625 478.91450081286223 117760
