10 0.1 2.9463611181062705 0 2.9463611181062705 2.9463611181062705 0 0
20 0.1 18.24579039959789 0.0 18.24579039959789 2.9463611181062705 2.9463611181062705 1
30 0.1 32.44933700275207 0.0 32.44933700275207 2.9463611181062705 10.59607575885208 2
40 0.1 45.70644033949076 0.0 45.70644033949076 2.9463611181062705 17.880496173485408 3
50 0.1 56.260934766308424 0.0 56.260934766308424 2.9463611181062705 24.836982214986747 4
60 0.1 66.14727318421714 0.0 66.14727318421714 2.9463611181062705 31.121772725251084 5
70 0.1 74.4127936031984 0.0 74.4127936031984 2.9463611181062705 36.95935613507876 6
90 0.1 85.5317927371896 0.0 85.5317927371896 2.9463611181062705 42.30984720195299 7
100 0.1 92.23993925588458 0.0 92.23993925588458 2.9463611181062705 47.71259039385757 8
120 0.1 92.85589824011153 0.0 92.85589824011153 2.9463611181062705 52.660073600749456 9
130 0.1 88.5499373171751 0.0 92.85589824011153 2.9463611181062705 56.67965606468566 10
140 0.1 92.67408123791103 0.0 92.85589824011153 2.9463611181062705 59.57695436036652 11
150 0.1 76.34106348090887 0.0 92.85589824011153 2.9463611181062705 62.33504826682857 12
160 0.1 89.37358227185483 0.0 92.85589824011153 2.9463611181062705 63.41243405252705 13
170 0.1 84.775 0.0 92.85589824011153 2.9463611181062705 65.26680178247904 14
180 0.1 90.69542040222922 0.0 92.85589824011153 2.9463611181062705 66.56734833031376 15
200 0.1 92.16551144717496 0.0 92.85589824011153 2.9463611181062705 68.07535283480848 16
