10 0.1 2107.9296875 0 2107.9296875 2107.9296875 0 0
20 0.1 2107.6796875 0.0 2107.9296875 2107.6796875 2107.9296875 1
30 0.1 2108.41796875 0.0 2108.41796875 2107.6796875 2107.8046875 2
40 0.1 2103.49609375 0.0 2108.41796875 2103.49609375 2108.0091145833335 3
50 0.1 2103.546875 0.0 2108.41796875 2103.49609375 2106.880859375 4
60 0.1 2102.35546875 0.0 2108.41796875 2102.35546875 2106.2140625 5
70 0.1 2094.83203125 0.0 2108.41796875 2094.83203125 2105.5709635416665 6
90 0.1 1989.28515625 0.0 2108.41796875 1989.28515625 2104.0368303571427 7
100 0.1 1978.13671875 0.0 2108.41796875 1978.13671875 2089.69287109375 8
120 0.1 1982.75 0.0 2108.41796875 1978.13671875 2077.2977430555557 9
130 0.1 1983.56640625 0.0 2108.41796875 1978.13671875 2067.84296875 10
140 0.1 1977.58203125 0.0 2108.41796875 1977.58203125 2060.181463068182 11
150 0.1 1978.546875 0.0 2108.41796875 1977.58203125 2053.2981770833335 12
160 0.1 1978.78515625 0.0 2108.41796875 1977.58203125 2047.548076923077 13
170 0.1 1991.390625 0.0 2108.41796875 1977.58203125 2042.636439732143 14
180 0.1 1983.71875 0.0 2108.41796875 1977.58203125 2039.2200520833333 15
200 0.1 1973.50390625 0.0 2108.41796875 1973.50390625 2035.751220703125 16
