0 0.5 17.825830078125 4.638279014511045 23.316162109375 11.93017578125 0 0
10 86.1 12.351967699713287 2.4355642667016664 46.842041015625 8.8671875 17.825830078125 5
20 192 12.610245895385741 2.652194425758173 46.842041015625 8.85986328125 12.383571985962776 866
30 287.7 13.526237861704907 3.608482501458949 46.842041015625 8.85986328125 12.539786596907534 2786
40 362.5 16.019354660560357 16.436991317964353 278.64990234375 8.85986328125 13.04093798112474 5663
50 474.3 21.570982329633793 28.481306336840166 340.03515625 8.85986328125 14.203379891434182 9288
60 564.6 63.12707519531238 80.0812831195468 1128.590087890625 8.85986328125 16.69390361493078 14031
70 479.5 1141.5357002329918 949.9820450972068 7272.860107421875 8.85986328125 30.0171585187695 19677
80 509 3559.7174846896532 1548.4261595576813 11598.449951171875 8.85986328125 247.8061176361157 24472
90 611.5 5759.700302630572 2778.003489246722 19910.2578125 8.85986328125 818.052679381008 29562
100 550.7 5701.458561750604 3557.4014571043303 29570.406005859375 8.85986328125 1665.0458463000618 35677
110 600.9 5507.084944767096 4330.5251548273 39054.31494140625 8.85986328125 2204.782754419383 41184
120 570 5370.4447696511625 4935.77755616561 44840.198974609375 8.85986328125 2625.258966183827 47193
130 584.1 5494.19601390795 4027.2226737129195 55733.531982421875 8.85986328125 2921.093180158527 52893
140 534.4 6329.742279372534 4616.368190631053 63220.77392578125 8.85986328125 3176.9840381271715 58734
150 641.3 5720.811994815833 5341.408151489912 71911.20922851563 8.85986328125 3439.9188994089723 64078
160 546.9 5618.039851972833 4915.219766269762 72486.2080078125 8.85986328125 3647.425778597013 70491
170 613.5 5524.545400685096 5714.240090817207 87644.26904296875 8.85986328125 3789.306878745675 75960
180 559.3 4952.298206795205 4368.885078622876 87644.26904296875 8.85986328125 3918.9821127075284 82095
190 495 5010.651835099061 4937.14118141603 87644.26904296875 8.85986328125 3984.890069488757 87688
200 631.8 6056.817222486544 5334.287593977014 87644.26904296875 8.85986328125 4039.700414485098 92638
