20 0.1 5049 0 5049 5049 0 0
30 0.1 9181.0 0.0 9181 5049 5049.0 1
40 0.1 13192.0 0.0 13192 5049 7115.0 2
50 0.1 16814.0 0.0 16814 5049 9140.666666666666 3
60 0.1 20618.0 0.0 20618 5049 11059.0 4
70 0.1 24218.0 0.0 24218 5049 12970.8 5
90 0.1 41963.0 0.0 41963 5049 14845.333333333334 6
100 0.1 40723.0 0.0 41963 5049 18719.285714285714 7
120 0.1 31984.0 0.0 41963 5049 21469.75 8
130 0.1 35904.0 0.0 41963 5049 22638.0 9
140 0.1 30912.0 0.0 41963 5049 23964.6 10
150 0.1 23976.0 0.0 41963 5049 24596.18181818182 11
160 0.1 32075.0 0.0 41963 5049 24544.5 12
170 0.1 28083.0 0.0 41963 5049 25123.76923076923 13
180 0.1 27935.0 0.0 41963 5049 25335.14285714286 14
200 0.1 33816.0 0.0 41963 5049 25508.466666666667 15
