0 0.8 18.285980224609375 5.530974268017972 27.39990234375 12.803955078125 0 0
10 85.8 14.566905913097319 2.7824057125887407 51.64404296875 10.5419921875 18.285980224609375 8
20 194.3 14.537019408614254 2.8340571591848915 51.64404296875 10.123046875 14.601262257776414 866
30 288.6 15.325229404208894 3.689798666986501 51.64404296875 10.123046875 14.556825142816617 2809
40 376.3 17.84325283029247 17.17670316595799 280.063232421875 10.123046875 14.946221929186787 5695
50 479.2 23.416830276209073 29.006065661477052 342.232177734375 10.123046875 16.098846932449707 9458
60 566.6 65.50494860895866 80.49131550467571 1130.553955078125 10.123046875 18.559743506716014 14250
70 477.6 1270.2854988954386 995.6924620231856 7665.162109375 10.123046875 31.915413927950542 19916
80 502.3 3635.161196047012 1574.5026543221047 11600.406982421875 10.123046875 271.4446349632949 24692
90 612.4 5764.065140179141 2823.5647250912402 19911.650146484375 10.123046875 840.0446109459135 29715
100 553.5 5724.125803304261 3564.7509224758237 29571.549072265625 10.123046875 1681.4381130253323 35839
110 604.1 5499.902918638342 4350.942202459746 39055.51513671875 10.123046875 2222.267531638323 41374
120 558.8 5381.828818231784 4942.447454328283 44842.08203125 10.123046875 2639.8610225772054 47415
130 594.3 5465.465907731536 3977.5157253205543 55735.593017578125 10.123046875 2928.9411886454996 53003
140 529.6 6451.808655338339 4743.887959627872 65671.994140625 10.123046875 3184.676376877582 58946
150 635.2 5687.937616650939 5369.964412084114 71912.52197265625 10.123046875 3454.0131432722796 64242
160 553.2 5594.047466374632 4791.9701406994045 72488.48901367188 10.123046875 3655.020144644935 70594
170 603.6 5507.449944417144 5762.172917665609 87646.4521484375 10.123046875 3795.9273135991516 76126
180 562.4 4960.224440160887 4318.679605027654 87646.4521484375 10.123046875 3921.6636710346743 82162
190 497.2 4986.784022066561 4923.230559599967 87646.4521484375 10.123046875 3988.1989473380236 87786
200 627.1 6100.421542056191 5347.304869250811 87646.4521484375 10.123046875 4041.724950394906 92758
