10 0.1 4.253693326541009 0 4.253693326541009 4.253693326541009 0 0
20 0.1 21.302681992337163 0.0 21.302681992337163 4.253693326541009 4.253693326541009 1
30 0.1 19.872122762148337 0.0 21.302681992337163 4.253693326541009 12.778187659439086 2
40 0.1 19.766852508869743 0.0 21.302681992337163 4.253693326541009 15.142832693675501 3
50 0.1 14.587576374745417 0.0 21.302681992337163 4.253693326541009 16.298837647474063 4
60 0.1 7.702084392475851 0.0 21.302681992337163 4.253693326541009 15.956585392928332 5
70 0.1 4.632426988922457 0.0 21.302681992337163 4.253693326541009 14.580835226186252 6
80 0.1 14.574387471583734 0.0 21.302681992337163 4.253693326541009 13.159634049434283 7
90 0.1 12.915503679269221 0.0 21.302681992337163 4.253693326541009 13.336478227202964 8
100 0.1 9.150823827629912 0.0 21.302681992337163 4.253693326541009 13.289703277432547 9
110 0.1 5.709255533199195 0.0 21.302681992337163 4.253693326541009 12.875815332452285 10
120 0.1 14.017743979721168 0.0 21.302681992337163 4.253693326541009 12.224309896156548 11
130 0.1 11.684023368046736 0.0 21.302681992337163 4.253693326541009 12.3737627364536 12
140 0.1 8.948035487959443 0.0 21.302681992337163 4.253693326541009 12.320705861960763 13
150 0.1 9.171974522292993 0.0 21.302681992337163 4.253693326541009 12.079800835246383 14
160 0.1 8.39928516721981 0.0 21.302681992337163 4.253693326541009 11.885945747716157 15
170 0.1 9.849834563502164 0.0 21.302681992337163 4.253693326541009 11.668029461435134 16
180 0.1 4.0081695174878735 0.0 21.302681992337163 4.0081695174878735 11.561076820380253 17
190 0.1 9.083969465648854 0.0 21.302681992337163 4.0081695174878735 11.141470859108455 18
200 0.1 6.6122032167475115 0.0 21.302681992337163 4.0081695174878735 11.033181312084267 19
