10 566.3 2.618876954849458 20.776070767898734 1201.2880859375 1.18212890625 0 0
20 954.4 15.734903212464971 291.1615030491917 12927.506103515625 1.10302734375 2.618876954849458 5663
30 925.8 1429.2716348466383 1104.8441033112845 12927.506103515625 1.10302734375 10.850569899064784 15207
40 753.5 2381.3953607125163 1488.1969507395681 20335.8349609375 1.10302734375 547.6068429129473 24465
50 469.2 6429.741263647325 3913.1543076136577 22495.2939453125 1.10302734375 979.4067329635645 32000
60 181.3 8583.623600332246 6460.307973380063 28283.02978515625 1.10302734375 1676.369820774755 36692
70 811.5 8819.651168655915 8437.175861738491 41792.341796875 1.10302734375 2001.5964433520235 38505
80 631.2 10123.957732109995 10337.55126558338 50078.970947265625 1.10302734375 3188.3942575056285 46620
90 756.7 10580.541856292144 11636.360967469467 60033.2138671875 1.10302734375 4015.4417269324927 52932
100 290.1 20159.705403982487 13036.753056800202 68204.60595703125 1.10302734375 4836.581128887309 60499
110 764.7 12705.283378975237 12343.45027357832 76774.42993164063 1.10302734375 5537.722824818715 63400
120 812 11714.008264340584 13588.250694397344 89116.498046875 1.10302734375 6309.188693295004 71047
130 607.3 18278.984071723695 20740.53840930516 99136.43994140625 1.10302734375 6863.5501686179305 79167
140 736.8 14774.354881924499 14836.489090458796 105209.07788085938 1.10302734375 7676.85296183193 85240
150 549.4 17282.85379824865 16336.8860023273 107085.498046875 1.10302734375 8241.53845495609 92608
160 395.6 21730.529458442288 14574.501017513316 107085.498046875 1.10302734375 8747.878656950435 98102
170 631.6 13817.937043376649 13865.054123367385 119007.7509765625 1.10302734375 9251.11570422455 102058
180 498.2 20295.156579996583 15152.465140745739 121394.49194335938 1.10302734375 9517.268504509531 108374
190 523.4 17425.355900264112 14671.91767550017 121394.49194335938 1.10302734375 9990.957046731171 113356
200 450.9 19479.483129173444 13436.76089291575 122869.09399414063 1.10302734375 10319.076142771239 118590
200 44.1 19409.848009451176 12634.272745366394 122869.09399414063 1.10302734375 10654.613191014421 123099
