20 0.1 2715 0 2715 2715 0 0
30 0.1 4749.0 0.0 4749 2715 2715.0 1
40 0.1 6289.0 0.0 6289 2715 3732.0 2
50 0.1 6531.0 0.0 6531 2715 4584.333333333333 3
60 0.1 7330.0 0.0 7330 2715 5071.0 4
70 0.1 6166.0 0.0 7330 2715 5522.8 5
80 0.1 8732.0 0.0 8732 2715 5630.0 6
90 0.1 9475.0 0.0 9475 2715 6073.142857142857 7
100 0.1 10103.0 0.0 10103 2715 6498.375 8
110 0.1 10671.0 0.0 10671 2715 6898.888888888889 9
120 0.1 9785.0 0.0 10671 2715 7276.1 10
130 0.1 10854.0 0.0 10854 2715 7504.181818181818 11
140 0.1 9507.0 0.0 10854 2715 7783.333333333333 12
150 0.1 10920.0 0.0 10920 2715 7915.923076923077 13
160 0.1 11855.0 0.0 11855 2715 8130.5 14
170 0.1 11002.0 0.0 11855 2715 8378.8 15
180 0.1 12936.0 0.0 12936 2715 8542.75 16
190 0.1 11947.0 0.0 12936 2715 8801.176470588236 17
200 0.1 12269.0 0.0 12936 2715 8975.944444444445 18
