10 0.1 4.21875 0 4.21875 4.21875 0 0
20 0.1 3.5703125 0.0 4.21875 3.5703125 4.21875 1
30 0.1 3.41015625 0.0 4.21875 3.41015625 3.89453125 2
40 0.1 3.5 0.0 4.21875 3.41015625 3.7330729166666665 3
50 0.1 4.19140625 0.0 4.21875 3.41015625 3.6748046875 4
60 0.1 4.01953125 0.0 4.21875 3.41015625 3.778125 5
70 0.1 3.9296875 0.0 4.21875 3.41015625 3.818359375 6
90 0.1 4.1796875 0.0 4.21875 3.41015625 3.834263392857143 7
100 0.1 4.2890625 0.0 4.2890625 3.41015625 3.87744140625 8
110 0.1 4.48046875 0.0 4.48046875 3.41015625 3.9231770833333335 9
120 0.1 4.55078125 0.0 4.55078125 3.41015625 3.97890625 10
130 0.1 4.69921875 0.0 4.69921875 3.41015625 4.030894886363637 11
140 0.1 4.48828125 0.0 4.69921875 3.41015625 4.086588541666667 12
150 0.1 4.71875 0.0 4.71875 3.41015625 4.117487980769231 13
170 0.1 4.69140625 0.0 4.71875 3.41015625 4.160435267857143 14
180 0.1 4.46875 0.0 4.71875 3.41015625 4.195833333333334 15
190 0.1 4.55078125 0.0 4.71875 3.41015625 4.212890625 16
200 0.1 4.5703125 0.0 4.71875 3.41015625 4.232766544117647 17
