10 0.1 0.91015625 0 0.91015625 0.91015625 0 0
20 0.1 0.76953125 0.0 0.91015625 0.76953125 0.91015625 1
30 0.1 0.73046875 0.0 0.91015625 0.73046875 0.83984375 2
40 0.1 0.76953125 0.0 0.91015625 0.73046875 0.8033854166666666 3
50 0.1 0.80078125 0.0 0.91015625 0.73046875 0.794921875 4
60 0.1 0.91015625 0.0 0.91015625 0.73046875 0.79609375 5
70 0.1 0.9296875 0.0 0.9296875 0.73046875 0.8151041666666666 6
80 0.1 0.94140625 0.0 0.94140625 0.73046875 0.8314732142857143 7
90 0.1 0.94921875 0.0 0.94921875 0.73046875 0.84521484375 8
100 0.1 0.9609375 0.0 0.9609375 0.73046875 0.8567708333333334 9
110 0.1 0.9609375 0.0 0.9609375 0.73046875 0.8671875 10
120 0.1 0.96875 0.0 0.96875 0.73046875 0.8757102272727273 11
130 0.1 0.96875 0.0 0.96875 0.73046875 0.8834635416666666 12
140 0.1 0.98046875 0.0 0.98046875 0.73046875 0.8900240384615384 13
150 0.1 0.98046875 0.0 0.98046875 0.73046875 0.896484375 14
160 0.1 1.05859375 0.0 1.05859375 0.73046875 0.9020833333333333 15
170 0.1 1.05078125 0.0 1.05859375 0.73046875 0.911865234375 16
180 0.1 1.05078125 0.0 1.05859375 0.73046875 0.9200367647058824 17
190 0.1 1.109375 0.0 1.109375 0.73046875 0.9273003472222222 18
200 0.1 1.1015625 0.0 1.109375 0.73046875 0.9368832236842105 19
