10 576.6 2.2924462992244368 1.2807387364431406 13.276123046875 1.064208984375 0 0
20 1496.2 3.0753656333022814 1.6879783939774504 13.276123046875 1.02978515625 2.2924462992244368 5766
30 2125.4 47.51825976369547 164.92526047900182 3244.679931640625 1.02978515625 2.857577478135702 20728
40 2041.4 389.65517879025276 869.643197224063 8524.8251953125 1.02978515625 25.46769946606594 41982
50 1907.6 837.9437573769497 1917.8839265150566 16570.2880859375 1.02978515625 144.61833737432846 62396
60 1958.3 1382.3130414403993 3180.7190287889475 31719.873046875 1.02978515625 306.9547929906139 81472
70 2146.4 1394.7498667031355 4019.308438951572 31754.009033203125 1.02978515625 515.3436958592711 101055
80 2123.4 1748.4868436786235 4831.706020420545 32587.8369140625 1.02978515625 669.4061192466046 122519
90 2045.3 1498.302855878317 4269.9415296388925 35069.10205078125 1.02978515625 828.798967413874 143753
100 2065.7 2028.737114109606 5188.784362336483 35069.10205078125 1.02978515625 912.1903357607264 164206
110 2174.1 2081.298082946392 5308.2195067410685 35581.56396484375 1.02978515625 1036.9557393317646 184863
120 2136 1778.79700942593 4914.355175016904 35581.56396484375 1.02978515625 1146.852192897647 206604
130 2029.1 1773.9216626959603 4724.316921483871 35581.56396484375 1.02978515625 1206.0647934882845 227964
140 2076.3 2194.7883696923273 5133.008889059941 37494.046142578125 1.02978515625 1252.4782946588268 248255
150 2044.2 2139.4441776796316 5567.891386814777 38173.490966796875 1.02978515625 1325.2064544396615 269018
160 2003 2416.9646412095694 6001.590030114113 38173.490966796875 1.02978515625 1382.708864231935 289460
170 2028.2 2120.6096580211024 5375.033720822397 41648.443115234375 1.02978515625 1449.6452538175822 309490
180 2087.3 2426.9397256880643 6198.045488641283 41648.443115234375 1.02978515625 1490.911644069198 329772
190 2038.3 2183.4796240615424 5694.902663630975 41648.443115234375 1.02978515625 1546.6310016748407 350645
200 2033.2 2285.7830639436797 5770.138611238716 41648.443115234375 1.02978515625 1581.6172708246304 371028
201 85 1542.1977691291358 4269.126431306306 41648.443115234375 1.02978515625 1618.2002095656785 391360
