10 0.1 0.921875 0 0.921875 0.921875 0 0
20 0.1 0.9296875 0.0 0.9296875 0.921875 0.921875 1
30 0.1 0.7890625 0.0 0.9296875 0.7890625 0.92578125 2
40 0.1 0.8203125 0.0 0.9296875 0.7890625 0.8802083333333334 3
50 0.1 0.8515625 0.0 0.9296875 0.7890625 0.865234375 4
60 0.1 0.87109375 0.0 0.9296875 0.7890625 0.8625 5
70 0.1 0.890625 0.0 0.9296875 0.7890625 0.8639322916666666 6
80 0.1 0.91015625 0.0 0.9296875 0.7890625 0.8677455357142857 7
90 0.1 0.921875 0.0 0.9296875 0.7890625 0.873046875 8
100 0.1 0.9296875 0.0 0.9296875 0.7890625 0.8784722222222222 9
110 0.1 0.94140625 0.0 0.94140625 0.7890625 0.88359375 10
120 0.1 0.94921875 0.0 0.94921875 0.7890625 0.8888494318181818 11
130 0.1 0.9609375 0.0 0.9609375 0.7890625 0.8938802083333334 12
140 0.1 1.0390625 0.0 1.0390625 0.7890625 0.8990384615384616 13
150 0.1 1.03125 0.0 1.0390625 0.7890625 0.9090401785714286 14
160 0.1 1.03125 0.0 1.0390625 0.7890625 0.9171875 15
170 0.1 1.01953125 0.0 1.0390625 0.7890625 0.92431640625 16
180 0.1 1.01953125 0.0 1.0390625 0.7890625 0.9299172794117647 17
190 0.1 1.01953125 0.0 1.0390625 0.7890625 0.9348958333333334 18
200 0.1 1.01171875 0.0 1.0390625 0.7890625 0.9393503289473685 19
