10 0.1 1.12890625 0 1.12890625 1.12890625 0 0
20 0.1 1.03125 0.0 1.12890625 1.03125 1.12890625 1
30 0.1 1.8203125 0.0 1.8203125 1.03125 1.080078125 2
40 0.1 2.2890625 0.0 2.2890625 1.03125 1.3268229166666667 3
50 0.1 2.328125 0.0 2.328125 1.03125 1.5673828125 4
60 0.1 2.8984375 0.0 2.8984375 1.03125 1.71953125 5
70 0.1 4.01953125 0.0 4.01953125 1.03125 1.916015625 6
80 0.1 3.78125 0.0 4.01953125 1.03125 2.216517857142857 7
90 0.1 4.171875 0.0 4.171875 1.03125 2.412109375 8
110 0.1 4.55078125 0.0 4.55078125 1.03125 2.607638888888889 9
120 0.1 5.76953125 0.0 5.76953125 1.03125 2.801953125 10
130 0.1 6.71875 0.0 6.71875 1.03125 3.0717329545454546 11
140 0.1 6.91015625 0.0 6.91015625 1.03125 3.3756510416666665 12
150 0.1 6.6796875 0.0 6.91015625 1.03125 3.6475360576923075 13
160 0.1 6.328125 0.0 6.91015625 1.03125 3.8641183035714284 14
170 0.1 5.75 0.0 6.91015625 1.03125 4.028385416666667 15
180 0.1 5.671875 0.0 6.91015625 1.03125 4.135986328125 16
200 0.1 5.5703125 0.0 6.91015625 1.03125 4.2263327205882355 17
