10 51.9 25.615073496206644 25.153045114874768 591.088134765625 18.359130859375 0 0
20 145.9 96.68981071822525 555.5423311885609 10247.47509765625 17.02490234375 25.615073496206644 519
30 210.6 385.19808823747644 660.2139206509369 14309.194091796875 17.02490234375 78.04077703863594 1978
40 211.2 2517.0233391270503 1277.7605569311588 23080.9150390625 17.02490234375 236.4328674854425 4084
50 183.3 6122.424301089198 1807.9575804134654 23080.9150390625 17.02490234375 1013.8065079158936 6196
60 216.9 9966.606334779493 3414.194462272141 23080.9150390625 17.02490234375 2180.0907792929847 8029
70 258.4 12892.31363746477 6145.845144831622 29637.7548828125 17.02490234375 3836.1951369954986 10198
80 278.7 14504.247761737666 8912.793393868693 38071.674072265625 17.02490234375 5666.973591479351 12782
90 239.7 16142.632333283642 9576.024916939665 46117.73095703125 17.02490234375 7248.930243320184 15569
100 236.1 15905.106651089647 10861.292568241435 56680.7509765625 17.02490234375 8435.516234060604 17966
110 241.7 18806.13056018406 11547.92629652552 64989.787109375 17.02490234375 9303.116124580876 20327
120 256.1 19662.2515735201 13692.478778989092 82593.03002929688 17.02490234375 10312.99942966586 22744
130 245.4 20928.274480619177 15254.610000751016 84940.30688476563 17.02490234375 11259.193254617876 25305
140 216.5 22558.517618382823 16059.768507690795 90053.34301757813 17.02490234375 12113.976399853915 27759
150 254.7 23487.05802571806 16039.174486701424 98928.5400390625 17.02490234375 12869.638468364645 29924
160 235.9 25804.965121732923 17699.866606392716 109386.9677734375 17.02490234375 13702.460605427845 32471
170 252.9 26906.020438788935 19259.94292120456 118815.11303710938 17.02490234375 14522.150762015948 34830
180 252.2 29548.259218099476 20121.496756879802 130218.17993164063 17.02490234375 15360.471017176922 37359
190 260.6 28063.18830989858 21786.39236685785 132600.13793945313 17.02490234375 16257.680260744704 39881
200 217.3 31888.72261917388 23385.544695181165 157933.03295898438 17.02490234375 16981.787728348794 42487
