10 0.1 3.12890625 0 3.12890625 3.12890625 0 0
20 0.1 2.73046875 0.0 3.12890625 2.73046875 3.12890625 1
30 0.1 2.37890625 0.0 3.12890625 2.37890625 2.9296875 2
40 0.1 2.171875 0.0 3.12890625 2.171875 2.74609375 3
50 0.1 2.3515625 0.0 3.12890625 2.171875 2.6025390625 4
60 0.1 2.37109375 0.0 3.12890625 2.171875 2.55234375 5
70 0.1 2.4296875 0.0 3.12890625 2.171875 2.5221354166666665 6
90 0.1 2.6015625 0.0 3.12890625 2.171875 2.5089285714285716 7
100 0.1 2.53125 0.0 3.12890625 2.171875 2.5205078125 8
110 0.1 2.640625 0.0 3.12890625 2.171875 2.521701388888889 9
130 0.1 2.69140625 0.0 3.12890625 2.171875 2.53359375 10
140 0.1 2.91015625 0.0 3.12890625 2.171875 2.547940340909091 11
150 0.1 3.16015625 0.0 3.16015625 2.171875 2.578125 12
160 0.1 3.05078125 0.0 3.16015625 2.171875 2.6228966346153846 13
170 0.1 2.96875 0.0 3.16015625 2.171875 2.6534598214285716 14
190 0.1 2.8984375 0.0 3.16015625 2.171875 2.6744791666666665 15
200 0.1 2.98828125 0.0 3.16015625 2.171875 2.6884765625 16
