10 59.5 25.109006532300405 41.14719046997852 1021.751953125 16.673095703125 0 0
20 140.5 47.138475519906585 55.557164030203076 1070.64599609375 16.408935546875 25.109006532300405 595
30 166.3 813.4233173822241 907.010722697905 5515.003173828125 16.408935546875 40.58470849609374 2000
40 341 2292.893834482675 899.4734822836369 9116.614990234375 16.408935546875 391.45301496009455 3663
50 295.4 2840.3328205333323 741.048853988337 10047.498046875 16.408935546875 1308.1663183069063 7073
60 276.8 5524.765984860464 1594.5220916062933 13247.5 16.408935546875 1759.5495682896392 10027
70 318.6 8823.780117880211 2858.0611737682175 22414.7001953125 16.408935546875 2574.0958004950353 12795
80 333.4 10908.219105300033 4034.131334779867 28237.0048828125 16.408935546875 3820.0437533884196 15981
90 363.5 11086.878628124467 4271.234233684187 35532.06591796875 16.408935546875 5043.547590989938 19315
100 384.2 11257.969542853332 5314.814533417375 47421.279052734375 16.408935546875 6000.737496000133 22950
110 301 11396.117298296069 5650.920343182731 47421.279052734375 16.408935546875 6754.629908810301 26792
120 351.7 11564.218812822657 5069.844791270366 53307.911865234375 16.408935546875 7223.419823660048 29802
130 355.7 11966.45046045595 5261.233750119005 59188.429931640625 16.408935546875 7681.614548738378 33319
140 348.3 11812.889932321943 5355.246028967815 80396.74609375 16.408935546875 8094.922969878942 36876
150 354 11562.190428515074 5096.596964049635 80396.74609375 16.408935546875 8415.785204577249 40359
160 351.7 11688.501085200562 4988.588540697581 82937.43701171875 16.408935546875 8669.51022092705 43899
170 313.4 11894.441280440464 5170.27970499347 93477.087890625 16.408935546875 8893.438660054137 47416
180 345.3 13144.092517701432 5163.834066657319 93477.087890625 16.408935546875 9079.494885816564 50550
190 370.6 12789.517811988786 5730.223758298992 93477.087890625 16.408935546875 9339.388884722151 54003
200 333.3 13119.426784475327 6158.196976229461 93477.087890625 16.408935546875 9560.95186111145 57709
200 12.1 15604.864328431688 8463.961369441651 93477.087890625 16.408935546875 9755.250817888289 61042
