20 0.1 3892 0 3892 3892 0 0
30 0.1 7034.0 0.0 7034 3892 3892.0 1
40 0.1 11254.0 0.0 11254 3892 5463.0 2
50 0.1 16022.0 0.0 16022 3892 7393.333333333333 3
60 0.1 18326.0 0.0 18326 3892 9550.5 4
70 0.1 22962.0 0.0 22962 3892 11305.6 5
90 0.1 20726.0 0.0 22962 3892 13248.333333333334 6
100 0.1 19342.0 0.0 22962 3892 14316.57142857143 7
110 0.1 19599.0 0.0 22962 3892 14944.75 8
130 0.1 22299.0 0.0 22962 3892 15461.888888888889 9
140 0.1 19083.0 0.0 22962 3892 16145.6 10
150 0.1 22063.0 0.0 22962 3892 16412.636363636364 11
160 0.1 17740.0 0.0 22962 3892 16883.5 12
170 0.1 19328.0 0.0 22962 3892 16949.384615384617 13
190 0.1 20071.0 0.0 22962 3892 17119.285714285717 14
200 0.1 21899.0 0.0 22962 3892 17316.06666666667 15
