10 617.36640625 617.36640625
20 1459.79296875 2077.159375
30 2051.32109375 4128.48046875
40 3551.22109375 7679.7015625
50 3601.63671875 11281.33828125
60 3636.26171875 14917.6
70 3628.025 18545.625
80 3678.9453125 22224.5703125
90 3673.93359375 25898.50390625
100 3571.3859375 29469.88984375
110 3513.00390625 32982.89375
120 3768.5046875 36751.3984375
130 3588.79140625 40340.18984375
140 3576.23515625 43916.425
150 3628.83125 47545.25625
160 3686.6375 51231.89375
170 3557.7703125 54789.6640625
180 3639.21953125 58428.88359375
190 3580.0296875 62008.91328125
200 3694.74921875 65703.6625
200 125.690625 65829.353125
