10 0.1 2.9609375 0 2.9609375 2.9609375 0 0
20 0.1 2.390625 0.0 2.9609375 2.390625 2.9609375 1
30 0.1 2.1796875 0.0 2.9609375 2.1796875 2.67578125 2
40 0.1 2.23046875 0.0 2.9609375 2.1796875 2.5104166666666665 3
50 0.1 2.3515625 0.0 2.9609375 2.1796875 2.4404296875 4
60 0.1 2.44921875 0.0 2.9609375 2.1796875 2.42265625 5
70 0.1 2.44140625 0.0 2.9609375 2.1796875 2.4270833333333335 6
80 0.1 2.6015625 0.0 2.9609375 2.1796875 2.4291294642857144 7
90 0.1 2.51953125 0.0 2.9609375 2.1796875 2.45068359375 8
100 0.1 2.671875 0.0 2.9609375 2.1796875 2.4583333333333335 9
110 0.1 2.48828125 0.0 2.9609375 2.1796875 2.4796875 10
130 0.1 2.55859375 0.0 2.9609375 2.1796875 2.48046875 11
140 0.1 2.5703125 0.0 2.9609375 2.1796875 2.4869791666666665 12
150 0.1 2.75 0.0 2.9609375 2.1796875 2.493389423076923 13
160 0.1 2.7890625 0.0 2.9609375 2.1796875 2.51171875 14
180 0.1 2.44921875 0.0 2.9609375 2.1796875 2.5302083333333334 15
190 0.1 2.640625 0.0 2.9609375 2.1796875 2.525146484375 16
200 0.1 2.9296875 0.0 2.9609375 2.1796875 2.531939338235294 17
