0 6.2 35.874877929687514 20.23776505634939 120.8330078125 20.719970703125 0 0
10 86.5 27.541560637192926 82.97459759450572 2462.022216796875 16.107177734375 35.874877929687514 62
20 181.3 63.4249303263324 405.95094123131645 12664.4228515625 16.107177734375 28.0989130343177 927
30 235.7 342.26539214971297 591.6523872184487 12664.4228515625 16.107177734375 51.47339089943546 2740
40 271.2 1650.1398364941997 1218.6932101846492 12664.4228515625 16.107177734375 185.9440102729697 5097
50 202 4814.118199716699 1877.6409109337683 17763.75390625 16.107177734375 694.4469018995512 7809
60 268 9264.562994749178 2970.3306938333612 22155.80517578125 16.107177734375 1541.0982419738862 9829
70 270.6 11809.342546348817 5005.62644050562 27462.43701171875 16.107177734375 3195.8176869685126 12509
80 303.3 12939.560747709453 6629.5320456631225 41148.906005859375 16.107177734375 4727.740018186593 15215
90 283.5 14480.155246310758 7894.774504158266 45297.818115234375 16.107177734375 6092.62670563962 18248
100 303 15477.94064490189 8811.535562211195 65488.508056640625 16.107177734375 7220.485331679684 21083
110 317.4 15920.16162640115 9557.181145348819 66060.72216796875 16.107177734375 8258.103612236368 24113
120 285.8 16208.44587091404 10058.233658501327 87220.88989257813 16.107177734375 9149.347506286978 27287
130 216.4 18226.53714220534 11024.207348344025 87220.88989257813 16.107177734375 9818.609510801962 30145
140 278.3 21772.74280500121 11707.412198950404 93463.87377929688 16.107177734375 10381.757717009425 32309
150 303.5 21637.013716117934 11886.59448036449 102482.32495117188 16.107177734375 11285.129183437131 35092
160 288.4 22618.66730168063 13004.484197557484 113353.82495117188 16.107177734375 12109.163845400733 38127
170 269.4 22710.414646570658 14099.374451848624 113353.82495117188 16.107177734375 12848.219415074997 41011
180 252.5 23492.88191067839 15092.108285476412 113353.82495117188 16.107177734375 13456.130499702598 43705
190 259.5 25256.8772817505 14509.501907647282 113353.82495117188 16.107177734375 14004.319928919856 46230
200 311.7 24738.568084609098 16488.32362313682 119886.8740234375 16.107177734375 14602.382116950488 48825
