10 58.2 1.1056973696574293 0.2636349772310496 2.359130859375 0.43701171875 0 0
20 151.2 0.9778041940517518 0.2306902262158147 2.52001953125 0.43701171875 1.1056973696574293 582
30 244.3 0.9100663087136721 0.2125301256902587 2.7080078125 0.4208984375 1.0133504348361377 2094
40 315.2 80.4084806490671 270.31919751385936 1005.711181640625 0.4208984375 0.9577359053855793 4537
50 231.8 931.0694253574277 1405.4723673667518 7024.156982421875 0.4208984375 33.52747806068329 7689
60 244.9 4013.1842333605555 5003.453326795243 15046.501953125 0.4208984375 241.43216816099843 10007
70 236.7 4185.225830800134 5675.225445071162 31068.18310546875 0.4208984375 983.0041662080212 12456
80 236.7 4643.483699307031 7075.515247514427 31103.052978515625 0.4208984375 1494.3486093092513 14823
90 241 5544.9607405666475 8022.891018944775 31103.052978515625 0.4208984375 1927.972969869155 17190
100 241.9 6792.789749505058 10060.353186396169 31113.27392578125 0.4208984375 2372.7148335110405 19600
110 247.5 5925.954923157354 8109.980458708441 31113.27392578125 0.4208984375 2858.3027903569246 22019
120 253.9 5649.952651911431 8911.983784506536 31113.27392578125 0.4208984375 3168.2741722741716 24494
130 222 4857.787354175464 7763.836492060318 31113.27392578125 0.4208984375 3401.358981943798 27033
140 241.6 7989.469090543838 10280.562172057254 31113.27392578125 0.4208984375 3511.8868247754494 29253
150 235.1 5845.552033314451 7554.07920393576 31113.27392578125 0.4208984375 3853.477615583382 31669
160 225.5 5858.645595291713 8383.235112672563 31113.27392578125 0.4208984375 3991.1427230520985 34020
170 241.8 6518.121601417104 8822.474504764119 31113.27392578125 0.4208984375 4107.2342179356365 36275
180 230.7 7868.8300931523045 9934.076240922932 31113.27392578125 0.4208984375 4257.895208121411 38693
190 241 7174.298436081753 9961.142325456414 31113.27392578125 0.4208984375 4461.0763490913205 41000
200 223.4 6659.2964311973665 8937.46406391555 31113.27392578125 0.4208984375 4611.706739085491 43410
