10 0.1 2.532928064842958 0 2.532928064842958 2.532928064842958 0 0
20 0.1 24.563318777292576 0.0 24.563318777292576 2.532928064842958 2.532928064842958 1
30 0.1 59.89010989010989 0.0 59.89010989010989 2.532928064842958 13.548123421067768 2
40 0.1 93.70558375634518 0.0 93.70558375634518 2.532928064842958 28.995452244081807 3
50 0.1 100.0 0.0 100.0 2.532928064842958 45.17298512214765 4
60 0.1 100.0 0.0 100.0 2.532928064842958 56.13838809771812 5
70 0.1 100.0 0.0 100.0 2.532928064842958 63.448656748098436 6
80 0.1 100.0 0.0 100.0 2.532928064842958 68.6702772126558 7
90 0.1 100.0 0.0 100.0 2.532928064842958 72.58649256107383 8
100 0.1 100.0 0.0 100.0 2.532928064842958 75.63243783206562 9
110 0.1 100.0 0.0 100.0 2.532928064842958 78.06919404885906 10
120 0.1 100.0 0.0 100.0 2.532928064842958 80.06290368078096 11
130 0.1 100.0 0.0 100.0 2.532928064842958 81.72432837404922 12
140 0.1 100.0 0.0 100.0 2.532928064842958 83.13014926835314 13
150 0.1 100.0 0.0 100.0 2.532928064842958 84.3351386063279 14
160 0.1 100.0 0.0 100.0 2.532928064842958 85.37946269923938 15
170 0.1 100.0 0.0 100.0 2.532928064842958 86.29324628053692 16
180 0.1 100.0 0.0 100.0 2.532928064842958 87.09952591109356 17
190 0.1 100.0 0.0 100.0 2.532928064842958 87.81621891603282 18
200 0.1 100.0 0.0 100.0 2.532928064842958 88.4574705520311 19
