10 58 11.378398184940739 2.3846840969507372 22.62890625 7.92822265625 0 0
20 150.2 15.362649605213882 8.011388639389418 58.179931640625 7.92822265625 11.378398184940739 580
30 227 150.04697695828733 193.76419919004317 727.052978515625 7.92822265625 14.252723657203111 2082
40 195.3 2670.249998999936 1204.9375363429122 4679.399169921875 7.92822265625 85.08290633033299 4352
50 222.7 6204.831458774769 957.1196501152134 9911.2060546875 7.92822265625 885.8491762722417 6305
60 241.9 7859.750550754602 2711.4994919056544 20862.31494140625 7.92822265625 2274.19581752085 8532
70 238.2 11606.73123099764 5708.931438084492 23026.675048828125 7.92822265625 3508.006145316709 10951
80 237.8 10123.352716675312 5605.40285251559 37613.773193359375 7.92822265625 4954.879553708817 13333
90 239.3 11696.31720794536 8143.581512041423 38367.906005859375 7.92822265625 5737.174072296706 15711
100 248.1 12117.774368894994 8760.910393330487 40268.723876953125 7.92822265625 6524.857983233915 18104
110 234.2 12257.390175914687 9430.679352099181 63410.2509765625 7.92822265625 7198.942294762948 20585
120 232 13477.67006699134 9289.434338247765 63410.2509765625 7.92822265625 7715.664279220459 22927
130 245.8 11864.117087777779 7476.340975230588 67116.75390625 7.92822265625 8245.147125801379 25247
140 222.8 13511.760551849851 9218.087831978188 67116.75390625 7.92822265625 8566.223760579867 27705
150 214.6 14093.53408435206 9000.96364286599 76462.02416992188 7.92822265625 8934.334406721235 29933
160 235.3 14174.677181868066 8885.105871318214 116449.30297851563 7.92822265625 9279.471178696538 32079
170 224.3 13382.10793007501 9161.274205526879 119399.03491210938 7.92822265625 9613.997773883068 34432
180 239.7 14750.215657246528 9215.428708220445 119399.03491210938 7.92822265625 9844.450973074303 36675
190 214.9 15777.100940049326 10550.939988161883 119399.03491210938 7.92822265625 10145.41119901515 39072
200 233.3 16033.03431876288 11025.405323077199 146463.9609375 7.92822265625 10439.011578760486 41221
