10 0.1 2.545176889793841 0 2.545176889793841 2.545176889793841 0 0
20 0.1 16.306775874906926 0.0 16.306775874906926 2.545176889793841 2.545176889793841 1
30 0.1 24.793801549612596 0.0 24.793801549612596 2.545176889793841 9.425976382350383 2
40 0.1 36.93210821847882 0.0 36.93210821847882 2.545176889793841 14.548584771437788 3
50 0.1 46.47629028032486 0.0 46.47629028032486 2.545176889793841 20.144465633198045 4
60 0.1 44.83957219251337 0.0 46.47629028032486 2.545176889793841 25.41083056262341 5
70 0.1 35.74954533645103 0.0 46.47629028032486 2.545176889793841 28.64895416760507 6
80 0.1 43.61004915346805 0.0 46.47629028032486 2.545176889793841 29.663324334583063 7
90 0.1 41.46067415730337 0.0 46.47629028032486 2.545176889793841 31.406664936943688 8
100 0.1 40.79954635667706 0.0 46.47629028032486 2.545176889793841 32.52377707253921 9
110 0.1 41.083965178320696 0.0 46.47629028032486 2.545176889793841 33.351354000952995 10
120 0.1 41.84797965526985 0.0 46.47629028032486 2.545176889793841 34.054318653440966 11
130 0.1 40.563056592933066 0.0 46.47629028032486 2.545176889793841 34.70379040359337 12
140 0.1 40.84024006859103 0.0 46.47629028032486 2.545176889793841 35.154503187388734 13
150 0.1 40.827389443651924 0.0 46.47629028032486 2.545176889793841 35.560627250331756 14
160 0.1 40.563620836891545 0.0 46.47629028032486 2.545176889793841 35.911744729886436 15
170 0.1 41.357850070721355 0.0 46.47629028032486 2.545176889793841 36.20248698657426 16
180 0.1 41.91483440022266 0.0 46.47629028032486 2.545176889793841 36.50574363858291 17
190 0.1 40.9477866061294 0.0 46.47629028032486 2.545176889793841 36.80624868089623 18
200 0.1 41.119909502262445 0.0 46.47629028032486 2.545176889793841 37.02422436117166 19
