20 0.1 2612 0 2612 2612 0 0
30 0.1 4784.0 0.0 4784 2612 2612.0 1
40 0.1 7354.0 0.0 7354 2612 3698.0 2
50 0.1 9579.0 0.0 9579 2612 4916.666666666667 3
60 0.1 10494.0 0.0 10494 2612 6082.25 4
70 0.1 8342.0 0.0 10494 2612 6964.6 5
80 0.1 10058.0 0.0 10494 2612 7194.166666666667 6
90 0.1 11987.0 0.0 11987 2612 7603.285714285715 7
100 0.1 9746.0 0.0 11987 2612 8151.25 8
110 0.1 11676.0 0.0 11987 2612 8328.444444444445 9
120 0.1 12650.0 0.0 12650 2612 8663.2 10
130 0.1 11318.0 0.0 12650 2612 9025.636363636364 11
140 0.1 12698.0 0.0 12698 2612 9216.666666666666 12
150 0.1 12560.0 0.0 12698 2612 9484.461538461539 13
160 0.1 13114.0 0.0 13114 2612 9704.142857142857 14
170 0.1 13728.0 0.0 13728 2612 9931.466666666667 15
180 0.1 14445.0 0.0 14445 2612 10168.75 16
190 0.1 14322.0 0.0 14445 2612 10420.29411764706 17
200 0.1 13235.0 0.0 14445 2612 10637.055555555555 18
