10 52.6 23.85877903695342 2.6373369629211667 36.695068359375 17.689208984375 0 0
20 151.3 60.917523068303886 240.25982701638372 4185.39501953125 17.16796875 23.85877903695342 526
30 230.6 191.4625031338084 400.185313238249 8521.670166015625 17.16796875 51.35749395575345 2039
40 252.7 1274.2741576520468 964.6108229253093 8521.670166015625 17.16796875 125.71472092113775 4345
50 215.9 4717.690380497516 1765.8582020152146 13197.763916015625 17.16796875 548.0677035490493 6872
60 230.3 8998.144339584245 2741.3637478726573 24417.825927734375 17.16796875 1544.8803886926369 9031
70 327.7 11234.012010645933 4982.909303855385 37117.514892578125 17.16796875 3059.3383804787118 11334
80 274.5 12262.779711958527 6676.896599582698 37117.514892578125 17.16796875 4892.7793144365505 14611
90 243.6 14510.913448440233 7298.612315894724 44145.406982421875 17.16796875 6058.407978368206 17356
100 307.3 15969.884777859837 7782.081474460194 51266.4619140625 17.16796875 7098.742624947402 19792
110 315.9 16690.363909106498 8998.002455903354 63575.950927734375 17.16796875 8291.002403469156 22865
120 221.9 17521.385381312633 10580.461942920432 70798.11791992188 17.16796875 9310.583674461639 26024
130 295 18291.994034444484 10267.149737462136 79343.00903320313 17.16796875 9955.69109886777 28243
140 278.7 20405.44469404548 10948.679546519897 79343.00903320313 17.16796875 10744.076110246968 31193
150 315.1 20048.90547938037 11536.510926606867 98832.33520507813 17.16796875 11536.490302214197 33980
160 307.3 20628.14559083461 12811.272254616126 102066.80493164063 17.16796875 12258.868375071124 37131
170 289.3 20367.372485849417 14214.299803991642 116052.2568359375 17.16796875 12898.57559037411 40204
180 309.8 20921.017666545158 15015.777306385346 123909.14208984375 17.16796875 13399.93831674973 43097
190 276.3 20219.98337245945 13557.439453283163 123909.14208984375 17.16796875 13904.328485072412 46195
200 191.6 23795.97838043022 14851.864197856448 126299.63598632813 17.16796875 14260.759598554383 48958
