10 546.18125 546.18125
20 1575.890625 2122.071875
30 2467.16171875 4589.23359375
40 3042.59453125 7631.828125
50 3175.28203125 10807.11015625
60 3178.5578125 13985.66796875
70 3125.4 17111.06796875
80 3187.7546875 20298.82265625
90 3066.0921875 23364.91484375
100 3174.50546875 26539.4203125
110 3125.72890625 29665.14921875
120 2874.81328125 32539.9625
130 3189.909375 35729.871875
140 2895.73671875 38625.60859375
150 3304.41640625 41930.025
160 3024.72890625 44954.75390625
170 3139.7484375 48094.50234375
180 3156.303125 51250.80546875
190 3089.26328125 54340.06875
200 2554.5 56894.56875
