10 0.1 2719.20703125 0 2719.20703125 2719.20703125 0 0
20 0.1 2732.3515625 0.0 2732.3515625 2719.20703125 2719.20703125 1
30 0.1 2746.03515625 0.0 2746.03515625 2719.20703125 2725.779296875 2
40 0.1 2754.4375 0.0 2754.4375 2719.20703125 2732.53125 3
50 0.1 2757.1171875 0.0 2757.1171875 2719.20703125 2738.0078125 4
60 0.1 2731.078125 0.0 2757.1171875 2719.20703125 2741.8296875 5
70 0.1 2734.16015625 0.0 2757.1171875 2719.20703125 2740.0377604166665 6
80 0.1 2732.92578125 0.0 2757.1171875 2719.20703125 2739.1981026785716 7
100 0.1 2728.265625 0.0 2757.1171875 2719.20703125 2738.4140625 8
110 0.1 2734.23046875 0.0 2757.1171875 2719.20703125 2737.2864583333335 9
120 0.1 2728.55859375 0.0 2757.1171875 2719.20703125 2736.980859375 10
130 0.1 2723.53125 0.0 2757.1171875 2719.20703125 2736.2151988636365 11
140 0.1 2712.30859375 0.0 2757.1171875 2712.30859375 2735.158203125 12
150 0.1 2700.15625 0.0 2757.1171875 2700.15625 2733.4005408653848 13
160 0.1 2694.421875 0.0 2757.1171875 2694.421875 2731.025948660714 14
180 0.1 2680.8359375 0.0 2757.1171875 2680.8359375 2728.5856770833334 15
190 0.1 2664.54296875 0.0 2757.1171875 2664.54296875 2725.601318359375 16
200 0.1 2661.515625 0.0 2757.1171875 2661.515625 2722.009650735294 17
