10 419.6 2.2314207587955712 0.9225462118415078 47.303955078125 1.220947265625 0 0
20 1382.2 3.798098387930012 108.99188847718993 12737.69091796875 1.147216796875 2.2314207587955712 4196
30 2220.7 19.987841924403856 90.1287310614316 12737.69091796875 1.147216796875 3.4332532701673237 18018
40 2716.7 184.8188178564816 293.224234448487 22329.5380859375 1.147216796875 12.572538546603138 40225
50 2723.7 603.6815239641966 793.9707837209882 22329.5380859375 1.147216796875 82.00829753893854 67392
60 2702.4 1210.8445962529913 1602.6095639465937 22501.908935546875 1.147216796875 232.1611435813225 94629
70 2800.3 1249.2980068803301 2367.9100750293546 37706.363037109375 1.147216796875 449.56590651359033 121653
80 2788.5 1353.5522877337974 2847.2610379641337 50068.761962890625 1.147216796875 599.2084066911297 149656
90 2843.9 1697.9294257006254 3195.7711476639693 50068.761962890625 1.147216796875 717.6874009678025 177541
100 2840 1568.0988980059535 3515.730859200349 54327.968994140625 1.147216796875 853.0262830989647 205980
110 2851.3 1687.7461670187301 3600.7883910993314 55529.33203125 1.147216796875 939.6721669771048 234380
120 2881.7 1862.1753652781579 4059.9405717691056 61842.307861328125 1.147216796875 1020.807206568067 262893
130 2747.2 1992.4370153179407 4346.906922292446 72562.70483398438 1.147216796875 1103.9229935810206 291710
140 2744.1 2133.452808055803 4643.753081978024 72562.70483398438 1.147216796875 1180.3974100742962 319182
150 2713.5 2110.7168332239394 5338.053710173911 81609.80493164063 1.147216796875 1255.8476634504727 346623
160 2811 2465.516295383581 5979.505197364401 109230.94995117188 1.147216796875 1317.9115521747356 373758
170 2917.6 2392.8431874958446 5716.4934721259215 109230.94995117188 1.147216796875 1398.1846003686715 401868
180 2834.5 2518.2094441810646 6350.617769935773 109230.94995117188 1.147216796875 1465.5098825626526 431044
190 2848.2 3178.357743675696 7483.203210925612 109230.94995117188 1.147216796875 1530.4630466002632 459389
200 2823.6 3339.9903077659046 7801.263429247446 127820.916015625 1.147216796875 1626.667446456173 487871
