10 594 0.8948166150436655 0.23273185602414437 3.27685546875 0.389892578125 0 0
20 1423.5 0.8804783544081486 0.263360133958611 5.426025390625 0.384033203125 0.8948166150436655 5940
30 1715.7 0.8864885972653287 0.2949311505418123 5.426025390625 0.304931640625 0.8846998794725833 20175
40 1725.4 224.27870706894507 569.713308508729 3012.77197265625 0.304931640625 0.8855219364523896 37332
50 1600.9 1192.6242700944135 1271.5650460797751 7011.123046875 0.304931640625 71.4975106565643 54586
60 1622.3 870.4938019763853 948.1994986758696 15035.54296875 0.304931640625 325.73815506254954 70595
70 1638.2 2241.4326179624495 4385.767181143501 15053.43505859375 0.304931640625 427.53237814858187 86818
80 1555.2 1615.8545506952228 2653.727146348877 15053.43505859375 0.304931640625 715.4714646663219 103200
90 1850 2764.372293641789 6266.172056266063 31105.8701171875 0.304931640625 833.3874387460971 118752
100 1403.6 5245.555893974939 9200.220875727737 31135.757080078125 0.304931640625 1093.6621146383995 137252
110 1910 2386.245891701266 2216.0622297765267 31135.757080078125 0.304931640625 1478.8610801000862 151288
120 1543.5 3304.7740842393546 4859.770011583462 31135.757080078125 0.304931640625 1580.5762824710428 170388
130 1195.1 2781.01598619575 2951.6974396041323 31135.757080078125 0.304931640625 1723.7931774210429 185823
140 1608.3 3114.0407927060746 3559.0988768959114 31135.757080078125 0.304931640625 1787.6785707875447 197774
150 1545.8 3074.4482237403263 4531.102154396483 31135.757080078125 0.304931640625 1887.4269241971394 213857
160 1429.5 4330.644730080722 6986.002747710133 31135.757080078125 0.304931640625 1967.4433873519201 229315
170 1130.4 3774.559277944166 5265.57070530618 31135.757080078125 0.304931640625 2106.1157045569125 243610
180 1517.8 6111.594093112632 7075.18973074691 31135.757080078125 0.304931640625 2180.1017788940203 254914
190 1637.1 6436.784757193201 7978.556758768342 31135.757080078125 0.304931640625 2401.034610467003 270092
200 1673 6146.358980755942 7627.240308238193 31135.757080078125 0.304931640625 2631.67265325806 286463
200 0.5 2604.57763671875 802.3779385677963 31135.757080078125 0.304931640625 2825.6108452975845 303193
