10 594 2.459214746751367 0.9124719435582263 21.472900390625 1.18408203125 0 0
20 1392.4 45.22086413788123 57.759757582830275 202.72802734375 1.10595703125 2.459214746751367 5940
30 1576.9 501.49534415823626 200.17142049519134 961.262939453125 1.10595703125 32.43370156320788 19864
40 1632.7 1416.674877016047 522.9111583338215 4476.27099609375 1.10595703125 240.0118746634521 35633
50 1621.2 2697.2996046704893 1234.106879128797 6226.8349609375 1.10595703125 609.7458400100807 51960
60 1636.4 2744.6531636739946 1004.7180021225355 16523.20703125 1.10595703125 1106.1875115566768 68172
70 1604.4 4073.1623180145016 4245.931881857189 20599.81396484375 1.10595703125 1423.3524109042658 84536
80 1536.6 3862.0489224701114 2913.7512564231897 21246.110107421875 1.10595703125 1846.0363455799134 100580
90 1464.7 3744.568219411264 3067.3774321143583 35959.508056640625 1.10595703125 2113.212869621232 115946
100 1607.8 8700.056835764424 10230.783913350193 37937.27294921875 1.10595703125 2296.181802170255 130593
110 1411.3 5904.87517335316 3235.689196316339 37937.27294921875 1.10595703125 2998.171307867544 146671
120 1561.7 6499.206082311016 2919.95940088309 37937.27294921875 1.10595703125 3253.310573301906 160784
130 1604.8 7098.72428404179 4987.93390840479 37937.27294921875 1.10595703125 3540.6737411081845 176401
140 1404.2 6391.055705998627 3786.842362980025 47224.964111328125 1.10595703125 3837.373620624308 192449
150 1410.8 6473.057489181523 3969.509580035993 47224.964111328125 1.10595703125 4011.0315710571413 206491
160 1438.3 8627.355158698358 7398.465720722927 47224.964111328125 1.10595703125 4168.485873446993 220599
170 1623.3 7924.78532738757 4947.2714464329865 47224.964111328125 1.10595703125 4441.408552332057 234982
180 1474.8 9401.210230339811 6109.485927088701 47224.964111328125 1.10595703125 4666.497242057893 251215
190 1322.1 11800.731771350365 8541.172320104468 68358.32202148438 1.10595703125 4929.043337383866 265963
200 1313.7 11115.40515459154 9052.709052609467 68358.32202148438 1.10595703125 5254.458091759014 279184
200 53.1 8743.599905929994 5056.609889025873 68358.32202148438 1.10595703125 5517.850942647014 292321
