20 0.1 3519 0 3519 3519 0 0
30 0.1 7412.0 0.0 7412 3519 3519.0 1
40 0.1 10475.0 0.0 10475 3519 5465.5 2
50 0.1 13347.0 0.0 13347 3519 7135.333333333333 3
60 0.1 15780.0 0.0 15780 3519 8688.25 4
70 0.1 10901.0 0.0 15780 3519 10106.6 5
80 0.1 16079.0 0.0 16079 3519 10239.0 6
90 0.1 14578.0 0.0 16079 3519 11073.285714285714 7
100 0.1 16907.0 0.0 16907 3519 11511.375 8
110 0.1 14392.0 0.0 16907 3519 12110.888888888889 9
120 0.1 17388.0 0.0 17388 3519 12339.0 10
130 0.1 15469.0 0.0 17388 3519 12798.0 11
140 0.1 18452.0 0.0 18452 3519 13020.583333333334 12
150 0.1 17653.0 0.0 18452 3519 13438.384615384615 13
160 0.1 15402.0 0.0 18452 3519 13739.42857142857 14
170 0.1 19937.0 0.0 19937 3519 13850.266666666666 15
180 0.1 18864.0 0.0 19937 3519 14230.6875 16
190 0.1 19188.0 0.0 19937 3519 14503.235294117647 17
200 0.1 19304.0 0.0 19937 3519 14763.5 18
