10 0.1 1726.1328125 0 1726.1328125 1726.1328125 0 0
20 0.1 1725.76171875 0.0 1726.1328125 1725.76171875 1726.1328125 1
30 0.1 1725.375 0.0 1726.1328125 1725.375 1725.947265625 2
40 0.1 1725.125 0.0 1726.1328125 1725.125 1725.7565104166667 3
50 0.1 1724.93359375 0.0 1726.1328125 1724.93359375 1725.5986328125 4
60 0.1 1725.04296875 0.0 1726.1328125 1724.93359375 1725.465625 5
70 0.1 1724.66015625 0.0 1726.1328125 1724.66015625 1725.3951822916667 6
80 0.1 1724.68359375 0.0 1726.1328125 1724.66015625 1725.2901785714287 7
90 0.1 1719.94140625 0.0 1726.1328125 1719.94140625 1725.21435546875 8
100 0.1 1716.4140625 0.0 1726.1328125 1716.4140625 1724.6284722222222 9
110 0.1 1702.56640625 0.0 1726.1328125 1702.56640625 1723.80703125 10
120 0.1 1673.90234375 0.0 1726.1328125 1673.90234375 1721.876065340909 11
130 0.1 1650.0234375 0.0 1726.1328125 1650.0234375 1717.8782552083333 12
140 0.1 1644.203125 0.0 1726.1328125 1644.203125 1712.6586538461538 13
160 0.1 1639.7578125 0.0 1726.1328125 1639.7578125 1707.7689732142858 14
170 0.1 1645.92578125 0.0 1726.1328125 1639.7578125 1703.2348958333334 15
180 0.1 1637.11328125 0.0 1726.1328125 1637.11328125 1699.653076171875 16
190 0.1 1635.87109375 0.0 1726.1328125 1635.87109375 1695.9742647058824 17
200 0.1 1648.75 0.0 1726.1328125 1635.87109375 1692.6351996527778 18
