10 93.1 10.345498844068882 1.4526158666384223 21.787841796875 7.970947265625 0 0
20 185.9 10.53893314092759 1.6105458189897814 28.64404296875 7.82080078125 10.345498844068882 931
30 284.6 10.878238594875475 2.0352027245004756 28.64404296875 7.501953125 10.47438571068549 2790
40 370.7 11.825545552544181 5.784451282151111 222.718994140625 7.501953125 10.678318519132029 5636
50 467.8 14.247048706211254 20.35268224365547 1025.2470703125 7.501953125 11.13350107429192 9343
60 551.3 13.786273061612903 8.910794733899913 1025.2470703125 7.501953125 12.172312558645293 14021
70 649.7 21.469512671713833 54.61468848639977 1025.2470703125 7.501953125 12.627813953795311 19534
80 731.8 32.94029237090914 85.32309081219375 1224.94287109375 7.501953125 14.834587284451707 26031
90 818.1 66.76350081839762 148.79142354697947 1654.259033203125 7.501953125 18.80764644132884 33349
100 861.2 232.23703143256688 333.59477690312895 3019.51513671875 7.501953125 28.254476315126087 41530
110 888.1 867.7057845961087 774.1236147258552 7699.688232421875 7.501953125 63.28893374944063 50142
120 798 2247.1910246196517 1532.8468099200347 12281.0849609375 7.501953125 184.32693677147032 59023
130 992.2 3631.8850454197004 2686.0994496806056 18967.7578125 7.501953125 430.01228550254933 67003
140 967.5 3172.6398701197077 2430.7365298054383 30234.339111328125 7.501953125 842.9987206523442 76925
150 723.3 1945.280118102898 2790.2082118238372 34640.98193359375 7.501953125 1103.2675211269025 86600
160 961.9 3397.302042740516 2676.559895813128 36173.347900390625 7.501953125 1168.1730140124266 93833
170 901.1 3252.5696382210335 2820.7114026872373 53834.535888671875 7.501953125 1375.438143032025 103452
180 909.8 3628.677679256865 3405.450422754707 63216.91796875 7.501953125 1525.8416704423569 112463
190 903.1 3760.2382389964637 3746.805438937629 68644.14208984375 7.501953125 1683.2244001681274 121561
200 970.1 4109.5968474979945 4002.0452463570327 71132.50610351563 7.501953125 1826.8588645951882 130592
