10 785.953125 785.953125
20 1569.290625 2355.24375
30 2400.890625 4756.134375
40 3127.44375 7883.578125
50 3946.640625 11830.21875
60 4654.125 16484.34375
70 5485.640625 21969.984375
80 6180.553125 28150.5375
90 6895.209375 35045.746875
100 7407.871875 42453.61875
110 7742.334375 50195.953125
120 7507.096875 57703.05
130 7832.784375 65535.834375
140 7833.459375 73369.29375
150 7175.334375 80544.628125
160 7727.90625 88272.534375
170 7675.003125 95947.5375
180 7750.096875 103697.634375
190 7648.425 111346.059375
200 7175.08125 118521.140625
