10 964.934375 964.934375
20 1930.9328125 2895.8671875
30 2948.5625 5844.4296875
40 3843.5984375 9688.028125
50 4850.73125 14538.759375
60 5717.57421875 20256.33359375
70 6732.325 26988.65859375
80 7586.078125 34574.73671875
90 8467.04921875 43041.7859375
100 9136.06875 52177.8546875
110 9567.94296875 61745.79765625
120 9439.35 71185.14765625
130 9466.9203125 80652.06796875
140 9529.81796875 90181.8859375
150 9102.93125 99284.8171875
160 9372.24296875 108657.06015625
170 9454.578125 118111.63828125
180 9512.1140625 127623.75234375
190 9493.5125 137117.26484375
200 8486.9578125 145604.22265625
