10 57.3 23.685548579297556 14.8167693916975 274.158203125 16.510009765625 0 0
20 150.9 28.88951269595965 40.56840042701903 1045.60009765625 15.5791015625 23.685548579297556 573
30 218.3 197.30807079921547 366.01816349468146 2488.971923828125 15.55712890625 27.457297787771665 2082
40 240.5 1539.3049041303939 1348.3504604814268 11406.915771484375 15.55712890625 114.3938130243442 4265
50 181.8 4059.1428981399135 2798.527410999758 16691.850830078125 15.55712890625 628.17359924774 6670
60 238.6 7602.099240094397 4836.757815406079 25465.343017578125 15.55712890625 1363.0348369228072 8488
70 220.4 9678.582402445663 6882.826765000275 34501.22412109375 15.55712890625 2732.02579388137 10874
80 248.5 11855.612680968617 9377.426287649056 47745.641845703125 15.55712890625 3902.71020780366 13078
90 239.8 14653.185213243289 11202.830559059292 51968.737060546875 15.55712890625 5172.578655134825 15563
100 222.7 14936.552249711462 12418.360016508466 58497.799072265625 15.55712890625 6438.348630433756 17961
110 235.5 15953.129255614716 13006.622079133163 77546.041015625 15.55712890625 7375.811452909061 20188
120 221.8 18771.119591041377 18178.293074146008 84865.55590820313 15.55712890625 8271.858271228353 22543
130 214.1 23689.44767305821 23009.997782805196 96641.93701171875 15.55712890625 9212.34377695693 24761
140 244.8 26656.781309240003 25790.579567305376 105605.0771484375 15.55712890625 10364.506420684267 26902
150 251.5 29149.191928798315 27475.646407644334 109515.22387695313 15.55712890625 11723.398718032971 29350
160 233.5 31645.720893523332 28968.63765775037 123741.30590820313 15.55712890625 13098.759456306148 31865
170 258.4 32654.80041730666 29646.65709186851 125638.15502929688 15.55712890625 14365.050536888082 34200
180 211.3 33636.87334786233 31476.480539712455 135596.10302734375 15.55712890625 15649.867677248065 36784
190 218.1 35631.697054954355 33153.352725485005 144639.9560546875 15.55712890625 16626.97498583248 38897
200 234 35808.405005300236 33068.89176533627 163709.296875 15.55712890625 17636.013859018974 41078
