10 573 2.2323967366110424 4.587117543389967 252.491943359375 1.123046875 0 0
20 1511.3 2.747406048264528 12.384829973273867 1002.594970703125 1.09521484375 2.2323967366110424 5730
30 2332.1 23.618234119061228 107.94381165835024 2424.178955078125 1.037109375 2.6058235814519546 20843
40 2764.8 174.1934947702625 469.25050580547713 7076.629150390625 1.037109375 13.701522026963817 44164
50 2689.1 476.68291718149976 1128.360684794894 15087.06396484375 1.037109375 75.49178079160932 71812
60 2765.9 948.7569548963631 2218.4771025491154 15297.3330078125 1.037109375 184.79373563250113 98703
70 2708.8 1009.0551412619571 2630.5331005703156 31137.177001953125 1.037109375 352.0153582850324 126362
80 2744.9 1382.7291487860916 4024.7939719217293 33177.344970703125 1.037109375 468.0003282510079 153450
90 2533.6 1512.534113631931 4240.282759805079 34993.3330078125 1.037109375 606.7981734290769 180899
100 2762.5 1539.6112264917938 4431.766551019108 34993.3330078125 1.037109375 718.0679665339306 206235
110 2673.7 1556.9493506774354 4298.990963391294 34993.3330078125 1.037109375 815.1137740954459 233860
120 2679.5 1588.1941439871152 4236.54240103946 34993.3330078125 1.037109375 891.2253863207312 260597
130 2615.1 1687.530112366865 4335.948044112962 34993.3330078125 1.037109375 956.2072851267897 287392
140 2731.6 1690.911074959144 4416.93797667304 34993.3330078125 1.037109375 1017.2031397787997 313543
150 2656.5 2014.9061159133641 5131.828057589333 35036.301025390625 1.037109375 1071.1932235301053 340859
160 2690.7 1929.1139377720601 4914.023499431716 35059.64501953125 1.037109375 1139.4242944077869 367424
170 2773.3 1944.9351574014634 4986.489220826756 37502.22509765625 1.037109375 1193.3084151946448 394331
180 2721.4 1601.9780650853397 4292.514634187587 37502.22509765625 1.037109375 1242.6963384518326 422064
190 2699.2 1784.9411146596972 4819.891429631729 38082.803955078125 1.037109375 1264.4590174804168 449278
200 2768.8 1999.1882039499653 5079.40567268514 38447.385986328125 1.037109375 1293.9566821812446 476270
