0 0.1 29.88231184509485 0 29.88231184509485 29.88231184509485 0 0
10 0.1 3.328328328328328 0.0 29.88231184509485 3.328328328328328 29.88231184509485 1
20 0.1 17.877231596967473 0.0 29.88231184509485 3.328328328328328 16.60532008671159 2
30 0.1 25.5005005005005 0.0 29.88231184509485 3.328328328328328 17.029290590130216 3
40 0.1 25.586620069895154 0.0 29.88231184509485 3.328328328328328 19.147093067722786 4
50 0.1 25.456821026282856 0.0 29.88231184509485 3.328328328328328 20.43499846815726 5
60 0.1 25.619214410808105 0.0 29.88231184509485 3.328328328328328 21.271968894511527 6
70 0.1 25.481852315394242 0.0 29.88231184509485 3.328328328328328 21.89300396826818 7
80 0.1 25.425851703406817 0.0 29.88231184509485 3.328328328328328 22.341610011658936 8
90 0.1 25.503355704697988 0.0 29.88231184509485 3.328328328328328 22.684303532964254 9
100 0.1 25.519659403956922 0.0 29.88231184509485 3.328328328328328 22.96620875013763 10
110 0.1 25.438596491228072 0.0 29.88231184509485 3.328328328328328 23.198340627757563 11
120 0.1 25.50688360450563 0.0 29.88231184509485 3.328328328328328 23.385028616380108 12
130 0.1 25.444527923866765 0.0 29.88231184509485 3.328328328328328 23.5482482308513 13
140 0.1 25.488232348522782 0.0 29.88231184509485 3.328328328328328 23.683696780352403 14
150 0.1 25.50688360450563 0.0 29.88231184509485 3.328328328328328 23.80399915156376 15
160 0.1 25.556946182728414 0.0 29.88231184509485 3.328328328328328 23.91042942987263 16
170 0.1 46.22770919067216 0.0 46.22770919067216 3.328328328328328 24.007283356511206 17
180 0.1 48.48244395953184 0.0 48.48244395953184 3.328328328328328 25.241751458409038 18
190 0.1 48.699118757868234 0.0 48.699118757868234 3.328328328328328 26.464945800573396 19
200 0.1 48.34254143646409 0.0 48.699118757868234 3.328328328328328 27.576654448438138 20
