10 0.1 798 0 798 798 0 0
20 0.1 3411.0 0.0 3411 798 798.0 1
30 0.1 5996.0 0.0 5996 798 2104.5 2
40 0.1 7584.0 0.0 7584 798 3401.6666666666665 3
50 0.1 8244.0 0.0 8244 798 4447.25 4
60 0.1 7449.0 0.0 8244 798 5206.6 5
70 0.1 10173.0 0.0 10173 798 5580.333333333333 6
80 0.1 8744.0 0.0 10173 798 6236.428571428572 7
90 0.1 10202.0 0.0 10202 798 6549.875 8
100 0.1 9887.0 0.0 10202 798 6955.666666666667 9
110 0.1 10302.0 0.0 10302 798 7248.8 10
120 0.1 11844.0 0.0 11844 798 7526.363636363636 11
130 0.1 11891.0 0.0 11891 798 7886.166666666667 12
140 0.1 12610.0 0.0 12610 798 8194.23076923077 13
150 0.1 12621.0 0.0 12621 798 8509.642857142857 14
160 0.1 14501.0 0.0 14501 798 8783.733333333334 15
170 0.1 12637.0 0.0 14501 798 9141.0625 16
180 0.1 17350.0 0.0 17350 798 9346.70588235294 17
190 0.1 18802.0 0.0 18802 798 9791.333333333334 18
200 0.1 18838.0 0.0 18838 798 10265.578947368422 19
