10 62 1.0767125283518124 0.2673214621147021 2.294921875 0.538818359375 0 0
20 151.2 0.9630583909453543 0.2239517188610157 2.765869140625 0.45703125 1.0767125283518124 620
30 238.7 0.9139460039078865 0.22123376587970653 3.279052734375 0.45703125 0.9961097817483582 2132
40 303.1 6.500620057582066 74.59425193077496 1004.62890625 0.445068359375 0.952709707018284 4519
50 168.3 1622.1689776614955 1895.8092048282372 7018.80810546875 0.445068359375 3.1799568954366713 7550
60 152.8 2709.7632137917744 4134.309653567014 15051.320068359375 0.445068359375 298.29081165004266 9233
70 164.3 3208.2450782557644 4302.570298057947 31061.558837890625 0.445068359375 640.705998944213 10761
80 148.2 5801.657645324617 8330.76862668517 31084.869873046875 0.445068359375 980.7952207524102 12404
90 149 6405.094010525904 8979.872114380587 31084.869873046875 0.445068359375 1495.3075434670875 13886
100 159.4 6340.787510047442 9301.181377133322 31098.692138671875 0.443115234375 1971.086799184936 15376
110 161.7 6697.865049872935 7690.307617727187 31098.692138671875 0.443115234375 2381.5348211716673 16970
120 163.9 6441.1799877974345 9267.153110087465 31098.692138671875 0.443115234375 2757.039527676749 18587
130 144 6722.321040174692 9212.497620128643 31117.06982421875 0.443115234375 3055.5813161736246 20226
140 185.5 8280.626749520934 10604.370715107536 31117.06982421875 0.443115234375 3299.2859779737514 21666
150 147.4 6890.408228466601 9111.356345843213 31117.06982421875 0.443115234375 3692.1428773921443 23521
160 184.2 9444.527943100655 10957.2860201817 31117.06982421875 0.443115234375 3880.7503239808116 24995
170 189.3 9408.473779193711 11090.911269565118 31117.06982421875 0.443115234375 4262.629012896069 26837
180 168.1 8709.225903276727 10092.203849708701 31117.06982421875 0.443115234375 4601.685196070501 28730
190 177.4 8052.08825972599 9283.171990917064 31117.06982421875 0.443115234375 4828.733827447755 30411
200 159.3 7916.140074955618 9953.947282258327 31117.06982421875 0.43505859375 5006.401398144091 32185
200 6.9 15535.370874377259 13061.960176155593 31117.06982421875 0.43505859375 5143.627217084252 33778
