0 0.1 2928.37109375 0 2928.37109375 2928.37109375 0 0
10 0.1 2928.63671875 0.0 2928.63671875 2928.37109375 2928.37109375 1
20 0.1 2928.7734375 0.0 2928.7734375 2928.37109375 2928.50390625 2
30 0.1 2922.11328125 0.0 2928.7734375 2922.11328125 2928.59375 3
40 0.1 2895.390625 0.0 2928.7734375 2895.390625 2926.9736328125 4
50 0.1 2888.56640625 0.0 2928.7734375 2888.56640625 2920.65703125 5
60 0.1 2888.265625 0.0 2928.7734375 2888.265625 2915.30859375 6
70 0.1 2887.75390625 0.0 2928.7734375 2887.75390625 2911.4453125 7
80 0.1 2887.58984375 0.0 2928.7734375 2887.58984375 2908.48388671875 8
90 0.1 2887.0859375 0.0 2928.7734375 2887.0859375 2906.1623263888887 9
100 0.1 2886.10546875 0.0 2928.7734375 2886.10546875 2904.2546875 10
110 0.1 2885.953125 0.0 2928.7734375 2885.953125 2902.6047585227275 11
120 0.1 2885.58984375 0.0 2928.7734375 2885.58984375 2901.2171223958335 12
130 0.1 2885.5859375 0.0 2928.7734375 2885.5859375 2900.0150240384614 13
140 0.1 2885.203125 0.0 2928.7734375 2885.203125 2898.984375 14
150 0.1 2884.80078125 0.0 2928.7734375 2884.80078125 2898.065625 15
160 0.1 2884.75 0.0 2928.7734375 2884.75 2897.236572265625 16
170 0.1 2884.69140625 0.0 2928.7734375 2884.69140625 2896.502068014706 17
180 0.1 2884.21875 0.0 2928.7734375 2884.21875 2895.8459201388887 18
190 0.1 2884.1015625 0.0 2928.7734375 2884.1015625 2895.2339638157896 19
200 0.1 2883.62890625 0.0 2928.7734375 2883.62890625 2894.67734375 20
