0 0.1 0.98828125 0 0.98828125 0.98828125 0 0
10 0.1 0.91015625 0.0 0.98828125 0.91015625 0.98828125 1
20 0.1 0.76953125 0.0 0.98828125 0.76953125 0.94921875 2
30 0.1 0.73046875 0.0 0.98828125 0.73046875 0.8893229166666666 3
40 0.1 0.76953125 0.0 0.98828125 0.73046875 0.849609375 4
50 0.1 0.80859375 0.0 0.98828125 0.73046875 0.83359375 5
60 0.1 0.98828125 0.0 0.98828125 0.73046875 0.8294270833333334 6
70 0.1 0.98828125 0.0 0.98828125 0.73046875 0.8521205357142857 7
80 0.1 1.0703125 0.0 1.0703125 0.73046875 0.869140625 8
90 0.1 1.05859375 0.0 1.0703125 0.73046875 0.8914930555555556 9
100 0.1 1.05078125 0.0 1.0703125 0.73046875 0.908203125 10
110 0.1 1.0390625 0.0 1.0703125 0.73046875 0.9211647727272727 11
120 0.1 1.0390625 0.0 1.0703125 0.73046875 0.9309895833333334 12
130 0.1 1.03125 0.0 1.0703125 0.73046875 0.9393028846153846 13
140 0.1 1.03125 0.0 1.0703125 0.73046875 0.9458705357142857 14
150 0.1 1.01953125 0.0 1.0703125 0.73046875 0.9515625 15
160 0.1 1.01953125 0.0 1.0703125 0.73046875 0.955810546875 16
170 0.1 1.01953125 0.0 1.0703125 0.73046875 0.9595588235294118 17
180 0.1 1.01171875 0.0 1.0703125 0.73046875 0.962890625 18
190 0.1 1.01171875 0.0 1.0703125 0.73046875 0.9654605263157895 19
200 0.1 1.01171875 0.0 1.0703125 0.73046875 0.9677734375 20
