10 599.9 1.0427738933051385 1.0535788103393757 33.886962890625 0.39990234375 0 0
20 1452.2 1.487056108565882 22.004072210370516 1026.080078125 0.3701171875 1.0427738933051385 5999
30 1991.8 40.68219439692983 220.8577056940014 3022.078857421875 0.3701171875 1.3571770086511994 20521
40 1928.1 353.40991195742765 811.1878157971802 7023.494873046875 0.3388671875 20.726491193960772 40439
50 1894.5 784.0871462828255 1727.2698638234149 15051.1611328125 0.319091796875 128.1355507341551 59720
60 1920.7 1148.3253228421981 2769.427468295766 31055.291015625 0.319091796875 286.10927446986426 78665
70 1912.6 1450.167705245091 3713.8815384107866 31099.778076171875 0.319091796875 455.3158263037638 97872
80 2417 1660.0142853174648 4695.786575811186 31198.907958984375 0.319091796875 617.947128006629 116998
90 3628 1879.3182064169978 5273.949978347183 31242.195068359375 0.319091796875 796.3640723013905 141168
100 3691.8 1442.003658961562 4681.7473193449 32357.56494140625 0.319091796875 1017.778661283595 177448
110 3662.3 1138.1926686776224 3651.8012555631767 32357.56494140625 0.319091796875 1090.838467709405 214366
120 3686.4 1046.1647231380111 3176.7244103198323 32357.56494140625 0.319091796875 1097.7481446357208 250989
130 3714.5 908.6217276677589 2941.1101792623645 32357.56494140625 0.319091796875 1091.1420948461005 287853
140 3307.5 1135.0508950272838 3010.757913980339 32710.838134765625 0.319091796875 1070.2812925062724 324998
150 1872.9 1065.4313190930156 2978.683166815771 32710.838134765625 0.319091796875 1076.2640239699194 358073
160 1958.6 1552.500215782617 3910.529369290119 32710.838134765625 0.319091796875 1075.7255827471033 376802
170 3653.9 1547.6852688517527 4424.0715096189515 32710.838134765625 0.319091796875 1099.2835813813547 396388
180 3661.1 1677.4965459746438 5021.0629167572815 32710.838134765625 0.319091796875 1137.1286436169762 432927
190 3695.4 1236.4682105373515 3886.0454103351362 32710.838134765625 0.319091796875 1179.2624203788498 469538
200 3685.6 1015.3427513856188 3290.2659316331706 32710.838134765625 0.319091796875 1183.4361936457863 506492
