10 599.7 2.464671707598583 2.2444809844825127 68.090087890625 1.156005859375 0 0
20 1448.7 10.32547935959288 24.318774507799105 1045.288818359375 1.156005859375 2.464671707598583 5997
30 1957.6 132.4131055301092 227.92654008514657 3671.81591796875 1.156005859375 8.024109339625598 20484
40 1893 595.9823340075861 926.5374951797203 10390.14990234375 1.156005859375 68.8089068789393 40060
50 1889.2 1123.9803095520106 1925.6112539009314 17037.19091796875 1.156005859375 237.9798337401918 58990
60 1921 1517.1879795882633 2947.042083601401 31187.248046875 1.156005859375 452.898826434741 77882
70 1913.3 1854.021398384113 3895.694877926762 34648.85302734375 1.156005859375 663.472247850297 97092
80 2440.3 2096.5040181706813 4942.512169287215 42631.18701171875 1.156005859375 859.4608638723535 116225
90 3628.3 2138.552942146531 5339.330290261784 56352.782958984375 1.156005859375 1074.1234068534247 140628
100 3693.7 1789.5311855360876 4964.979539447663 63311.468994140625 1.156005859375 1292.4292037176094 176911
110 3667.5 1410.765852711477 3765.6682119414586 63311.468994140625 1.156005859375 1378.2913857461024 213848
120 3680.9 1341.9931706818713 3244.4021561435834 63311.468994140625 1.156005859375 1383.0454445588864 250523
130 3710.5 1222.606306526401 3040.7338870586555 63311.468994140625 1.156005859375 1377.7863952739513 287332
140 3281.1 1360.2909132319294 3021.8918946158965 63311.468994140625 1.156005859375 1360.0388597185804 324437
150 1879 1660.6001250197532 3231.6222987617266 63311.468994140625 1.156005859375 1360.0620092612692 357248
160 1974.1 2024.542047246221 4211.449586337284 63311.468994140625 1.156005859375 1375.0794042987438 376038
170 3665.2 1890.766788078428 4690.218451040069 73339.35302734375 1.156005859375 1407.4738517919816 395779
180 3660.3 2015.7526624487903 5289.182550216538 73339.35302734375 1.156005859375 1448.436809352311 432431
190 3694.2 1590.5231073794705 3948.6289292277374 73339.35302734375 1.156005859375 1492.7096385520927 469034
200 3687.5 1363.5778646517538 3373.410529178409 73339.35302734375 1.156005859375 1499.8511337325378 505976
