10 0.1 2.5996971226653205 0 2.5996971226653205 2.5996971226653205 0 0
20 0.1 12.847749114820434 0.0 12.847749114820434 2.5996971226653205 2.5996971226653205 1
30 0.1 23.933588761174967 0.0 23.933588761174967 2.5996971226653205 7.723723118742877 2
40 0.1 32.66446532893066 0.0 32.66446532893066 2.5996971226653205 13.127011666220241 3
50 0.1 42.500643169539494 0.0 42.500643169539494 2.5996971226653205 18.011375081897846 4
60 0.1 51.15976022934584 0.0 51.15976022934584 2.5996971226653205 22.909228699426176 5
70 0.1 59.23799582463466 0.0 59.23799582463466 2.5996971226653205 27.617650621079452 6
80 0.1 68.45972185778011 0.0 68.45972185778011 2.5996971226653205 32.13484279301591 7
90 0.1 75.8363355635615 0.0 75.8363355635615 2.5996971226653205 36.67545267611144 8
100 0.1 84.36623310380004 0.0 84.36623310380004 2.5996971226653205 41.02666188582811 9
110 0.1 89.59962094290452 0.0 89.59962094290452 2.5996971226653205 45.3606190076253 10
120 0.1 91.61942321912744 0.0 91.61942321912744 2.5996971226653205 49.382346456287046 11
130 0.1 92.48804916913271 0.0 92.48804916913271 2.5996971226653205 52.90210285319042 12
140 0.1 93.07025986525505 0.0 93.07025986525505 2.5996971226653205 55.947175646724446 13
150 0.1 92.54333887437663 0.0 93.07025986525505 2.5996971226653205 58.59882451947663 14
160 0.1 92.43108901943063 0.0 93.07025986525505 2.5996971226653205 60.86179214313663 15
170 0.1 93.08967445576192 0.0 93.08967445576192 2.5996971226653205 62.834873197905004 16
190 0.1 92.35978835978837 0.0 93.08967445576192 2.5996971226653205 64.61456738954364 17
200 0.1 92.36763236763237 0.0 93.08967445576192 2.5996971226653205 66.15596855455723 18
