0 25 1.0040371093749996 0.5662428450345001 4.484130859375 0.43994140625 0 0
10 876.4 0.9748084983668986 0.4888768270624388 5.14990234375 0.1708984375 1.0040371093749996 250
20 1929.6 1.013284167642423 0.7194323895846034 33.0419921875 0.1708984375 0.975619143225122 9014
30 2916.1 1.0289565382301213 0.4879026747542496 33.0419921875 0.1708984375 1.0012914961448056 28310
40 3858.8 1.121227885622233 1.947901339740935 208.71484375 0.1708984375 1.0153288418017439 57471
50 4685.5 1.1452129523179957 0.6507483479765379 208.71484375 0.1259765625 1.0578697000549533 96059
60 5501.1 1.3311312169384304 6.09516999758366 998.703857421875 0.1259765625 1.0865055795684009 142914
70 6377.1 1.571614920232159 8.441354178661452 1000.27490234375 0.1259765625 1.1544964899504278 197925
80 7365.5 2.3478502399542154 16.723299637502105 1001.68408203125 0.1259765625 1.2561413733934161 261696
90 8057 6.514227235076056 44.06241367083388 1504.802978515625 0.1259765625 1.4959194464170114 335351
100 8864.5 24.122772430586956 98.99128494073052 4017.3271484375 0.1259765625 2.468039292571111 415921
110 8855.5 93.15853965061119 235.48136983550867 7014.190185546875 0.1259765625 6.272464915818445 504566
120 8369.7 302.4565143621412 611.0980412243218 10953.2099609375 0.1259765625 19.244853936169388 593121
130 8655.8 396.36605393475656 980.3152437611544 22140.400146484375 0.1259765625 54.267513414304666 676818
140 8746.4 379.86966874406556 1078.7098175504682 31051.369140625 0.1259765625 93.05752707778018 763376
150 8449.7 358.0701436902648 990.9568676034079 35115.87890625 0.1259765625 122.54102239852202 850840
160 8434.9 369.31842497102537 1054.8208324278746 42659.27392578125 0.1259765625 143.81838463458067 935337
170 8816.1 385.25930186554064 1124.798730568936 48936.972900390625 0.1259765625 162.4718749270224 1019686
180 8381.9 388.3997710212069 1201.4422586966605 53056.60205078125 0.1259765625 180.20100390090303 1107847
190 8428.4 360.3675938989543 1199.622856013308 62823.088134765625 0.1259765625 194.84521835466504 1191666
200 8563 370.31254829212145 1225.4199237552589 81978.580078125 0.1259765625 205.77894451977718 1275950
