0 25.7734375 25.7734375
10 908.16796875 933.94140625
20 2002.47265625 2936.4140625
30 3022.21328125 5958.62734375
40 4001.76015625 9960.3875
50 4859.0625 14819.45
60 5701.53046875 20520.98046875
70 6603.3453125 27124.32578125
80 7625.87890625 34750.2046875
90 8353.3015625 43103.50625
100 9203.79140625 52307.29765625
110 9287.8578125 61595.15546875
120 8906.7734375 70501.92890625
130 8928.78515625 79430.7140625
140 8852.128125 88282.8421875
150 8862.721875 97145.5640625
160 8857.22109375 106002.78515625
170 8964.39921875 114967.184375
180 8740.42734375 123707.61171875
190 8816.10859375 132523.7203125
200 8840.75234375 141364.47265625
