10 608.50390625 608.50390625
20 1551.596875 2160.10078125
30 2423.3984375 4583.49921875
40 2881.18828125 7464.6875
50 2962.453125 10427.140625
60 3010.99375 13438.134375
70 2959.50625 16397.640625
80 2962.0609375 19359.7015625
90 2970.6609375 22330.3625
100 2958.28515625 25288.64765625
110 2820.62578125 28109.2734375
120 2942.49140625 31051.76484375
130 2851.2875 33903.05234375
140 2906.86328125 36809.915625
150 3012.55703125 39822.47265625
160 2924.278125 42746.75078125
170 3010.0171875 45756.76796875
180 2897.56796875 48654.3359375
190 2898.67421875 51553.01015625
200 3087.7375 54640.74765625
200 106.1875 54746.93515625
