20 0.1 3449 0 3449 3449 0 0
30 0.1 6289.0 0.0 6289 3449 3449.0 1
40 0.1 9177.0 0.0 9177 3449 4869.0 2
50 0.1 12613.0 0.0 12613 3449 6305.0 3
60 0.1 11371.0 0.0 12613 3449 7882.0 4
70 0.1 11579.0 0.0 12613 3449 8579.8 5
90 0.1 12777.0 0.0 12777 3449 9079.666666666666 6
100 0.1 10873.0 0.0 12777 3449 9607.857142857143 7
110 0.1 14110.0 0.0 14110 3449 9766.0 8
120 0.1 14948.0 0.0 14948 3449 10248.666666666666 9
130 0.1 15176.0 0.0 15176 3449 10718.6 10
140 0.1 13934.0 0.0 15176 3449 11123.818181818182 11
160 0.1 15438.0 0.0 15438 3449 11358.0 12
170 0.1 13822.0 0.0 15438 3449 11671.846153846154 13
180 0.1 16872.0 0.0 16872 3449 11825.42857142857 14
190 0.1 17877.0 0.0 17877 3449 12161.866666666667 15
200 0.1 15490.0 0.0 17877 3449 12519.0625 16
