0 1.5 33.28811848958333 4.137036522001015 42.994140625 27.31005859375 0 0
10 94.4 40.12165366997155 239.282390455222 4935.366943359375 20.319091796875 33.28811848958333 15
20 181.6 191.024596630214 568.0119987147461 15928.908203125 18.35107421875 40.01476834389666 959
30 249.1 854.1664231467649 839.1704207168797 15928.908203125 18.35107421875 138.8377766927083 2775
40 231.2 2710.846681165861 1462.3877222960182 15928.908203125 18.35107421875 477.2129491798057 5266
50 229.8 5953.514851569302 2296.6279875869677 22659.35400390625 18.35107421875 1158.6805116437488 7578
60 254.8 10253.079994189678 3238.209017757699 23220.524169921875 18.35107421875 2274.3679674101445 9876
70 284.2 12856.894342775515 5617.694036345659 43328.904052734375 18.35107421875 3910.697510571305 12424
80 268.9 14352.126168588322 7319.7653948525385 44482.453125 18.35107421875 5576.169238405994 15266
90 272 15941.360648480584 8745.737034586118 47954.01904296875 18.35107421875 6890.4854837560515 17955
100 295.4 17403.362649988623 10101.004589191405 62648.7109375 18.35107421875 8081.217307120053 20675
110 287.6 17691.100090186002 10699.696873173629 87623.287109375 18.35107421875 9246.633420490647 23629
120 291.9 18277.807283637383 11619.077913908219 87623.287109375 18.35107421875 10162.92416344646 26505
130 284.6 19843.52919341979 12447.701897670395 87623.287109375 18.35107421875 10967.958959117928 29424
140 300.9 20344.053066630215 12915.531364047043 88638.73583984375 18.35107421875 11750.725395028157 32270
150 291.8 20195.870507578238 13520.938986007828 98713.55712890625 18.35107421875 12483.66348748686 35279
160 304.9 22066.832476932705 15040.99285337703 109076.95190429688 18.35107421875 13072.82546577381 38197
170 254.5 22530.707202196398 14022.781885693148 119358.751953125 18.35107421875 13737.683327797364 41246
180 308.2 23237.253141349902 15914.455402058 133978.77001953125 18.35107421875 14248.707185675594 43791
190 300.9 24538.546589804144 15589.983073850963 133978.77001953125 18.35107421875 14839.723306585034 46873
200 297.6 24588.014872889395 15371.477565609257 136121.72387695313 18.35107421875 15424.77922373363 49882
