0 15.0609375 15.0609375
10 976.53359375 991.59453125
20 1894.2609375 2885.85546875
30 2716.35390625 5602.209375
40 3090.40234375 8692.61171875
50 3307.02578125 11999.6375
60 3139.78203125 15139.41953125
70 3110.92578125 18250.3453125
80 3107.96015625 21358.30546875
90 2979.32265625 24337.628125
100 3226.90625 27564.534375
110 3157.2828125 30721.8171875
120 3153.184375 33875.0015625
130 3073.28828125 36948.28984375
140 3084.54375 40032.83359375
150 3229.56328125 43262.396875
160 2993.16328125 46255.56015625
170 3274.22578125 49529.7859375
180 3120.54921875 52650.33515625
190 3079.44375 55729.77890625
200 3020.1265625 58749.90546875
