10 0.1 1.3333333333333335 0 1.3333333333333335 1.3333333333333335 0 0
20 0.1 9.04241808483617 0.0 9.04241808483617 1.3333333333333335 1.3333333333333335 1
30 0.1 18.69111280875987 0.0 18.69111280875987 1.3333333333333335 5.187875709084752 2
40 0.1 27.867590454195536 0.0 27.867590454195536 1.3333333333333335 9.688954742309791 3
50 0.1 36.55857740585774 0.0 36.55857740585774 1.3333333333333335 14.233613670281228 4
60 0.1 47.08661417322835 0.0 47.08661417322835 1.3333333333333335 18.69860641739653 5
70 0.1 57.082452431289646 0.0 57.082452431289646 1.3333333333333335 23.4299410433685 6
80 0.1 66.6056963679122 0.0 66.6056963679122 1.3333333333333335 28.23744267021438 7
90 0.1 75.45883586785527 0.0 75.45883586785527 1.3333333333333335 33.033474382426604 8
100 0.1 84.08100487054601 0.0 84.08100487054601 1.3333333333333335 37.74740343636312 9
110 0.1 88.72662054829618 0.0 88.72662054829618 1.3333333333333335 42.38076357978141 10
120 0.1 86.20689655172413 0.0 88.72662054829618 1.3333333333333335 46.59402330419184 11
130 0.1 82.3216995447648 0.0 88.72662054829618 1.3333333333333335 49.89509607481953 12
140 0.1 82.94930875576037 0.0 88.72662054829618 1.3333333333333335 52.389450187892244 13
150 0.1 82.11920529801324 0.0 88.72662054829618 1.3333333333333335 54.572297228454254 14
160 0.1 83.51758793969849 0.0 88.72662054829618 1.3333333333333335 56.40875776642485 15
170 0.1 81.56902187578577 0.0 88.72662054829618 1.3333333333333335 58.10305965225445 16
180 0.1 80.91526276087502 0.0 88.72662054829618 1.3333333333333335 59.48341037128571 17
190 0.1 81.99507389162561 0.0 88.72662054829618 1.3333333333333335 60.674068837374 18
200 0.1 81.93247962747381 0.0 88.72662054829618 1.3333333333333335 61.79622699812409 19
