10 51.5 21.44775295813107 33.595141281119915 235.006103515625 7.783935546875 0 0
20 151.9 10.766085958072718 2.4448304160191823 235.006103515625 7.783935546875 21.44775295813107 515
30 239.5 12.045271113322029 7.280095272908735 235.006103515625 7.589111328125 13.470637828785625 2034
40 334.7 12.693388333418905 7.655614050581792 245.6279296875 7.589111328125 12.699864904076817 4429
50 427.9 12.932568290908357 6.1990806264663725 245.6279296875 7.589111328125 12.69707721349142 7776
60 521.7 13.226242735213615 8.122273760316236 245.6279296875 7.589111328125 12.78066629024522 12055
70 598.6 16.250641266796976 19.724325945130524 249.927001953125 7.589111328125 12.915252459386034 17272
80 694.7 22.29586652736789 47.5023258367325 1019.2958984375 7.589111328125 13.77369417411481 23258
90 771 62.32057782481153 143.6842541173743 3957.5419921875 7.589111328125 15.73375149369929 30205
100 838.7 173.21617143020794 280.3286631618327 3957.5419921875 7.589111328125 25.207163890188156 37915
110 836.1 612.4618102275459 787.2515010453053 7461.89990234375 7.589111328125 52.01705431043233 46302
120 817.2 1285.924493566547 1803.1158789018054 17008.52783203125 7.589111328125 137.7400955672786 54663
130 771.7 2357.0526851482523 3790.8774325406484 19025.865966796875 7.589111328125 287.0671091815066 62835
140 795.8 2623.4789661408454 5437.131537764132 33680.219970703125 7.589111328125 513.4827839991641 70552
150 802.9 2871.504613707436 6508.742565410086 39222.781005859375 7.589111328125 727.3580816361975 78510
160 785.2 2280.627406115927 5651.170528003007 39222.781005859375 7.589111328125 926.2898061303559 86539
170 776.1 2551.3797373850916 5240.493184956627 39222.781005859375 7.589111328125 1038.9515941725074 94391
180 773.1 2337.98612636398 4928.517936182395 39222.781005859375 7.589111328125 1153.858349003278 102152
190 759.4 2683.6224175232915 5477.14353111976 39222.781005859375 7.589111328125 1237.1696150478488 109883
200 771.5 2617.616673016747 5343.678896630858 39222.781005859375 7.589111328125 1330.671854481938 117477
