0 0.6 1.5482991536458333 0.1330468161530488 1.685791015625 1.347900390625 0 0
10 93.4 1.160949576334986 0.4379703440859702 10.91796875 0.639892578125 1.5482991536458333 6
20 184.4 1.0642088519776949 0.41005507096866634 10.91796875 0.510986328125 1.1634220204454806 940
30 289.4 1.0271124322412755 0.3929414461253779 10.91796875 0.475830078125 1.0977075511011571 2784
40 388.4 0.9915711769237575 0.3037475420345319 10.91796875 0.468017578125 1.061726171393426 5678
50 463.5 1.0164507589165308 0.36384149895267587 10.91796875 0.4619140625 1.0332298318702935 9562
60 584.8 1.0436780436420543 0.37661166228838966 10.91796875 0.450927734375 1.0277518433416826 14197
70 632.7 1.8868220862721263 28.02918862804071 999.6240234375 0.450927734375 1.032398209984565 20045
80 742.6 3.6077187165975135 49.098774856835604 1001.95703125 0.373046875 1.2373860707941888 26372
90 843.2 13.663023367778639 110.79510229265867 1460.466064453125 0.364013671875 1.7581887877518636 33798
100 901.4 40.79183122369551 194.93462120027618 1598.6708984375 0.364013671875 4.1352090382559075 42230
110 959.7 144.5468054490499 383.95863350150944 3253.218994140625 0.364013671875 10.5832379270927 51244
120 989.6 386.4800539379087 740.6473926935557 7341.595947265625 0.364013671875 31.71452040943558 60841
130 865.9 703.3242099813507 1301.2404110669931 15050.614013671875 0.364013671875 81.34568542629762 70737
140 750.5 766.4411256102712 1509.0074245388387 16607.6669921875 0.364013671875 149.17922923357008 79396
150 1072.8 379.7720067239715 821.5436446072176 31087.6728515625 0.364013671875 202.48759774839894 86901
160 826.9 755.5112051364669 1379.5714637969675 31087.6728515625 0.364013671875 221.968562825271 97629
170 884.8 577.5206055736014 1467.9516102109974 31087.6728515625 0.364013671875 263.63001166539334 105898
180 956.7 571.736103787148 1315.873606813099 32611.5869140625 0.364013671875 287.83394012390016 114746
190 813.4 878.377461396127 1646.3729788389062 34250.416015625 0.364013671875 309.68275722079505 124313
200 891.9 545.1997730277786 1382.4882398134457 34250.416015625 0.364013671875 344.6081441586808 132447
