0 5.015625 5.015625
10 780.096875 785.1125
20 1539.9640625 2325.0765625
30 2418.7015625 4743.778125
40 3248.36953125 7992.14765625
50 3871.2265625 11863.37421875
60 4887.14140625 16750.515625
70 5291.9859375 22042.5015625
80 6202.40546875 28244.90703125
90 7011.509375 35256.41640625
100 7483.646875 42740.06328125
110 7636.2890625 50376.35234375
120 7578.1078125 57954.46015625
130 7483.56328125 65438.0234375
140 7058.4890625 72496.5125
150 7477.7953125 79974.3078125
160 7465.0890625 87439.396875
170 7683.7703125 95123.1671875
180 7440.76328125 102563.93046875
190 7547.3453125 110111.27578125
200 7394.61953125 117505.8953125
