10 0.1 1.5338194619059593 0 1.5338194619059593 1.5338194619059593 0 0
20 0.1 10.42713567839196 0.0 10.42713567839196 1.5338194619059593 1.5338194619059593 1
30 0.1 22.41163198796691 0.0 22.41163198796691 1.5338194619059593 5.98047757014896 2
40 0.1 25.425851703406817 0.0 25.425851703406817 1.5338194619059593 11.457529042754942 3
50 0.1 25.519139354515886 0.0 25.519139354515886 1.5338194619059593 14.949609707917912 4
60 0.1 25.53830746119179 0.0 25.53830746119179 1.5338194619059593 17.063515637237508 5
70 0.1 25.5005005005005 0.0 25.53830746119179 1.5338194619059593 18.47598094122989 6
80 0.1 25.53191489361702 0.0 25.53830746119179 1.5338194619059593 19.479483735411403 7
90 0.1 25.56334501752629 0.0 25.56334501752629 1.5338194619059593 20.236037630187106 8
100 0.1 25.50688360450563 0.0 25.56334501752629 1.5338194619059593 20.827960673224794 9
110 0.1 25.50688360450563 0.0 25.56334501752629 1.5338194619059593 21.29585296635288 10
120 0.1 25.48872180451128 0.0 25.56334501752629 1.5338194619059593 21.678673933457674 11
130 0.1 25.41990473802958 0.0 25.56334501752629 1.5338194619059593 21.99617792271214 12
140 0.1 25.432222500626413 0.0 25.56334501752629 1.5338194619059593 22.259541523890405 13
150 0.1 25.357411587659897 0.0 25.56334501752629 1.5338194619059593 22.486161593657265 14
160 0.1 25.551102204408814 0.0 25.56334501752629 1.5338194619059593 22.677578259924108 15
170 0.1 25.4326561324304 0.0 25.56334501752629 1.5338194619059593 22.8571735064544 16
180 0.1 25.53884711779449 0.0 25.56334501752629 1.5338194619059593 23.00867248445299 17
190 0.1 25.482335254322226 0.0 25.56334501752629 1.5338194619059593 23.14923774186085 18
200 0.1 25.544703230653642 0.0 25.56334501752629 1.5338194619059593 23.27203234777987 19
