0 0.1 2924.57421875 0 2924.57421875 2924.57421875 0 0
10 0.1 2915.8359375 0.0 2924.57421875 2915.8359375 2924.57421875 1
20 0.1 2915.6171875 0.0 2924.57421875 2915.6171875 2920.205078125 2
30 0.1 2916.859375 0.0 2924.57421875 2915.6171875 2918.67578125 3
40 0.1 2915.140625 0.0 2924.57421875 2915.140625 2918.2216796875 4
50 0.1 2912.8671875 0.0 2924.57421875 2912.8671875 2917.60546875 5
60 0.1 2912.22265625 0.0 2924.57421875 2912.22265625 2916.8157552083335 6
70 0.1 2911.53515625 0.0 2924.57421875 2911.53515625 2916.159598214286 7
80 0.1 2911.30859375 0.0 2924.57421875 2911.30859375 2915.58154296875 8
90 0.1 2910.9453125 0.0 2924.57421875 2910.9453125 2915.1067708333335 9
100 0.1 2910.9765625 0.0 2924.57421875 2910.9453125 2914.690625 10
110 0.1 2910.31640625 0.0 2924.57421875 2910.31640625 2914.3529829545455 11
120 0.1 2909.8984375 0.0 2924.57421875 2909.8984375 2914.0166015625 12
130 0.1 2909.71484375 0.0 2924.57421875 2909.71484375 2913.6998197115386 13
140 0.1 2909.53515625 0.0 2924.57421875 2909.53515625 2913.4151785714284 14
150 0.1 2909.41796875 0.0 2924.57421875 2909.41796875 2913.1565104166666 15
160 0.1 2909.40234375 0.0 2924.57421875 2909.40234375 2912.9228515625 16
170 0.1 2908.88671875 0.0 2924.57421875 2908.88671875 2912.715762867647 17
180 0.1 2908.90625 0.0 2924.57421875 2908.88671875 2912.5030381944443 18
190 0.1 2908.58984375 0.0 2924.57421875 2908.58984375 2912.3137335526317 19
200 0.1 2908.24609375 0.0 2924.57421875 2908.24609375 2912.1275390625 20
