0 0.7 28.481759207589285 5.695459754103626 38.075927734375 21.511962890625 0 0
10 92.7 25.887382169886067 4.335569303193455 46.525146484375 18.08203125 28.481759207589285 7
20 187.7 240.59152268829908 326.3372754613991 3235.784912109375 18.08203125 25.9068261091408 934
30 155.6 1613.7521519207423 1550.061899237292 8274.929931640625 18.08203125 169.2590763685076 2811
40 119.6 4820.114258220764 3289.299763106825 18144.278076171875 18.08203125 683.9444955485574 4367
50 169.5 8945.23051642583 5586.756073145721 26536.089111328125 18.08203125 1573.1875363819133 5563
60 160.9 11312.426473462287 8064.403681761904 37502.7587890625 18.08203125 3294.820610393272 7258
70 138.5 13948.550363478684 11289.558894173008 46603.822021484375 18.08203125 4749.690107819464 8867
80 137.3 16220.435402133216 12544.051522758098 53356.68505859375 18.08203125 5992.415571542447 10252
90 164.8 18147.30646596373 13206.381883495913 64376.447021484375 18.08203125 7200.421698630715 11625
100 168.4 20522.86337171542 15329.666618895852 77421.52709960938 18.08203125 8559.606969222505 13273
110 144.6 26153.408378885993 22354.922448015055 86509.6728515625 18.08203125 9906.543104931408 14957
120 143 35210.81150158433 28964.612355098252 95954.50317382813 18.08203125 11338.77910969507 16403
130 151.6 34960.184678533216 30386.651697504498 107207.794921875 18.08203125 13253.039543744395 17833
140 127.6 42917.74515430604 32669.08969242101 114552.67700195313 18.08203125 14953.800928019542 19349
150 159.1 47122.71502451528 35376.329214287856 124196.29077148438 18.08203125 16683.836944152466 20625
160 150.7 47979.559121884384 36472.996572884585 134538.42309570313 18.08203125 18863.718787232105 22216
170 124.5 50759.03133922406 37641.316935869916 139544.42700195313 18.08203125 20713.298156802604 23723
180 166 52592.14568165234 37807.733359741855 144359.91186523438 18.08203125 22211.493359146192 24968
190 134.4 55094.74682144894 41306.6075810602 164414.89501953125 18.08203125 24105.43518186514 26628
200 137 62609.9930867216 45426.361265457 176058.78295898438 18.08203125 25594.411116499796 27972
