0 2.65625 2.65625
10 1215.6328125 1218.2890625
20 2508.4296875 3726.71875
30 2710.4375 6437.15625
40 2686.265625 9123.421875
50 2726.2421875 11849.6640625
60 2681.0859375 14530.75
70 2662.625 17193.375
80 2657.9765625 19851.3515625
90 2688.7890625 22540.140625
100 2661.828125 25201.96875
110 2697.6875 27899.65625
120 2648.28125 30547.9375
130 2653.9921875 33201.9296875
140 2621.8515625 35823.78125
150 2611.2265625 38435.0078125
160 2669.53125 41104.5390625
170 2641.7734375 43746.3125
180 2672.453125 46418.765625
190 2622.6484375 49041.4140625
200 2594.890625 51636.3046875
