0 0.1 1.12109375 0 1.12109375 1.12109375 0 0
10 0.1 1.03125 0.0 1.12109375 1.03125 1.12109375 1
20 0.1 0.94921875 0.0 1.12109375 0.94921875 1.076171875 2
30 0.1 0.9609375 0.0 1.12109375 0.94921875 1.0338541666666667 3
40 0.1 0.9609375 0.0 1.12109375 0.94921875 1.015625 4
50 0.1 1.05078125 0.0 1.12109375 0.94921875 1.0046875 5
60 0.1 1.0390625 0.0 1.12109375 0.94921875 1.0123697916666667 6
70 0.1 1.0390625 0.0 1.12109375 0.94921875 1.0161830357142858 7
80 0.1 1.1015625 0.0 1.12109375 0.94921875 1.01904296875 8
90 0.1 1.08984375 0.0 1.12109375 0.94921875 1.0282118055555556 9
100 0.1 1.1484375 0.0 1.1484375 0.94921875 1.034375 10
110 0.1 1.12890625 0.0 1.1484375 0.94921875 1.0447443181818181 11
120 0.1 1.19140625 0.0 1.19140625 0.94921875 1.0517578125 12
130 0.1 1.23828125 0.0 1.23828125 0.94921875 1.0625 13
140 0.1 1.28125 0.0 1.28125 0.94921875 1.0750558035714286 14
150 0.1 1.23828125 0.0 1.28125 0.94921875 1.0888020833333334 15
160 0.1 1.26953125 0.0 1.28125 0.94921875 1.09814453125 16
170 0.1 1.23046875 0.0 1.28125 0.94921875 1.1082261029411764 17
180 0.1 1.19921875 0.0 1.28125 0.94921875 1.1150173611111112 18
190 0.1 1.171875 0.0 1.28125 0.94921875 1.1194490131578947 19
200 0.1 1.21875 0.0 1.28125 0.94921875 1.1220703125 20
