10 558.3 9.669855012915912 7.890404527994702 32.008056640625 1.4580078125 0 0
20 1125 108.65690627170139 206.76343957697586 3128.10400390625 1.4580078125 9.669855012915912 5583
30 1174.3 778.8573883402277 1233.2320098303749 7161.575927734375 1.4580078125 75.82587750809424 16833
40 1253.4 1640.132486316908 1945.0261516273374 15155.694091796875 1.4580078125 364.7291190990007 28576
50 2337.9 1800.9823314827142 3250.427059935597 21936.011962890625 1.4580078125 753.5859861559029 41110
60 2299.7 1729.7307998903461 3183.341263859213 32649.534912109375 1.4580078125 1133.2953808960217 64489
70 2342.6 1975.3762212554861 3902.5635522775833 34460.72802734375 1.4580078125 1290.0773269286724 87486
80 2306.5 2485.621256154066 4509.869844165827 34460.72802734375 1.4580078125 1434.8210147036648 110912
90 2352.5 2358.3004072919584 4525.632799653382 45038.739013671875 1.4580078125 1615.7230170552139 133977
100 2346.1 2674.2633725605383 4856.292770238324 59348.954833984375 1.4580078125 1726.636739454418 157502
110 2308.4 2678.905693174502 4856.43764821111 60643.467041015625 1.4580078125 1849.4920658985122 180963
120 2335.5 3008.8427491645552 5504.116031018157 63328.052978515625 1.4580078125 1943.3242916702168 204047
130 2310.6 3195.7923292254 5783.682923280497 63328.052978515625 1.4580078125 2052.756854157707 227402
140 2307.6 3424.545636163009 6219.9084817901385 63328.052978515625 1.4580078125 2158.1865318003934 250508
150 2318.8 3474.6612233702704 5989.675650355656 63328.052978515625 1.4580078125 2265.0001710931583 273584
160 2333.4 3832.10571070389 6468.653958743161 71355.64599609375 1.4580078125 2359.5158952187558 296772
170 2323.6 3832.890406853685 7409.5234128947695 115820.36499023438 1.4580078125 2466.859746176033 320106
180 2318.7 3896.7245160336224 7670.444500921205 127771.74609375 1.4580078125 2559.307184681971 343342
190 2324.4 4667.346464063606 8696.201053914263 127771.74609375 1.4580078125 2643.913575068682 366529
200 2332.6 4363.044014872587 8240.523811779487 143844.03979492188 1.4580078125 2764.5804095384838 389773
