10 551.41875 551.41875
20 1088.015625 1639.434375
30 1143.9375 2783.371875
40 1265.7390625 4049.1109375
50 2743.5921875 6792.703125
60 2699.4828125 9492.1859375
70 2759.3484375 12251.534375
80 2705.6453125 14957.1796875
90 2772.640625 17729.8203125
100 2757.840625 20487.6609375
110 2719.4828125 23207.14375
120 2753.4796875 25960.6234375
130 2717.3109375 28677.934375
140 2717.4546875 31395.3890625
150 2728.5859375 34123.975
160 2762.1484375 36886.1234375
170 2751.13125 39637.2546875
180 2737.4296875 42374.684375
190 2746.871875 45121.55625
200 2766.3734375 47887.9296875
