10 0.1 2969.6015625 0 2969.6015625 2969.6015625 0 0
20 0.1 2969.26953125 0.0 2969.6015625 2969.26953125 2969.6015625 1
30 0.1 2969.390625 0.0 2969.6015625 2969.26953125 2969.435546875 2
40 0.1 2968.6953125 0.0 2969.6015625 2968.6953125 2969.4205729166665 3
50 0.1 2966.64453125 0.0 2969.6015625 2966.64453125 2969.2392578125 4
60 0.1 2965.34375 0.0 2969.6015625 2965.34375 2968.7203125 5
70 0.1 2965.23828125 0.0 2969.6015625 2965.23828125 2968.1575520833335 6
80 0.1 2964.51171875 0.0 2969.6015625 2964.51171875 2967.7405133928573 7
90 0.1 2963.9375 0.0 2969.6015625 2963.9375 2967.3369140625 8
100 0.1 2963.83203125 0.0 2969.6015625 2963.83203125 2966.9592013888887 9
110 0.1 2963.7265625 0.0 2969.6015625 2963.7265625 2966.646484375 10
120 0.1 2963.5 0.0 2969.6015625 2963.5 2966.381036931818 11
130 0.1 2963.39453125 0.0 2969.6015625 2963.39453125 2966.1409505208335 12
140 0.1 2962.92578125 0.0 2969.6015625 2962.92578125 2965.9296875 13
150 0.1 2962.91015625 0.0 2969.6015625 2962.91015625 2965.7151227678573 14
160 0.1 2962.67578125 0.0 2969.6015625 2962.67578125 2965.528125 15
170 0.1 2962.578125 0.0 2969.6015625 2962.578125 2965.349853515625 16
180 0.1 2962.3515625 0.0 2969.6015625 2962.3515625 2965.186810661765 17
190 0.1 2962.24609375 0.0 2969.6015625 2962.24609375 2965.029296875 18
200 0.1 2961.8671875 0.0 2969.6015625 2961.8671875 2964.8828125 19
