10 56.1 1.2612835617201428 0.6369316569242078 8.489990234375 0.593994140625 0 0
20 150.5 1.12472552429402 0.9559479176587196 29.996826171875 0.51708984375 1.2612835617201428 561
30 241.7 2.0659084738311972 28.73687520132325 1001.79296875 0.474853515625 1.1618063853763312 2066
40 340.4 2.9407281214426004 42.041364148712816 1012.408203125 0.36083984375 1.6492511205526441 4483
50 425.7 5.840656175673892 68.25643125946688 1012.408203125 0.359130859375 2.2066478127080154 7887
60 510.1 24.79922719273792 151.07923472548572 1532.638916015625 0.359130859375 3.480525744291162 12144
70 588.5 166.38340192226022 411.9838619772093 3550.569091796875 0.359130859375 9.786509860761266 17245
80 742.2 553.4736240626465 915.6801935625698 7632.430908203125 0.359130859375 49.62968797498182 23130
90 766.5 810.1576694874225 1374.4486705524812 15851.133056640625 0.359130859375 172.02853890594042 30552
100 793.6 666.400784215618 1276.3909484870278 15851.133056640625 0.359130859375 300.0150314591775 38217
110 730.1 764.1868066352749 1342.6707393509428 31685.5791015625 0.359130859375 363.0149953591431 46153
120 767.5 654.8107970913077 1300.4247768307282 31685.5791015625 0.359130859375 417.80893770446875 53454
130 749.9 679.4847694861944 1219.132899473038 31685.5791015625 0.359130859375 447.5655061219791 61129
140 737.4 785.0438733681576 1353.939653817438 31685.5791015625 0.359130859375 472.9073863453318 68628
150 665.7 594.4330419489127 1345.740352431772 31685.5791015625 0.359130859375 503.1920427399835 76002
160 715.1 808.6553864775808 1524.7151917334488 31685.5791015625 0.359130859375 510.54020000941387 82659
170 63.5 923.7085514579239 2586.254485255651 31685.5791015625 0.359130859375 534.2772192548638 89810
180 7.6 1.2470124897203945 0.23199567178426464 31685.5791015625 0.359130859375 537.0113548726309 90445
190 3.3 1.1055057410037874 0.16084103816208012 31685.5791015625 0.359130859375 536.5615356039408 90521
200 0.4 1.093505859375 0.024624943728310037 31685.5791015625 0.359130859375 536.3664028766678 90554
