10 0.1 1.7406659939455096 0 1.7406659939455096 1.7406659939455096 0 0
20 0.1 12.924480486568676 0.0 12.924480486568676 1.7406659939455096 1.7406659939455096 1
30 0.1 27.494345312892687 0.0 27.494345312892687 1.7406659939455096 7.3325732402570925 2
40 0.1 43.138257091745466 0.0 43.138257091745466 1.7406659939455096 14.053163931135623 3
50 0.1 57.747196738022424 0.0 57.747196738022424 1.7406659939455096 21.324437221288086 4
60 0.1 72.71820448877806 0.0 72.71820448877806 1.7406659939455096 28.608989124634956 5
70 0.1 85.7720495324741 0.0 85.7720495324741 1.7406659939455096 35.96052501865881 6
80 0.1 90.29015307288097 0.0 90.29015307288097 1.7406659939455096 43.07645709206099 7
90 0.1 91.12863479546574 0.0 91.12863479546574 1.7406659939455096 48.97816908966349 8
100 0.1 90.62332559385604 0.0 91.12863479546574 1.7406659939455096 53.661554168085964 9
110 0.1 93.28552803129074 0.0 93.28552803129074 1.7406659939455096 57.35773131066297 10
130 0.1 89.27284290862836 0.0 93.28552803129074 1.7406659939455096 60.62389464890186 11
140 0.1 91.60037435657463 0.0 93.28552803129074 1.7406659939455096 63.01130700387907 12
170 0.1 70.5045644328073 0.0 93.28552803129074 1.7406659939455096 65.2104660310095 13
180 0.1 1.5132408575031526 0.0 93.28552803129074 1.5132408575031526 65.5886159168522 14
190 0.1 0.9566968781470292 0.0 93.28552803129074 0.9566968781470292 61.31692424622894 15
200 0.1 0.4777470455116922 0.0 93.28552803129074 0.4777470455116922 57.54441003572382 16
