0 1.1 1.1087313565340908 0.2106368178600958 1.614990234375 0.7861328125 0 0
10 928.1 1.0404077592999132 10.352312095480158 997.9970703125 0.416015625 1.1087313565340908 11
20 1835.3 1.4577579251987054 19.49658301164429 1001.620849609375 0.416015625 1.0404886417331436 9292
30 2804.9 21.993047863086662 113.08240742431532 1542.864990234375 0.416015625 1.3175059381499803 27645
40 3241.5 74.32242043192309 212.66765424696882 4634.298095703125 0.416015625 11.730266297480412 55694
50 3109.8 296.39519785957566 684.8122145161238 7092.219970703125 0.416015625 34.75770590374038 88109
60 3205 756.8114061966794 1812.1738878314259 16224.493896484375 0.416015625 103.01210979648631 119207
70 3131.6 896.0796202560811 2353.9396369041215 31128.112060546875 0.416015625 241.54630953353114 151257
80 3180.2 1044.041884050759 3266.0134668085957 32510.27001953125 0.416015625 353.8157314008794 182573
90 3109 1059.4184756971276 3227.248999339347 34218.39501953125 0.416015625 456.209070673516 214375
100 3138.8 1366.290032194396 3988.7821632288465 34218.39501953125 0.416015625 532.6101070827152 245465
110 3065.2 1176.623124142653 3554.066823450466 34654.327880859375 0.416015625 627.1279396126334 276853
120 3068.2 1316.811612994986 3900.202439215825 34654.327880859375 0.416015625 681.9014437709858 307505
130 3114.6 1298.169847792515 3622.8307297107513 34654.327880859375 0.416015625 739.5036396334252 338187
140 3160.1 1594.1044275077304 4335.852129429468 34654.327880859375 0.416015625 786.6161850039255 369333
150 3079.7 1657.517780456439 4573.923708920602 34654.327880859375 0.416015625 850.2611638567109 400934
160 3088.3 1682.5727782546994 4485.845829684162 34654.327880859375 0.416015625 907.8458219457103 431731
170 3129.1 1408.210955757295 3862.1122968762397 34654.327880859375 0.416015625 959.5647335906034 462614
180 3098.5 1482.4591748653559 3951.625513170806 34654.327880859375 0.416015625 987.9883959099116 493905
190 3096.4 1695.1776729456087 4582.868361679601 34654.327880859375 0.416015625 1017.177706214803 524890
200 3063.3 1744.8608035410525 4622.753949282275 34654.327880859375 0.416015625 1054.9458808970985 555854
