10 583.4 0.98035588622461 0.33215066802354054 7.033935546875 0.375 0 0
20 1581 1.8387921694635512 22.488257627597108 1002.791015625 0.33984375 0.98035588622461 5834
30 2185.5 22.209715836175214 67.36686348097385 1062.921875 0.33984375 1.6074062298767842 21644
40 2599.1 127.85760778671 125.90282917505502 3067.10107421875 0.33984375 11.958528702707245 43499
50 2694.4 392.86257278551034 418.7608220856142 7270.4560546875 0.33984375 55.307686343696105 69490
60 2595.6 544.1285482128251 862.4833359600918 15282.095947265625 0.33984375 149.62171314221365 96434
70 2766.4 522.3217363418198 924.0745060888033 15310.883056640625 0.33984375 233.28720387750894 122390
80 2710.9 606.2146307697535 1186.5011094998072 31326.208984375 0.33984375 286.57369611425503 150054
90 2684.7 535.8440634079204 1029.9637057326179 31326.208984375 0.33984375 335.4842818323559 177163
100 2819.8 507.98473126279885 1236.5474571547188 31357.510009765625 0.33984375 361.85092589862313 204010
110 2844.9 621.9176174755085 1062.8338483790064 31357.510009765625 0.33984375 379.59657223147576 232208
120 2734.5 524.2132457694779 1074.3688945177178 31357.510009765625 0.33984375 406.0443231690968 260657
130 2878.2 581.8680756418892 1100.3790966467263 31357.510009765625 0.33984375 417.26413826936493 288002
140 2848.2 614.6105240347102 1215.6056084647387 31357.510009765625 0.33984375 432.2195354026039 316784
150 2721.8 520.6322181685402 981.1159205308596 31357.510009765625 0.33984375 447.2655003635895 345266
160 2875.7 506.73472743626525 985.3629641631971 31357.510009765625 0.33984375 452.62652345509184 372484
170 2900.8 597.1203299857449 1147.6939069308614 31357.510009765625 0.33984375 456.5044661924656 401241
180 2891.6 733.5540934436166 1368.0315447080686 31357.510009765625 0.33984375 465.9849878831969 430249
190 2815.5 598.7727865450458 1392.9889096654958 31357.510009765625 0.33984375 482.83520132800453 459165
200 2839.4 557.4194716155044 1172.470508335398 31357.510009765625 0.33984375 489.5335160119613 487320
