10 0.1 1.8920282542885973 0 1.8920282542885973 1.8920282542885973 0 0
20 0.1 14.48645886561063 0.0 14.48645886561063 1.8920282542885973 1.8920282542885973 1
30 0.1 32.32296838254508 0.0 32.32296838254508 1.8920282542885973 8.189243559949613 2
40 0.1 56.047349459598564 0.0 56.047349459598564 1.8920282542885973 16.233818500814767 3
50 0.1 56.73807878369039 0.0 56.73807878369039 1.8920282542885973 26.187201240510717 4
60 0.1 55.004570383912245 0.0 56.73807878369039 1.8920282542885973 32.29737674914665 5
80 0.1 54.696714406065716 0.0 56.73807878369039 1.8920282542885973 36.08190902160758 6
90 0.1 52.54237288135594 0.0 56.73807878369039 1.8920282542885973 38.74116693367303 7
100 0.1 54.91183879093199 0.0 56.73807878369039 1.8920282542885973 40.4663176771334 8
110 0.1 50.256769374416436 0.0 56.73807878369039 1.8920282542885973 42.071375578666576 9
130 0.1 54.797166773985836 0.0 56.73807878369039 1.8920282542885973 42.88991495824156 10
140 0.1 52.508960573476706 0.0 56.73807878369039 1.8920282542885973 43.9723923960365 11
150 0.1 52.05547300643884 0.0 56.73807878369039 1.8920282542885973 44.68377307748984 12
160 0.1 54.55989110707804 0.0 56.73807878369039 1.8920282542885973 45.25082691817823 13
170 0.1 52.67011197243755 0.0 56.73807878369039 1.8920282542885973 45.915760074528215 14
180 0.1 49.54915328788212 0.0 56.73807878369039 1.8920282542885973 46.3660502010555 15
200 0.1 52.96112115732369 0.0 56.73807878369039 1.8920282542885973 46.56499414398216 16
