10 0.1 2.5390625 0 2.5390625 2.5390625 0 0
20 0.1 2.1484375 0.0 2.5390625 2.1484375 2.5390625 1
30 0.1 1.8984375 0.0 2.5390625 1.8984375 2.34375 2
40 0.1 2.21875 0.0 2.5390625 1.8984375 2.1953125 3
50 0.1 3.94921875 0.0 3.94921875 1.8984375 2.201171875 4
60 0.1 3.8984375 0.0 3.94921875 1.8984375 2.55078125 5
80 0.1 4.4609375 0.0 4.4609375 1.8984375 2.775390625 6
90 0.1 4.91015625 0.0 4.91015625 1.8984375 3.0161830357142856 7
100 0.1 4.69140625 0.0 4.91015625 1.8984375 3.2529296875 8
110 0.1 4.96875 0.0 4.96875 1.8984375 3.4127604166666665 9
130 0.1 4.828125 0.0 4.96875 1.8984375 3.568359375 10
140 0.1 4.62109375 0.0 4.96875 1.8984375 3.682883522727273 11
150 0.1 4.6015625 0.0 4.96875 1.8984375 3.7610677083333335 12
160 0.1 5.109375 0.0 5.109375 1.8984375 3.8257211538461537 13
170 0.1 4.7109375 0.0 5.109375 1.8984375 3.9174107142857144 14
180 0.1 4.98828125 0.0 5.109375 1.8984375 3.9703125 15
200 0.1 4.76171875 0.0 5.109375 1.8984375 4.033935546875 16
