10 58.1 21.403988442609723 3.8357101103758313 45.625 14.553955078125 0 0
20 157.9 38.64048661756852 112.0416623573722 2540.717041015625 13.90087890625 21.403988442609723 581
30 207.9 433.3877628357608 428.56943582745356 6278.426025390625 13.90087890625 34.00418780291525 2160
40 211.4 1973.5451977746936 1037.5194501003866 6414.5029296875 13.90087890625 229.8802086788968 4239
50 165.5 6078.258072129905 1571.0936782806982 13386.96484375 13.90087890625 810.0955064828499 6353
60 209.5 11081.521988505003 2681.3058815042737 19885.35888671875 13.90087890625 1898.8578748826847 8008
70 295.8 14266.373507589324 3988.241170308677 28587.27392578125 13.90087890625 3803.0132067681398 10103
80 255.9 14075.213665692776 5930.839011240472 40206.657958984375 13.90087890625 6172.710762072409 13061
90 278.1 15090.98338447908 6064.264358223521 46109.670166015625 13.90087890625 7467.365367089344 15620
100 251.1 15129.771238192572 7171.844542078243 57686.333984375 13.90087890625 8619.546319557192 18401
110 266.5 15855.719467306226 7043.363090601217 63071.43798828125 13.90087890625 9401.25896161407 20912
120 276.9 17089.227477520377 7134.9871122865925 75716.96313476563 13.90087890625 10130.831733708466 23577
130 263 17971.534037009133 7686.670762701333 75716.96313476563 13.90087890625 10862.168476083596 26346
140 273.2 18273.272280780984 8249.625915892097 89198.18310546875 13.90087890625 11507.448412073181 28976
150 306.8 18983.451995332405 8262.508456311978 98695.88916015625 13.90087890625 12090.400058639023 31708
160 281.4 19611.70675249242 8719.220226190357 102517.10498046875 13.90087890625 12698.517246980846 34776
170 237.9 17663.603832525478 8770.996540689108 102517.10498046875 13.90087890625 13216.040930633668 37590
180 287.5 18500.298738111363 8628.1740139365 102517.10498046875 13.90087890625 13480.764895296295 39969
190 324.8 20547.18746023701 9519.96082950521 128476.47607421875 13.90087890625 13817.595251894498 42844
200 274.1 20798.6363189152 10966.930535570047 128476.47607421875 13.90087890625 14291.814541417549 46092
