10 64.4 24.488575810971454 5.251766593773112 103.388916015625 18.21484375 0 0
20 160.3 29.331937279466228 45.75108770943201 1029.3330078125 16.875 24.488575810971454 644
30 246.7 63.47901944337123 142.98452457447567 2921.59814453125 16.875 27.943808758900747 2247
40 293.4 675.2997971153127 669.6869207844323 8497.447998046875 16.875 46.5406192719658 4714
50 300 2770.9430267740936 975.631892593387 8497.447998046875 16.875 287.7513185126012 7648
60 251.7 5930.485903182579 2027.4671853038406 14945.213134765625 16.875 987.3733249724507 10648
70 330.1 9483.349984793917 3822.2816327314877 22909.986083984375 16.875 1932.4408798038137 13165
80 337.9 11322.431442147858 5862.520975315516 30521.297119140625 16.875 3446.1995920333975 16466
90 350.6 12102.542330614046 6902.462622007818 38552.498779296875 16.875 4787.282354519502 19845
100 336.4 12287.713476301264 7379.02657534473 47329.843994140625 16.875 5885.62081866183 23351
110 338.8 12769.834268941515 7403.17249874986 51943.39990234375 16.875 6691.783637314237 26715
120 348.1 13447.403384766745 7510.772009620461 55999.14990234375 16.875 7375.8495290842675 30103
130 352.5 12870.449289187176 7997.522413089377 68391.47485351563 16.875 8005.169412708335 33584
140 337.1 12753.12786740304 7718.264596120875 68391.47485351563 16.875 8467.32445769979 37109
150 320.7 13452.376071950148 7586.847916209436 79727.36791992188 16.875 8824.22770113135 40480
160 334.2 13936.32338697707 7781.160831463354 83255.17309570313 16.875 9163.973433848541 43687
170 327.1 15060.120432756614 8394.176215542035 83255.17309570313 16.875 9503.108723634748 47029
180 356.8 15276.691601535127 9473.936565938193 83255.17309570313 16.875 9864.480200782613 50300
190 349.8 15611.619783989288 10334.29877915686 89948.07592773438 16.875 10222.963349922824 53868
200 372.1 15552.16989084073 9467.550093833257 89948.07592773438 16.875 10551.54683502488 57366
