10 569.2 1.684618951900692 26.484395810934874 1000.676025390625 0.409912109375 0 0
20 1502.9 1.5427193948470477 19.94396348651655 1000.676025390625 0.341064453125 1.684618951900692 5692
30 2396.1 5.339312572709307 41.13032850449817 1018.274169921875 0.341064453125 1.5816988011859956 20721
40 2851.4 92.71369133843781 349.0595907918256 7034.528076171875 0.341064453125 3.596742523030812 44682
50 2920.2 357.95162515958333 939.6574053359328 15040.666015625 0.341064453125 38.31285649814578 73196
60 3014.7 766.2174945307053 1918.9893334990777 15059.77099609375 0.341064453125 129.46787244036437 102398
70 2901.1 950.7213739373635 2651.2297743212034 31096.306884765625 0.341064453125 274.29484333445697 132545
80 2956.1 1141.973666673894 3634.235540362728 31108.291015625 0.341064453125 395.76238449245125 161556
90 3005.1 1234.6366756591913 3908.097181696224 32599.487060546875 0.341064453125 511.18252876305843 191117
100 2800.5 1188.3425676811332 3706.7642435290154 32599.487060546875 0.341064453125 609.481200218132 221168
110 2941.9 1446.3860184857383 4451.11159094443 32599.487060546875 0.341064453125 674.5404666547096 249173
120 3010.4 1252.0782515794285 3791.5322283518753 32599.487060546875 0.341064453125 756.0464836592073 278592
130 2847.5 1486.0214068330204 4416.816239232487 32599.487060546875 0.341064453125 804.4194471620397 308696
140 2939.7 1596.527282932852 4609.723175111897 32634.761962890625 0.341064453125 861.9825703299016 337171
150 3009.4 1583.5785271822085 4854.305914807761 32634.761962890625 0.341064453125 920.8895423416128 366568
160 2993.5 1435.7074764936685 4305.047401113856 32634.761962890625 0.341064453125 971.1665094062494 396662
170 3028.3 1280.0153625748305 3906.688380218647 32662.259033203125 0.341064453125 1003.7640988167747 426597
180 2957.8 1540.2431265887528 4257.0024823425065 32662.259033203125 0.341064453125 1022.0746333562274 456880
190 2970.1 1633.4907720499084 4862.217804064828 32662.259033203125 0.341064453125 1053.580719581208 486458
200 2979.6 1668.0027366348345 5015.987050016642 32680.43310546875 0.341064453125 1086.9501047287554 516159
200 216.4 1161.1295257399129 3339.371540223916 32680.43310546875 0.341064453125 1118.6615905110516 545955
