10 755.703125 755.703125
20 1996.0390625 2751.7421875
30 3174.8828125 5926.625
40 3787.015625 9713.640625
50 3878.65625 13592.296875
60 4002.8359375 17595.1328125
70 3855.4140625 21450.546875
80 3926.8671875 25377.4140625
90 3987.6953125 29365.109375
100 3720.078125 33085.1875
110 3908.0078125 36993.1953125
120 3994.203125 40987.3984375
130 3782.234375 44769.6328125
140 3906.6796875 48676.3125
150 3994.46875 52670.78125
160 3982.1171875 56652.8984375
170 4019.8359375 60672.734375
180 3927.796875 64600.53125
190 3941.875 68542.40625
200 3956.6171875 72499.0234375
200 290.859375 72789.8828125
