10 0.1 1094.68359375 0 1094.68359375 1094.68359375 0 0
20 0.1 1095.171875 0.0 1095.171875 1094.68359375 1094.68359375 1
30 0.1 1096.7421875 0.0 1096.7421875 1094.68359375 1094.927734375 2
40 0.1 1098.1875 0.0 1098.1875 1094.68359375 1095.5325520833333 3
50 0.1 1091.42578125 0.0 1098.1875 1091.42578125 1096.1962890625 4
60 0.1 1075.078125 0.0 1098.1875 1075.078125 1095.2421875 5
70 0.1 1068.09375 0.0 1098.1875 1068.09375 1091.8815104166667 6
90 0.1 1058.46484375 0.0 1098.1875 1058.46484375 1088.4832589285713 7
100 0.1 1051.21484375 0.0 1098.1875 1051.21484375 1084.73095703125 8
110 0.1 1046.98828125 0.0 1098.1875 1046.98828125 1081.0069444444443 9
120 0.1 1040.75 0.0 1098.1875 1040.75 1077.605078125 10
140 0.2 1036.15625 1.73046875 1098.1875 1034.42578125 1074.2546164772727 11
160 0.1 1033.9765625 0.0 1098.1875 1033.9765625 1068.393329326923 13
170 0.1 1030.98828125 0.0 1098.1875 1030.98828125 1065.9349888392858 14
180 0.1 1031.55859375 0.0 1098.1875 1030.98828125 1063.6052083333334 15
190 0.1 1023.28515625 0.0 1098.1875 1023.28515625 1061.602294921875 16
200 0.1 1027.40625 0.0 1098.1875 1023.28515625 1059.3483455882354 17
