10 634.9109375 634.9109375
20 1763.759375 2398.6703125
30 2632.65 5031.3203125
40 2897.0546875 7928.375
50 2741.6828125 10670.0578125
60 2755.03125 13425.0890625
70 2827.984375 16253.0734375
80 2786.875 19039.9484375
90 2620.6375 21660.5859375
100 2667.2125 24327.7984375
110 2782.625 27110.4234375
120 2385.3 29495.7234375
130 2684.3703125 32180.09375
140 2517.4828125 34697.5765625
150 2811.0328125 37508.609375
160 2655.9 40164.509375
170 2707.3375 42871.846875
180 2808.971875 45680.81875
190 2628.684375 48309.503125
200 1970.0265625 50279.5296875
