10 0.1 3.8830055471507814 0 3.8830055471507814 3.8830055471507814 0 0
20 0.1 27.726809378185525 0.0 27.726809378185525 3.8830055471507814 3.8830055471507814 1
30 0.1 48.146214099216714 0.0 48.146214099216714 3.8830055471507814 15.804907462668153 2
40 0.1 42.64305177111717 0.0 48.146214099216714 3.8830055471507814 26.58534300818434 3
50 0.1 10.083607803394983 0.0 48.146214099216714 3.8830055471507814 30.599770198917547 4
60 0.1 11.845102505694761 0.0 48.146214099216714 3.8830055471507814 26.496537719813034 5
70 0.1 10.269997476659096 0.0 48.146214099216714 3.8830055471507814 24.054631850793324 6
80 0.1 6.495813245369196 0.0 48.146214099216714 3.8830055471507814 22.085398368774147 7
90 0.1 9.134860050890586 0.0 48.146214099216714 3.8830055471507814 20.136700228348527 8
100 0.1 4.0 0.0 48.146214099216714 3.8830055471507814 18.91427354196431 9
110 0.1 19.259071301700075 0.0 48.146214099216714 3.8830055471507814 17.42284618776788 10
120 0.1 7.2246247774103285 0.0 48.146214099216714 3.8830055471507814 17.5897757435799 11
130 0.1 11.716760061130921 0.0 48.146214099216714 3.8830055471507814 16.72601316306577 12
140 0.1 15.69324530218385 0.0 48.146214099216714 3.8830055471507814 16.340686001378472 13
150 0.1 1.3023493360572012 0.0 48.146214099216714 1.3023493360572012 16.294440237150283 14
160 0.1 5.1158055484856195 0.0 48.146214099216714 1.3023493360572012 15.294967510410745 15
170 0.1 0.7643312101910829 0.0 48.146214099216714 0.7643312101910829 14.658769887790424 16
180 0.1 3.5377958768134383 0.0 48.146214099216714 0.7643312101910829 13.841449965578697 17
190 0.1 0.9433962264150944 0.0 48.146214099216714 0.7643312101910829 13.269024738425072 18
200 0.1 5.852287247636085 0.0 48.146214099216714 0.7643312101910829 12.620307448319284 19
