20 0.1 5037 0 5037 5037 0 0
30 0.1 9030.0 0.0 9030 5037 5037.0 1
40 0.1 13043.0 0.0 13043 5037 7033.5 2
50 0.1 11165.0 0.0 13043 5037 9036.666666666666 3
60 0.1 12098.0 0.0 13043 5037 9568.75 4
70 0.1 8253.0 0.0 13043 5037 10074.6 5
80 0.1 12381.0 0.0 13043 5037 9771.0 6
90 0.1 12440.0 0.0 13043 5037 10143.857142857143 7
100 0.1 13646.0 0.0 13646 5037 10430.875 8
110 0.1 13267.0 0.0 13646 5037 10788.111111111111 9
120 0.1 16699.0 0.0 16699 5037 11036.0 10
130 0.1 16370.0 0.0 16699 5037 11550.818181818182 11
140 0.1 15493.0 0.0 16699 5037 11952.416666666666 12
150 0.1 19132.0 0.0 19132 5037 12224.76923076923 13
160 0.1 15899.0 0.0 19132 5037 12718.142857142857 14
170 0.1 15203.0 0.0 19132 5037 12930.2 15
180 0.1 19045.0 0.0 19132 5037 13072.25 16
190 0.1 16403.0 0.0 19132 5037 13423.588235294117 17
200 0.1 16579.0 0.0 19132 5037 13589.111111111111 18
