20 0.1 3415 0 3415 3415 0 0
30 0.1 6.0e3 0.0 6000 3415 3415.0 1
40 0.1 8814.0 0.0 8814 3415 4707.5 2
50 0.1 7809.0 0.0 8814 3415 6076.333333333333 3
60 0.1 8477.0 0.0 8814 3415 6509.5 4
70 0.1 6057.0 0.0 8814 3415 6903.0 5
80 0.1 8774.0 0.0 8814 3415 6762.0 6
90 0.1 8960.0 0.0 8960 3415 7049.428571428572 7
100 0.1 9867.0 0.0 9867 3415 7288.25 8
110 0.1 9663.0 0.0 9867 3415 7574.777777777777 9
120 0.1 11972.0 0.0 11972 3415 7783.6 10
130 0.1 11901.0 0.0 11972 3415 8164.363636363636 11
140 0.1 11528.0 0.0 11972 3415 8475.75 12
150 0.1 13669.0 0.0 13669 3415 8710.538461538461 13
160 0.1 12352.0 0.0 13669 3415 9064.714285714286 14
170 0.1 11849.0 0.0 13669 3415 9283.866666666667 15
180 0.1 14754.0 0.0 14754 3415 9444.1875 16
190 0.1 12348.0 0.0 14754 3415 9756.529411764706 17
200 0.1 12945.0 0.0 14754 3415 9900.5 18
