10 1081.534375 1081.534375
20 2135.1640625 3216.6984375
30 2257.7046875 5474.403125
40 801.4609375 6275.8640625
50 508.5 6784.3640625
60 627.7015625 7412.065625
70 365.521875 7777.5875
80 309.96875 8087.55625
90 228.0890625 8315.6453125
100 841.321875 9156.9671875
110 593.5890625 9750.55625
120 386.528125 10137.084375
130 668.2703125 10805.3546875
140 426.6640625 11232.01875
150 219.3234375 11451.3421875
160 2.4328125 11453.775
170 111.1171875 11564.8921875
180 1.0578125 11565.95
190 245.9765625 11811.9265625
200 353.1625 12165.0890625
