10 0.1 3.0379111222696458 0 3.0379111222696458 3.0379111222696458 0 0
20 0.1 17.666086091067427 0.0 17.666086091067427 3.0379111222696458 3.0379111222696458 1
30 0.1 24.962443665498245 0.0 24.962443665498245 3.0379111222696458 10.351998606668536 2
40 0.1 25.569176882662 0.0 25.569176882662 3.0379111222696458 15.222146959611772 3
50 0.1 23.36589030803907 0.0 25.569176882662 3.0379111222696458 17.808904440374327 4
60 0.1 13.089533417402269 0.0 25.569176882662 3.0379111222696458 18.920301613907277 5
70 0.1 2.3574144486692017 0.0 25.569176882662 2.3574144486692017 17.948506914489773 6
80 0.1 20.43685664072307 0.0 25.569176882662 2.3574144486692017 15.72120799080112 7
90 0.1 10.234813680449209 0.0 25.569176882662 2.3574144486692017 16.310664072041366 8
100 0.1 4.193138500635324 0.0 25.569176882662 2.3574144486692017 15.635569584086682 9
110 0.1 0.8367139959432048 0.0 25.569176882662 0.8367139959432048 14.491326475741545 10
120 0.1 0.6595636732623034 0.0 25.569176882662 0.6595636732623034 13.24999806848715 11
130 0.1 13.814118842051803 0.0 25.569176882662 0.6595636732623034 12.200795202218414 12
140 0.1 11.266531027466938 0.0 25.569176882662 0.6595636732623034 12.324897020667136 13
150 0.1 9.893724696356275 0.0 25.569176882662 0.6595636732623034 12.249299449724264 14
160 0.1 4.649370665296686 0.0 25.569176882662 0.6595636732623034 12.092261132833066 15
170 0.1 6.517311608961303 0.0 25.569176882662 0.6595636732623034 11.627080478612042 16
180 0.1 9.657794676806084 0.0 25.569176882662 0.6595636732623034 11.326505839220822 17
190 0.1 6.158957321748019 0.0 25.569176882662 0.6595636732623034 11.233799663531114 18
200 0.1 8.819780780015295 0.0 25.569176882662 0.6595636732623034 10.966702698174108 19
