20 0.1 4175 0 4175 4175 0 0
30 0.1 7017.0 0.0 7017 4175 4175.0 1
40 0.1 9709.0 0.0 9709 4175 5596.0 2
50 0.1 9125.0 0.0 9709 4175 6967.0 3
60 0.1 10997.0 0.0 10997 4175 7506.5 4
70 0.1 8781.0 0.0 10997 4175 8204.6 5
80 0.1 13282.0 0.0 13282 4175 8300.666666666666 6
90 0.1 9754.0 0.0 13282 4175 9012.285714285714 7
100 0.1 12878.0 0.0 13282 4175 9105.0 8
110 0.1 12299.0 0.0 13282 4175 9524.222222222223 9
120 0.1 12459.0 0.0 13282 4175 9801.7 10
130 0.1 14490.0 0.0 14490 4175 10043.272727272728 11
140 0.1 13496.0 0.0 14490 4175 10413.833333333334 12
150 0.1 13237.0 0.0 14490 4175 10650.923076923076 13
160 0.1 15890.0 0.0 15890 4175 10835.642857142857 14
170 0.1 15020.0 0.0 15890 4175 11172.6 15
180 0.1 14984.0 0.0 15890 4175 11413.0625 16
190 0.1 17260.0 0.0 17260 4175 11623.117647058823 17
200 0.1 17009.0 0.0 17260 4175 11936.277777777777 18
