0 0.1 45.20207836066904 0 45.20207836066904 45.20207836066904 0 0
10 0.1 3.0555555555555554 0.0 45.20207836066904 3.0555555555555554 45.20207836066904 1
20 0.1 21.131975667812746 0.0 45.20207836066904 3.0555555555555554 24.1288169581123 2
30 0.1 40.40880503144654 0.0 45.20207836066904 3.0555555555555554 23.12986986134578 3
40 0.1 66.00738396624473 0.0 66.00738396624473 3.0555555555555554 27.449603653870973 4
50 0.1 67.32647136447612 0.0 67.32647136447612 3.0555555555555554 35.16115971634572 5
60 0.1 68.05518705226851 0.0 68.05518705226851 3.0555555555555554 40.522044991034115 6
70 0.1 66.66666666666666 0.0 68.05518705226851 3.0555555555555554 44.455350999781885 7
80 0.1 67.40917528507028 0.0 68.05518705226851 3.0555555555555554 47.231765458142476 8
90 0.1 64.33962264150944 0.0 68.05518705226851 3.0555555555555554 49.47369988335667 9
100 0.1 67.34375 0.0 68.05518705226851 3.0555555555555554 50.96029215917195 10
110 0.1 65.95300261096607 0.0 68.05518705226851 3.0555555555555554 52.44969741742904 11
120 0.1 61.59420289855072 0.0 68.05518705226851 3.0555555555555554 53.574972850223794 12
130 0.1 66.55181553140737 0.0 68.05518705226851 3.0555555555555554 54.1918367000951 13
140 0.1 67.10245464247599 0.0 68.05518705226851 3.0555555555555554 55.07469233090312 14
150 0.1 67.50893312914752 0.0 68.05518705226851 3.0555555555555554 55.876543151674646 15
160 0.1 67.02072538860104 0.0 68.05518705226851 3.0555555555555554 56.6035675252667 16
170 0.1 68.30818109610803 0.0 68.30818109610803 3.0555555555555554 57.21634151722754 17
180 0.1 68.45174973488865 0.0 68.45174973488865 3.0555555555555554 57.832554827165346 18
190 0.1 67.01388888888889 0.0 68.45174973488865 3.0555555555555554 58.391459822308676 19
200 0.1 67.57116254322958 0.0 68.45174973488865 3.0555555555555554 58.82258127563769 20
