10 884.5 2.1980294028670784 2.467613845836604 219.989013671875 1.172119140625 0 0
20 1775.6 3.481223130231508 24.58087618172473 1002.79296875 1.078125 2.1980294028670784 8845
30 2651.8 19.5156776065136 82.92457047862239 1358.050048828125 1.078125 3.05455313592534 26601
40 2788.4 202.7848274516603 539.9713751747651 7265.5029296875 1.078125 11.272254875624117 53119
50 2753.4 553.8360721258131 1276.5778911113682 15059.238037109375 1.078125 77.19742522376175 81003
60 2642.4 1031.771665059761 2487.469046453921 16655.0869140625 1.078125 198.1125832233479 108537
70 2678.8 1132.2826789262483 3169.60826923999 31314.428955078125 1.078125 361.3346072039451 134961
80 2723.2 1470.1476023009452 4358.213217382606 35941.533203125 1.078125 489.01488309620447 161749
90 2644.5 1471.0114118039774 3978.9200134476932 35941.533203125 1.078125 630.3952663589848 188981
100 2703.2 1726.1216345406297 4248.032925198307 35941.533203125 1.078125 733.5865894411237 215426
110 2626.3 1501.321979661713 4252.866427812479 35941.533203125 1.078125 844.245785421994 242458
120 2640.8 1901.70365979259 5042.375779972076 40063.009033203125 1.078125 908.4640344212078 268721
130 2701.9 1432.0755408176944 4112.693369072777 40063.009033203125 1.078125 997.3386351104232 295129
140 2652.4 1803.3097430812893 4657.675489361516 40063.009033203125 1.078125 1033.8006229399448 322148
150 2724.5 1757.1211687709326 4523.238280719955 40063.009033203125 1.078125 1092.3383314528999 348672
160 2730.6 1630.2550867458335 4429.56970306322 40063.009033203125 1.078125 1140.5192022374874 375917
170 2806.6 1937.3207928653371 4827.805467730326 40063.009033203125 1.078125 1173.683798657793 403223
180 2717.7 2029.9763896512604 5038.989376904453 40063.009033203125 1.078125 1223.3772429131043 431289
190 2647.6 2120.232904199353 5160.8145725686145 40063.009033203125 1.078125 1271.1909194145305 458466
200 2646.5 2184.027287274337 5403.2916657829055 40063.009033203125 1.078125 1317.5454021963126 484942
