10 0.1 818 0 818 818 0 0
20 0.1 3258.0 0.0 3258 818 818.0 1
30 0.1 5795.0 0.0 5795 818 2038.0 2
40 0.1 8615.0 0.0 8615 818 3290.3333333333335 3
50 0.1 9914.0 0.0 9914 818 4621.5 4
60 0.1 10673.0 0.0 10673 818 5680.0 5
70 0.1 8964.0 0.0 10673 818 6512.166666666667 6
80 0.1 10203.0 0.0 10673 818 6862.428571428572 7
90 0.1 10563.0 0.0 10673 818 7280.0 8
100 0.1 11197.0 0.0 11197 818 7644.777777777777 9
110 0.1 11230.0 0.0 11230 818 8.0e3 10
120 0.1 10349.0 0.0 11230 818 8293.636363636364 11
130 0.1 10999.0 0.0 11230 818 8464.916666666666 12
140 0.1 12587.0 0.0 12587 818 8659.846153846154 13
150 0.1 12642.0 0.0 12642 818 8940.357142857143 14
160 0.1 13927.0 0.0 13927 818 9187.133333333333 15
170 0.1 14567.0 0.0 14567 818 9483.375 16
180 0.1 12364.0 0.0 14567 818 9782.411764705883 17
190 0.1 15616.0 0.0 15616 818 9925.833333333334 18
200 0.1 13067.0 0.0 15616 818 10225.315789473685 19
