10 883.2 0.9179016887277801 0.2697567016086257 7.052978515625 0.405029296875 0 0
20 1844.1 0.9124151564660609 0.3003559510429955 7.052978515625 0.3720703125 0.9179016887277801 8832
30 2006.5 119.60706711975152 398.7258454691883 3013.138916015625 0.3720703125 0.9141918973062876 27273
40 1938.8 494.06002401513683 1047.2283293907576 15027.755126953125 0.3720703125 51.224144606300406 47338
50 1852.8 1024.3948849429344 2293.839086057692 15055.595947265625 0.3369140625 179.8951578541876 66726
60 1959.8 1184.30148328821 2879.199310432648 31076.73486328125 0.3369140625 363.4277890914351 85254
70 1913.1 1396.0260944355546 3950.2794884477557 31109.965087890625 0.3369140625 516.8581734319188 104852
80 1968.4 1834.7176612151654 4879.189508323415 31109.965087890625 0.3369140625 652.5167838601271 123983
90 2350 1681.6435259100738 4761.4941070622535 31188.77392578125 0.3369140625 814.491642873377 143667
100 2502.7 1970.8047458354454 5440.537348188432 31220.155029296875 0.3369140625 936.3941071836916 167167
110 3207.7 1555.793598757177 4317.433144644982 31220.155029296875 0.3369140625 1071.0923550662344 192194
120 3675.9 1672.546355443197 4789.371674623663 31236.43212890625 0.3369140625 1140.418134118695 224271
130 3646.9 1310.687602773503 4220.022236789406 31279.31884765625 0.3369140625 1215.3539701822406 261030
140 3662 1146.4371017814415 3424.5773034314143 31279.31884765625 0.3369140625 1227.040470798951 297499
150 3710.7 1399.6749510323955 4039.185176301425 31279.31884765625 0.3369140625 1218.206207038371 334119
160 3656.8 1253.8221751738663 3914.9995239704426 31279.31884765625 0.3369140625 1236.3454555915064 371226
170 3668.8 1121.8720052913013 3491.56370850344 31279.31884765625 0.3369140625 1237.9126406940036 407794
180 3703 1246.3583626306424 3683.866514679892 31279.31884765625 0.3369140625 1228.3345276733316 444482
190 3660.1 1029.2554132635464 3256.2762334223344 31279.31884765625 0.3369140625 1229.7206252336607 481512
200 3678.2 1295.5719206407985 3901.406207165239 31305.29296875 0.3369140625 1215.5591831866204 518113
