10 88.9 26.140199058369657 5.064068301187703 54.53515625 17.778076171875 0 0
20 183.9 172.6886836638459 95.54265762185516 340.781005859375 17.778076171875 26.140199058369657 889
30 143.7 1947.1227213541667 1444.991822629101 7324.016845703125 17.778076171875 124.93149788148946 2728
40 109.2 6165.418616214508 2548.9530393571968 16971.8388671875 17.778076171875 753.6202825466124 4165
50 135.9 10661.863257895864 4240.592504189086 25674.927001953125 17.778076171875 1877.7754623764283 5257
60 152.2 14611.453713696514 6734.0705995921235 35224.2939453125 17.778076171875 3682.1248145697346 6616
70 135.5 16747.476112956934 9732.469735251272 45121.472900390625 17.778076171875 5726.169860584843 8138
80 142.6 19135.125335393728 11959.958262214415 54848.526123046875 17.778076171875 7299.3153332451375 9493
90 171.4 20728.234224869186 13469.426678735286 64135.81396484375 17.778076171875 8845.048922682256 10919
100 228.2 21636.663865967876 14250.10075346879 77655.8359375 17.778076171875 10457.316761512968 12633
110 286.2 24374.751437802322 18421.695782176765 85253.81616210938 17.778076171875 12167.760616180489 14915
120 411.1 28133.195141702527 23911.837504839546 93628.43676757813 17.778076171875 14133.019531153865 17777
130 364.5 30458.42774247954 28480.45332846265 106636.28515625 17.778076171875 16762.529853475025 21888
140 363.6 29336.529813558747 29297.225546012924 110363.78393554688 17.778076171875 18717.70738080912 25533
150 402.6 33799.16711916967 32032.062000588743 120835.06005859375 17.778076171875 20041.374231420305 29169
160 361.1 29919.882619472723 30463.779969015206 127699.06396484375 17.778076171875 21709.96510854273 33195
170 373.5 27639.765370923815 30212.6909746552 136261.85009765625 17.778076171875 22515.431938189206 36806
180 377.5 26777.17101258536 29972.25590124097 144877.78588867188 17.778076171875 22987.531426886173 40541
190 362.8 22268.002186229554 26219.374420895983 161926.01000976563 17.778076171875 23310.346875843985 44316
200 367.7 24321.242840511404 28293.33077654836 167298.93603515625 17.778076171875 23231.47096782794 47944
