10 0.1 1.6076362722933935 0 1.6076362722933935 1.6076362722933935 0 0
20 0.1 14.794656110836218 0.0 14.794656110836218 1.6076362722933935 1.6076362722933935 1
30 0.1 24.594257178526842 0.0 24.594257178526842 1.6076362722933935 8.201146191564806 2
40 0.1 25.53830746119179 0.0 25.53830746119179 1.6076362722933935 13.665516520552151 3
50 0.1 25.507391631170133 0.0 25.53830746119179 1.6076362722933935 16.63371425571206 4
60 0.1 25.569176882662 0.0 25.569176882662 1.6076362722933935 18.408449730803675 5
70 0.1 25.33868539889614 0.0 25.569176882662 1.6076362722933935 19.601904256113396 6
80 0.1 25.420326223337515 0.0 25.569176882662 1.6076362722933935 20.421444419368072 7
90 0.1 25.457278877474316 0.0 25.569176882662 1.6076362722933935 21.046304644864254 8
100 0.1 25.63845768652979 0.0 25.63845768652979 1.6076362722933935 21.536412892932038 9
110 0.1 25.45135406218656 0.0 25.63845768652979 1.6076362722933935 21.946617372291815 10
120 0.1 25.469571750563485 0.0 25.63845768652979 1.6076362722933935 22.265229798645883 11
130 0.1 25.526052104208418 0.0 25.63845768652979 1.6076362722933935 22.532258294639018 12
140 0.1 25.47004261719729 0.0 25.63845768652979 1.6076362722933935 22.762550126144355 13
150 0.1 25.55055055055055 0.0 25.63845768652979 1.6076362722933935 22.95594244693385 14
160 0.1 25.463194792188283 0.0 25.63845768652979 1.6076362722933935 23.1289163205083 15
170 0.1 25.4326561324304 0.0 25.63845768652979 1.6076362722933935 23.274808724988297 16
180 0.1 25.532448008018036 0.0 25.63845768652979 1.6076362722933935 23.40174092542607 17
190 0.1 25.38847117794486 0.0 25.63845768652979 1.6076362722933935 23.52011354112562 18
200 0.1 29.410249806850373 0.0 29.410249806850373 1.6076362722933935 23.618448153589792 19
