10 0.1 2527.68359375 0 2527.68359375 2527.68359375 0 0
20 0.1 2527.09375 0.0 2527.68359375 2527.09375 2527.68359375 1
30 0.1 2517.79296875 0.0 2527.68359375 2517.79296875 2527.388671875 2
40 0.1 2517.5078125 0.0 2527.68359375 2517.5078125 2524.1901041666665 3
50 0.1 2516.703125 0.0 2527.68359375 2516.703125 2522.51953125 4
60 0.1 2514.46484375 0.0 2527.68359375 2514.46484375 2521.35625 5
70 0.1 2512.80859375 0.0 2527.68359375 2512.80859375 2520.2076822916665 6
80 0.1 2512.53125 0.0 2527.68359375 2512.53125 2519.1506696428573 7
90 0.1 2512.23828125 0.0 2527.68359375 2512.23828125 2518.3232421875 8
100 0.1 2511.5078125 0.0 2527.68359375 2511.5078125 2517.6471354166665 9
110 0.1 2510.17578125 0.0 2527.68359375 2510.17578125 2517.033203125 10
120 0.1 2510.13671875 0.0 2527.68359375 2510.13671875 2516.4098011363635 11
130 0.1 2508.90625 0.0 2527.68359375 2508.90625 2515.8870442708335 12
140 0.1 2507.8203125 0.0 2527.68359375 2507.8203125 2515.350060096154 13
150 0.1 2507.1484375 0.0 2527.68359375 2507.1484375 2514.8122209821427 14
160 0.1 2506.375 0.0 2527.68359375 2506.375 2514.301302083333 15
170 0.1 2505.0390625 0.0 2527.68359375 2505.0390625 2513.805908203125 16
180 0.1 2504.71484375 0.0 2527.68359375 2504.71484375 2513.290211397059 17
190 0.1 2503.484375 0.0 2527.68359375 2503.484375 2512.8138020833335 18
200 0.1 2501.1875 0.0 2527.68359375 2501.1875 2512.3227796052633 19
