10 0.1 3.19921875 0 3.19921875 3.19921875 0 0
20 0.1 2.7890625 0.0 3.19921875 2.7890625 3.19921875 1
30 0.1 2.51953125 0.0 3.19921875 2.51953125 2.994140625 2
40 0.1 2.28125 0.0 3.19921875 2.28125 2.8359375 3
50 0.1 2.08984375 0.0 3.19921875 2.08984375 2.697265625 4
60 0.1 2.0 0.0 3.19921875 2.0 2.57578125 5
70 0.1 1.8515625 0.0 3.19921875 1.8515625 2.4798177083333335 6
80 0.1 1.71875 0.0 3.19921875 1.71875 2.3900669642857144 7
90 0.1 1.609375 0.0 3.19921875 1.609375 2.30615234375 8
100 0.1 1.51171875 0.0 3.19921875 1.51171875 2.228732638888889 9
110 0.1 1.4296875 0.0 3.19921875 1.4296875 2.15703125 10
120 0.1 1.37109375 0.0 3.19921875 1.37109375 2.090909090909091 11
130 0.1 1.30859375 0.0 3.19921875 1.30859375 2.0309244791666665 12
140 0.1 1.26171875 0.0 3.19921875 1.26171875 1.9753605769230769 13
150 0.1 1.21875 0.0 3.19921875 1.21875 1.9243861607142858 14
160 0.1 1.19140625 0.0 3.19921875 1.19140625 1.87734375 15
170 0.1 1.16015625 0.0 3.19921875 1.16015625 1.83447265625 16
180 0.1 1.12890625 0.0 3.19921875 1.12890625 1.7948069852941178 17
190 0.1 1.109375 0.0 3.19921875 1.109375 1.7578125 18
200 0.1 1.171875 0.0 3.19921875 1.109375 1.7236842105263157 19
