10 549.3 1.6245425196699195 1.1195183569352873 39.034912109375 0.35595703125 0 0
20 1415.4 14.646086167393035 23.814575707275257 182.64013671875 0.35595703125 1.6245425196699195 5493
30 1609.4 344.24378039091164 219.34202388548107 1897.405029296875 0.35595703125 11.005462191369059 19647
40 1538.2 902.4363712583098 1209.5892685663885 6833.031005859375 0.35595703125 161.0610704033228 35741
50 1563.9 1413.9444012227495 2682.230357232866 11699.674072265625 0.35595703125 384.1276916452572 51123
60 1587.8 1810.832449431923 3971.8609154048713 20064.218017578125 0.35595703125 625.3622790015737 66762
70 1547.9 2126.546367744594 4832.043023567319 29114.078125 0.35595703125 853.1320680394863 82640
80 1624.4 2060.321044606254 4860.52711381986 31805.052978515625 0.35595703125 1054.022618749699 98119
90 1571 2471.2125988217767 6313.117978856986 45780.4921875 0.35595703125 1196.9561866835052 114363
100 1574.4 2227.6410003599913 5699.949217989916 55767.225830078125 0.35595703125 1350.8587508950804 130073
110 1580.2 2533.5316562727453 6740.830146211895 55767.225830078125 0.35595703125 1445.5257632158357 145817
120 1555.9 2441.298221735477 6299.14857277126 55767.225830078125 0.35595703125 1551.9035351491189 161619
130 1567.8 2655.167609359696 7242.265008411198 55767.225830078125 0.35595703125 1630.0063014553034 177178
140 1562.4 2487.093768563685 6600.293396428561 62361.52099609375 0.35595703125 1713.3455752415744 192856
150 1568.2 2650.9754873129114 6835.297455436049 62361.52099609375 0.35595703125 1771.332153198523 208480
160 1546.2 2529.673898736609 7242.1741402911 115672.18920898438 0.35595703125 1832.8705351079539 224162
170 1538.8 2668.387056640757 7480.439907806308 123671.8720703125 0.35595703125 1877.8325322719536 239624
180 1552.3 2633.15025646798 7202.22317382507 123671.8720703125 0.35595703125 1925.5363776634924 255012
190 1545.3 2644.8284474084385 7187.819437150759 139726.47705078125 0.35595703125 1966.1384817930211 270535
200 1499.3 2892.394032579786 7750.269984012499 139726.47705078125 0.35595703125 2002.8106360045792 285988
