20 0.1 3374 0 3374 3374 0 0
30 0.1 6026.0 0.0 6026 3374 3374.0 1
40 0.1 8265.0 0.0 8265 3374 4.7e3 2
50 0.1 9573.0 0.0 9573 3374 5888.333333333333 3
60 0.1 6443.0 0.0 9573 3374 6809.5 4
70 0.1 9146.0 0.0 9573 3374 6736.2 5
80 0.1 9159.0 0.0 9573 3374 7137.833333333333 6
90 0.1 8874.0 0.0 9573 3374 7426.571428571428 7
100 0.1 10504.0 0.0 10504 3374 7607.5 8
110 0.1 9710.0 0.0 10504 3374 7929.333333333333 9
120 0.1 10174.0 0.0 10504 3374 8107.4 10
130 0.1 9644.0 0.0 10504 3374 8295.272727272728 11
140 0.1 11318.0 0.0 11318 3374 8407.666666666666 12
150 0.1 11524.0 0.0 11524 3374 8631.538461538461 13
160 0.1 12262.0 0.0 12262 3374 8838.142857142857 14
170 0.1 12946.0 0.0 12946 3374 9066.4 15
180 0.1 13342.0 0.0 13342 3374 9308.875 16
190 0.1 12770.0 0.0 13342 3374 9546.117647058823 17
200 0.1 12403.0 0.0 13342 3374 9725.222222222223 18
