10 56.5 26.489036573561954 4.836948291048456 51.7958984375 16.875 0 0
20 150.4 76.47391980759653 455.8079399803086 12427.473876953125 16.875 26.489036573561954 565
30 218 406.72638073842444 1070.5007876195725 20609.512939453125 16.875 62.82410877461947 2069
40 225.7 2346.9034760778964 1542.5403127463687 26518.4130859375 16.875 239.2672607824083 4249
50 191.7 5725.406027255112 2164.903572866278 38011.880859375 16.875 970.4284870230965 6506
60 218.7 9760.88914318809 3447.120167825736 38011.880859375 16.875 2052.6191488567392 8423
70 247.5 12677.800498540062 5675.894510155958 38011.880859375 16.875 3641.4962909493565 10610
80 272.1 14247.981143389241 7618.086943218378 63232.693115234375 16.875 5350.694068082486 13085
90 264.6 16323.464920609089 9372.161294989677 70649.67919921875 16.875 6882.360405670091 15806
100 256.4 16940.037083570678 10412.674525094022 70649.67919921875 16.875 8236.206197266047 18452
110 245.8 17839.142322562046 11499.576878619466 70649.67919921875 16.875 9298.093444719656 21016
120 237.8 19216.285773582833 12793.525169087665 98862.60205078125 16.875 10192.440302593754 23474
130 284.9 20042.275243317952 13317.777453700817 98862.60205078125 16.875 11022.500047681639 25852
140 250.6 21955.342308147945 15376.048387177256 98862.60205078125 16.875 11917.846534994549 28701
150 228.6 23572.140259643427 16633.18491783434 100192.59814453125 16.875 12723.882501525211 31207
160 274.5 24059.075424778057 16954.991692939 107969.63110351563 16.875 13464.309373858483 33493
170 275.7 26306.170740104735 17986.71458794423 115235.0 16.875 14266.85456977918 36238
180 280.9 27173.954711349113 20111.463597034915 129910.62817382813 16.875 15118.05074061102 38995
190 254.1 27968.258120438084 20615.818921308895 132675.09692382813 16.875 15928.14150354766 41804
200 266.9 28464.978574899316 22233.491296042906 156722.71411132813 16.875 16618.048738264508 44345
201 13.5 30050.498659939232 22870.313273905325 156722.71411132813 16.875 17290.60278033662 47014
