10 0.1 1073.48828125 0 1073.48828125 1073.48828125 0 0
20 0.1 1077.1015625 0.0 1077.1015625 1073.48828125 1073.48828125 1
30 0.1 1078.39453125 0.0 1078.39453125 1073.48828125 1075.294921875 2
40 0.1 1082.83984375 0.0 1082.83984375 1073.48828125 1076.328125 3
50 0.1 1087.28125 0.0 1087.28125 1073.48828125 1077.9560546875 4
60 0.1 1078.65625 0.0 1087.28125 1073.48828125 1079.82109375 5
70 0.1 1067.515625 0.0 1087.28125 1067.515625 1079.626953125 6
80 0.1 1072.078125 0.0 1087.28125 1067.515625 1077.896763392857 7
90 0.1 1063.66796875 0.0 1087.28125 1063.66796875 1077.16943359375 8
100 0.1 1055.703125 0.0 1087.28125 1055.703125 1075.6692708333333 9
110 0.1 1053.6953125 0.0 1087.28125 1053.6953125 1073.67265625 10
130 0.1 1046.0703125 0.0 1087.28125 1046.0703125 1071.856534090909 11
140 0.1 1047.2265625 0.0 1087.28125 1046.0703125 1069.7076822916667 12
150 0.1 1041.453125 0.0 1087.28125 1041.453125 1067.9783653846155 13
160 0.1 1038.23046875 0.0 1087.28125 1038.23046875 1066.083705357143 14
170 0.1 1034.52734375 0.0 1087.28125 1034.52734375 1064.2268229166666 15
190 0.1 1032.85546875 0.0 1087.28125 1032.85546875 1062.37060546875 16
200 0.1 1027.62109375 0.0 1087.28125 1027.62109375 1060.6344209558824 17
