10 543.6 0.9945004584598051 0.3803713135423998 9.342041015625 0.373046875 0 0
20 1497.1 1.2663940323688294 14.131103250835736 1000.5908203125 0.373046875 0.9945004584598051 5436
30 2327.1 6.205567581263967 47.45939199712628 1017.14892578125 0.373046875 1.193967244121196 20407
40 3105 53.315316109035024 96.98904847945825 1457.39501953125 0.373046875 3.864074653930469 43678
50 3169.9 208.0436836886985 193.35244877580732 3220.385009765625 0.373046875 24.41140694143979 74728
60 3242.8 422.54927654932214 646.0440982294189 7242.2587890625 0.373046875 79.10579408578619 106427
70 3135.7 393.4178511448687 676.5253581501681 15253.820068359375 0.373046875 159.3130984632126 138855
80 3162.2 358.9597265325429 563.4092265790088 15253.820068359375 0.373046875 202.44062607488914 170212
90 3184.5 352.37702630968784 508.5110338832668 15253.820068359375 0.373046875 226.96299096223183 201834
100 3208.1 357.62709016063644 533.1724608289842 31281.39794921875 0.373046875 244.0540002340951 233679
110 2941.4 340.76829747413814 546.5931673914484 31281.39794921875 0.373046875 257.7638824508823 265760
120 3192.8 396.4059842577321 646.4664299388036 31281.39794921875 0.373046875 266.0352473525811 295174
130 3263.5 379.5747994358769 696.7148659073384 31281.39794921875 0.373046875 278.76056510639387 327102
140 3100.8 346.1286885878613 887.5548116599749 31281.39794921875 0.373046875 287.9063369823551 359737
150 3171.3 365.1654141073998 546.0849059941339 31281.39794921875 0.373046875 292.5266358437188 390745
160 3010.4 378.82704527137815 615.4704874548522 31281.39794921875 0.373046875 297.979470386031 422458
170 3164.6 378.0914738203116 650.1323840702538 31281.39794921875 0.373046875 303.3573752793903 452562
180 3185.1 372.7079923596889 580.2164487021134 31281.39794921875 0.373046875 308.24171275920474 484208
190 3258.1 375.73232120942174 681.8879307119904 31281.39794921875 0.373046875 312.22055136400576 516059
200 3073.5 347.6367088842895 579.3038632374376 31281.39794921875 0.373046875 315.9921993906416 548640
