10 0.1 1.66015625 0 1.66015625 1.66015625 0 0
20 0.1 1.55078125 0.0 1.66015625 1.55078125 1.66015625 1
30 0.1 1.4609375 0.0 1.66015625 1.4609375 1.60546875 2
40 0.1 1.8515625 0.0 1.8515625 1.4609375 1.5572916666666667 3
50 0.1 2.01953125 0.0 2.01953125 1.4609375 1.630859375 4
60 0.1 2.3984375 0.0 2.3984375 1.4609375 1.70859375 5
70 0.1 2.55859375 0.0 2.55859375 1.4609375 1.8235677083333333 6
80 0.1 2.53125 0.0 2.55859375 1.4609375 1.9285714285714286 7
100 0.1 2.51953125 0.0 2.55859375 1.4609375 2.00390625 8
110 0.1 3.05078125 0.0 3.05078125 1.4609375 2.0611979166666665 9
120 0.1 3.37109375 0.0 3.37109375 1.4609375 2.16015625 10
130 0.1 3.3515625 0.0 3.37109375 1.4609375 2.270241477272727 11
140 0.1 3.51953125 0.0 3.51953125 1.4609375 2.3603515624999996 12
150 0.1 3.6796875 0.0 3.6796875 1.4609375 2.4495192307692304 13
170 0.1 3.98046875 0.0 3.98046875 1.4609375 2.537388392857143 14
180 0.1 3.8984375 0.0 3.98046875 1.4609375 2.63359375 15
190 0.1 4.1484375 0.0 4.1484375 1.4609375 2.712646484375 16
200 0.1 3.890625 0.0 4.1484375 1.4609375 2.7971047794117645 17
