20 0.1 3515 0 3515 3515 0 0
30 0.1 7445.0 0.0 7445 3515 3515.0 1
40 0.1 11359.0 0.0 11359 3515 5480.0 2
50 0.1 15719.0 0.0 15719 3515 7439.666666666667 3
60 0.1 19281.0 0.0 19281 3515 9509.5 4
70 0.1 15533.0 0.0 19281 3515 11463.8 5
80 0.1 19235.0 0.0 19281 3515 12142.0 6
100 0.1 16245.0 0.0 19281 3515 13155.285714285714 7
110 0.1 18330.0 0.0 19281 3515 13541.5 8
120 0.1 15433.0 0.0 19281 3515 14073.555555555555 9
130 0.1 20008.0 0.0 20008 3515 14209.5 10
140 0.1 20135.0 0.0 20135 3515 14736.636363636364 11
150 0.1 17394.0 0.0 20135 3515 15186.5 12
170 0.1 21637.0 0.0 21637 3515 15356.307692307691 13
180 0.1 18012.0 0.0 21637 3515 15804.92857142857 14
190 0.1 21955.0 0.0 21955 3515 15952.066666666668 15
200 0.1 21365.0 0.0 21955 3515 16327.25 16
