10 0.1 0.6796875 0 0.6796875 0.6796875 0 0
20 0.1 0.6484375 0.0 0.6796875 0.6484375 0.6796875 1
30 0.1 0.55078125 0.0 0.6796875 0.55078125 0.6640625 2
40 0.1 0.55078125 0.0 0.6796875 0.55078125 0.6263020833333334 3
50 0.1 0.62109375 0.0 0.6796875 0.55078125 0.607421875 4
60 0.1 1.2890625 0.0 1.2890625 0.55078125 0.61015625 5
70 0.1 1.69140625 0.0 1.69140625 0.55078125 0.7233072916666666 6
80 0.1 2.73828125 0.0 2.73828125 0.55078125 0.8616071428571429 7
90 0.1 3.890625 0.0 3.890625 0.55078125 1.09619140625 8
110 0.1 4.390625 0.0 4.390625 0.55078125 1.4066840277777777 9
120 0.1 3.87109375 0.0 4.390625 0.55078125 1.705078125 10
130 0.1 4.921875 0.0 4.921875 0.55078125 1.9019886363636365 11
140 0.1 5.140625 0.0 5.140625 0.55078125 2.1536458333333335 12
150 0.1 5.421875 0.0 5.421875 0.55078125 2.3834134615384617 13
160 0.1 6.19921875 0.0 6.19921875 0.55078125 2.6004464285714284 14
180 0.1 6.23828125 0.0 6.23828125 0.55078125 2.8403645833333333 15
200 0.1 6.671875 0.0 6.671875 0.55078125 3.052734375 16
