10 602 1.206937000363377 0.7688402545036032 24.6298828125 0.245849609375 0 0
20 1516.2 1.2998871143473476 1.9391435181947474 210.93701171875 0.245849609375 1.206937000363377 6020
30 2438.8 2.0920273910805274 14.197063364943052 1027.3271484375 0.245849609375 1.2734703602078186 21182
40 3451.1 2.927576491123298 20.338465043879097 1027.3271484375 0.245849609375 1.7115429708929981 45570
50 4261.2 5.89172032122701 39.4138472603658 1234.06201171875 0.245849609375 2.2355940294046035 80081
60 5029.7 16.78207689973898 72.86312868775553 2000.35107421875 0.245849609375 3.5053881785992305 122693
70 5177.5 115.97893037877974 288.65908115723227 7240.01318359375 0.076904296875 7.36559751212814 172990
80 5180 436.911523461068 808.1645590970194 13970.18310546875 0.055908203125 32.384863452870185 224765
90 5398 618.464746012333 1388.06532278879 16577.15185546875 0.055908203125 108.15179342746801 276565
100 5218.9 601.3976517301058 1518.4837684720505 28290.77685546875 0.055908203125 191.4889886067356 330545
110 5270.8 587.2847641047948 1714.347766616609 34318.620849609375 0.055908203125 247.3834824843257 382734
120 5324 534.5353217373516 1780.2795010756115 54693.495849609375 0.055908203125 288.526773098579 435442
130 4693.2 737.4789324566694 1904.5736644473252 55717.31982421875 0.055908203125 315.328446026021 488682
140 5099.9 690.7203987474755 2211.251991960742 62719.712890625 0.055908203125 352.3184549301258 535614
150 4501.6 831.013171911707 2462.6864339016274 62719.712890625 0.055908203125 381.7384656232762 586613
160 5121.7 758.0540697003302 2393.968583773056 76429.69897460938 0.055908203125 413.7581325136185 631629
170 5129.1 785.0492486631882 2412.1042790877136 76429.69897460938 0.04296875 439.58211773853276 682846
180 5236.2 946.4811122616428 2818.495277488604 76429.69897460938 0.04296875 463.7184228318008 734137
190 5075.1 878.7451477056761 2868.877212206415 83558.57202148438 0.04296875 495.85885777695063 786499
200 5144.2 782.2976601018063 3169.88078747473 83558.57202148438 0.04296875 519.0680092850697 837250
