10 55.9 1.4194501900715562 2.325133516928247 33.679931640625 0.60986328125 0 0
20 153.6 1.0530405044555657 0.5000602539868633 33.679931640625 0.52685546875 1.4194501900715562 559
30 193 32.119644844964384 198.46613430158328 3004.45703125 0.52685546875 1.1508080530280425 2095
40 168 1586.0322347005197 2022.5696603584208 7020.781982421875 0.47607421875 16.000461471273294 4025
50 148 3653.796496582029 4535.785901260666 15052.676025390625 0.47607421875 478.3411063485974 5705
60 158.1 6582.2674968992105 6636.567025060354 31080.990966796875 0.47607421875 1132.436301553257 7185
70 151.2 5875.178830424319 8653.115524735133 31084.463134765625 0.47607421875 2115.345623917158 8766
80 153.8 7401.218936677099 8979.73867934141 31084.572021484375 0.47607421875 2668.4559380092796 10278
90 155.4 6713.54176548549 8740.991670297015 31087.347900390625 0.47607421875 3284.484161769529 11816
100 163.9 7720.030216238003 10194.722387408365 31100.006103515625 0.47607421875 3683.0447837721167 13370
110 145 6283.265456627158 9417.589589188245 31103.493896484375 0.47607421875 4123.88821929824 15009
120 155.8 6062.107815508665 8679.86290947574 31103.493896484375 0.463134765625 4314.124381527229 16459
130 166.1 7907.564039217704 9541.355542843805 31114.463134765625 0.463134765625 4465.279301333139 18017
140 155.6 7485.216243949833 9726.773723205115 31114.463134765625 0.463134765625 4755.83906094419 19678
150 162.5 7760.637108323317 10327.305909000106 31114.463134765625 0.463134765625 4955.844283547411 21234
160 156.9 7275.510344467019 8927.162588066001 31114.463134765625 0.463134765625 5155.231323236848 22859
170 179.2 9402.335148266397 10530.660620786502 31114.463134765625 0.39306640625 5291.415938608968 24428
180 147.8 8535.465190469331 10967.22774605603 31114.463134765625 0.39306640625 5572.375786957789 26220
190 173.1 9063.906029836204 11021.895845954321 31114.463134765625 0.39306640625 5730.48995182132 27698
200 175.4 5651.1452615840135 7935.048821268331 31114.463134765625 0.39306640625 5926.559924672716 29429
