10 0.1 1.6323455549974886 0 1.6323455549974886 1.6323455549974886 0 0
20 0.1 11.325482335254321 0.0 11.325482335254321 1.6323455549974886 1.6323455549974886 1
30 0.1 22.80130293159609 0.0 22.80130293159609 1.6323455549974886 6.478913945125905 2
40 0.1 25.56860784803799 0.0 25.56860784803799 1.6323455549974886 11.9197102739493 3
50 0.1 25.481370342585645 0.0 25.56860784803799 1.6323455549974886 15.331934667471472 4
60 0.1 25.519659403956922 0.0 25.56860784803799 1.6323455549974886 17.36182180249431 5
70 0.1 25.481370342585645 0.0 25.56860784803799 1.6323455549974886 18.721461402738075 6
80 0.1 25.413533834586467 0.0 25.56860784803799 1.6323455549974886 19.68716267985916 7
90 0.1 25.400801603206414 0.0 25.56860784803799 1.6323455549974886 20.402959074200073 8
100 0.1 25.469571750563485 0.0 25.56860784803799 1.6323455549974886 20.958274910756334 9
110 0.1 25.55055055055055 0.0 25.56860784803799 1.6323455549974886 21.409404594737047 10
120 0.1 25.444973677613437 0.0 25.56860784803799 1.6323455549974886 21.785872408901913 11
130 0.1 25.5819774718398 0.0 25.5819774718398 1.6323455549974886 22.090797514627877 12
140 0.1 25.50688360450563 0.0 25.5819774718398 1.6323455549974886 22.359349819028793 13
150 0.1 25.525525525525527 0.0 25.5819774718398 1.6323455549974886 22.584173660848567 14
160 0.1 25.450901803607213 0.0 25.5819774718398 1.6323455549974886 22.780263785160365 15
170 0.1 25.425851703406817 0.0 25.5819774718398 1.6323455549974886 22.947178661313295 16
180 0.1 25.482335254322226 0.0 25.5819774718398 1.6323455549974886 23.09298295790703 17
190 0.1 25.488232348522782 0.0 25.5819774718398 1.6323455549974886 23.225724752152317 18
200 0.1 25.575575575575577 0.0 25.5819774718398 1.6323455549974886 23.344804099329707 19
