10 56.3 23.070074864009765 27.78756578153751 417.139892578125 11.184814453125 0 0
20 134.6 194.99628075518882 251.47027428705792 957.694091796875 11.184814453125 23.070074864009765 563
30 129.1 3067.275127951625 1352.2384140660358 5969.325927734375 11.184814453125 144.29200945255192 1909
40 159.7 6290.776721397785 1345.0307630134669 12919.281005859375 11.184814453125 1323.5330113220218 3200
50 150.8 7791.268631750456 2653.227411908215 21561.52197265625 11.184814453125 2977.2099354393854 4797
60 154.3 10873.609603476367 5475.189555603908 22845.657958984375 11.184814453125 4128.613664866363 6305
70 156 11850.008849002154 7159.432636720825 37570.405029296875 11.184814453125 5454.751372979926 7848
80 144.4 13092.353774305866 9076.542602680984 46657.1708984375 11.184814453125 6515.189474871367 9408
90 151.7 14193.890004268025 9658.622371734069 55371.739013671875 11.184814453125 7390.366884416466 10852
100 155.7 13541.456071465313 9724.903562238254 60866.388916015625 11.184814453125 8224.787174885769 12369
110 144.3 14202.176136040638 13567.673004005832 82434.84814453125 11.184814453125 8819.218703822602 13926
120 156.6 23951.108830906283 26118.125991006535 87899.82495117188 11.184814453125 9324.626184770654 15369
130 140.1 33209.3650040011 31756.43440122532 96969.06494140625 11.184814453125 10677.154783757864 16935
140 147 33685.25691383007 32381.532026282108 110111.01489257813 11.184814453125 12398.774903661919 18336
150 147.9 38576.6318432006 35394.51876028567 110979.2939453125 11.184814453125 13978.656179787697 19806
160 155.9 38302.52192364017 35510.433246365385 115290.84497070313 11.184814453125 15687.86012651956 21285
170 141.9 37309.68680405295 33872.25833105858 128412.43994140625 11.184814453125 17231.208828222894 22844
180 155.2 42267.067543737656 37204.408971960336 128412.43994140625 11.184814453125 18405.4807751257 24263
190 140.8 44612.36207528547 36632.7701067441 128412.43994140625 11.184814453125 19840.041405181317 25815
200 144.8 54151.66698443161 47363.245288382095 169382.81591796875 11.184814453125 21121.289890047297 27223
