10 615.9046875 615.9046875
20 1471.434375 2087.3390625
30 1538.33359375 3625.67265625
40 1445.7765625 5071.44921875
50 1409.27109375 6480.7203125
60 1420.8484375 7901.56875
70 1401.02890625 9302.59765625
80 1304.3125 10606.91015625
90 1375.0109375 11981.92109375
100 1416.55625 13398.47734375
110 1286.76875 14685.24609375
120 1296.215625 15981.46171875
130 1366.1578125 17347.61953125
140 1320.18359375 18667.803125
150 1310.45625 19978.259375
160 1308.37578125 21286.63515625
170 1297.559375 22584.19453125
180 1311.5734375 23895.76796875
190 1290.65703125 25186.425
200 1314.59453125 26501.01953125
