10 0.1 4.1257861635220126 0 4.1257861635220126 4.1257861635220126 0 0
20 0.1 16.29425056490083 0.0 16.29425056490083 4.1257861635220126 4.1257861635220126 1
30 0.1 25.41948409717005 0.0 25.41948409717005 4.1257861635220126 10.21001836421142 2
40 0.1 25.46273136568284 0.0 25.46273136568284 4.1257861635220126 15.279840275197628 3
50 0.1 25.45045045045045 0.0 25.46273136568284 4.1257861635220126 17.82556304781893 4
60 0.1 25.450901803607213 0.0 25.46273136568284 4.1257861635220126 19.350540528345235 5
70 0.1 25.630776917312016 0.0 25.630776917312016 4.1257861635220126 20.367267407555563 6
80 0.1 25.457278877474316 0.0 25.630776917312016 4.1257861635220126 21.11919733752077 7
90 0.1 25.41990473802958 0.0 25.630776917312016 4.1257861635220126 21.661457530014964 8
100 0.1 25.5005005005005 0.0 25.630776917312016 4.1257861635220126 22.07906277534992 9
110 0.1 25.401203610832496 0.0 25.630776917312016 4.1257861635220126 22.421206547864976 10
120 0.1 25.481852315394242 0.0 25.630776917312016 4.1257861635220126 22.692115371771116 11
130 0.1 25.469571750563485 0.0 25.630776917312016 4.1257861635220126 22.924593450406377 12
140 0.1 25.519659403956922 0.0 25.630776917312016 4.1257861635220126 23.120361011956923 13
150 0.1 25.494120590442833 0.0 25.630776917312016 4.1257861635220126 23.291739468528355 14
160 0.1 25.469571750563485 0.0 25.630776917312016 4.1257861635220126 23.438564876655985 15
170 0.1 25.450901803607213 0.0 25.630776917312016 4.1257861635220126 23.565502806275205 16
180 0.1 25.556946182728414 0.0 25.630776917312016 4.1257861635220126 23.67640862964768 17
190 0.1 25.56278139069535 0.0 25.630776917312016 4.1257861635220126 23.780882938152164 18
200 0.1 25.444973677613437 0.0 25.630776917312016 4.1257861635220126 23.874667067233386 19
