10 0.1 2.2418136020151134 0 2.2418136020151134 2.2418136020151134 0 0
20 0.1 22.410691338987405 0.0 22.410691338987405 2.2418136020151134 2.2418136020151134 1
30 0.1 51.845429774585085 0.0 51.845429774585085 2.2418136020151134 12.32625247050126 2
40 0.1 72.9171847799055 0.0 72.9171847799055 2.2418136020151134 25.499311571862535 3
50 0.1 79.93850883935434 0.0 79.93850883935434 2.2418136020151134 37.35377987387328 4
60 0.1 80.72992700729927 0.0 80.72992700729927 2.2418136020151134 45.87072566696949 5
70 0.1 78.73239436619718 0.0 80.72992700729927 2.2418136020151134 51.680592557024454 6
80 0.1 75.79687843482084 0.0 80.72992700729927 2.2418136020151134 55.54513567262056 7
100 0.1 80.1022780102278 0.0 80.72992700729927 2.2418136020151134 58.07660351789559 8
110 0.1 77.365020766036 0.0 80.72992700729927 2.2418136020151134 60.52390068371028 9
120 0.1 77.6917312015988 0.0 80.72992700729927 2.2418136020151134 62.20801269194285 10
130 0.1 78.08459346920885 0.0 80.72992700729927 2.2418136020151134 63.61562346554794 11
140 0.1 79.12865388195867 0.0 80.72992700729927 2.2418136020151134 64.821370965853 12
150 0.1 76.38858636462645 0.0 80.72992700729927 2.2418136020151134 65.92193119016882 13
170 0.1 79.99572100984167 0.0 80.72992700729927 2.2418136020151134 66.66954941691579 14
180 0.1 74.71800855698172 0.0 80.72992700729927 2.2418136020151134 67.55796085644417 15
190 0.1 79.2326139088729 0.0 80.72992700729927 2.2418136020151134 68.00546383772776 16
200 0.1 78.06571031929663 0.0 80.72992700729927 2.2418136020151134 68.66588443014807 17
