10 643.92421875 643.92421875
20 1578.75859375 2222.6828125
30 2523.14765625 4745.83046875
40 3231.9359375 7977.76640625
50 3473.4234375 11451.18984375
60 3380.56796875 14831.7578125
70 3398.165625 18229.9234375
80 3483.928125 21713.8515625
90 3473.5140625 25187.365625
100 3496.73125 28684.096875
110 3464.45234375 32148.54921875
120 3484.09921875 35632.6484375
130 3454.81796875 39087.46640625
140 3433.46875 42520.93515625
150 3457.809375 45978.74453125
160 3478.2 49456.94453125
170 3365.23046875 52822.175
180 3358.27421875 56180.44921875
190 3415.80859375 59596.2578125
200 3397.33125 62993.5890625
