10 55.1 10.430909532384302 3.116210772696138 56.458984375 7.69384765625 0 0
20 146.3 12.707819909325867 7.310798714358711 57.77880859375 7.69384765625 10.430909532384302 551
30 244.5 24.879447353495653 19.836110814310985 97.818115234375 7.380859375 12.084891598653174 2014
40 263.4 470.0329944839425 570.560983509782 2068.05322265625 7.380859375 19.100520398964875 4459
50 245.7 2883.3699623763055 1333.5797840599218 9818.309814453125 7.380859375 186.55521329898335 7093
60 261.2 3955.1786432660556 2805.097001534795 17056.254150390625 7.380859375 880.3849346061018 9550
70 282 6765.1554523873865 5479.354819096003 23457.291015625 7.380859375 1540.7501020966297 12162
80 261.6 6142.428699365086 7079.715945903897 33347.8330078125 7.380859375 2524.1183498485943 14982
90 250.4 9536.186704007961 9814.640398725833 46249.39208984375 7.380859375 3061.9919647102342 17598
100 279.4 7556.897884382547 7644.915725275144 55962.991943359375 7.380859375 3868.448219172552 20102
110 277.7 9543.316118151759 10681.048753651807 66805.298828125 7.380859375 4318.549912245435 22896
120 267.2 6659.635750228054 8140.277728357698 66805.298828125 7.380859375 4883.703020717443 25673
130 260 8262.564615666317 9063.84939327054 74955.30200195313 7.380859375 5051.114989433349 28345
140 274.9 8190.756802544658 8838.762549962066 74955.30200195313 7.380859375 5320.941101186644 30945
150 252.2 8673.768911798854 9759.225069293947 74955.30200195313 7.380859375 5555.081404001186 33694
160 268.8 8567.050406410566 9936.351241636743 112261.69995117188 7.380859375 5772.259720067723 36216
170 275.2 8025.82144147296 9365.42703275979 114393.18310546875 7.380859375 5965.3606188156555 38904
180 240.9 10113.690746593997 11186.229723327044 114393.18310546875 7.380859375 6101.484783016561 41656
190 279.9 8938.092476351783 11266.688328139382 140945.55297851563 7.380859375 6320.829028251057 44065
200 262.7 9724.13083549067 9978.202005092317 140945.55297851563 7.380859375 6477.147746056493 46864
200 13.3 9988.319578242483 10765.191635501335 140945.55297851563 7.380859375 6649.498771009385 49491
