20 0.1 2383 0 2383 2383 0 0
30 0.1 5004.0 0.0 5004 2383 2383.0 1
40 0.1 7322.0 0.0 7322 2383 3693.5 2
50 0.1 9182.0 0.0 9182 2383 4903.0 3
60 0.1 10889.0 0.0 10889 2383 5972.75 4
70 0.1 10761.0 0.0 10889 2383 6956.0 5
80 0.1 10764.0 0.0 10889 2383 7590.166666666667 6
90 0.1 12447.0 0.0 12447 2383 8043.571428571428 7
100 0.1 10467.0 0.0 12447 2383 8594.0 8
110 0.1 11592.0 0.0 12447 2383 8802.111111111111 9
120 0.1 13459.0 0.0 13459 2383 9081.1 10
130 0.1 12751.0 0.0 13459 2383 9479.09090909091 11
140 0.1 13109.0 0.0 13459 2383 9751.750000000002 12
150 0.1 14507.0 0.0 14507 2383 10010.000000000002 13
160 0.1 14615.0 0.0 14615 2383 10331.214285714288 14
170 0.1 14420.0 0.0 14615 2383 10616.800000000001 15
180 0.1 15381.0 0.0 15381 2383 10854.500000000002 16
190 0.1 16181.0 0.0 16181 2383 11120.764705882355 17
200 0.1 13568.0 0.0 16181 2383 11401.88888888889 18
