10 87.3 13.258607285402352 10.765326847831384 221.903076171875 8.62890625 0 0
20 188.1 13.641997950309014 6.9734708659019855 260.170166015625 8.62890625 13.258607285402352 873
30 275.1 23.752200637978245 138.23688500770436 4256.63916015625 8.62890625 13.52046561535494 2754
40 375.2 59.82487360907515 548.4023194253189 20556.447021484375 8.62890625 18.63354518796833 5505
50 448.3 91.297231980102 180.1517897600144 20556.447021484375 8.62890625 35.329004217458746 9257
60 498.9 547.7164489415777 894.1287778730906 46688.031982421875 8.62890625 53.58996237320327 13740
70 455.7 1911.1262772245996 1362.8661611858836 46688.031982421875 8.62890625 185.21455746582006 18729
80 472.4 4806.575770882812 2590.9889555812933 46688.031982421875 8.62890625 522.9702779390983 23286
90 565.3 6261.445001418306 4251.513625455055 46688.031982421875 8.62890625 1245.417702025714 28010
100 458.5 5847.902912169015 4750.815556100366 46688.031982421875 8.62890625 2087.755055305764 33663
110 510.4 6392.8671647313895 5074.293227562899 46688.031982421875 8.62890625 2538.504844150096 38248
120 505.2 6255.326773624617 5432.014368144316 51088.02783203125 8.62890625 2992.2939492489822 43352
130 524.1 6069.027031831346 5944.491855699084 63655.476806640625 8.62890625 3332.861708705757 48404
140 475 6548.309610711346 6388.102842577219 72889.6611328125 8.62890625 3600.1791186880705 53645
150 498.7 6641.056880114855 6583.772883084638 79649.02612304688 8.62890625 3839.987661150791 58395
160 461.6 7684.261443510008 7383.883318803729 88152.60302734375 8.62890625 4060.380394024064 63382
170 577.2 8370.791948705726 7962.192459056752 88152.60302734375 8.62890625 4306.385201877635 67998
180 564.5 7721.13543274089 10402.881216460408 96498.69213867188 8.62890625 4624.397344248406 73770
190 450.2 6776.647223467094 9073.294697095169 96498.69213867188 8.62890625 4844.520576755364 79415
200 449.8 8821.611419474197 10425.918718732562 107525.9609375 8.62890625 4948.17578563433 83917
