10 57.4 1.1848808049324906 0.3049121458300963 3.9521484375 0.60205078125 0 0
20 145.4 1.2944765786193273 1.8661523693156905 43.362060546875 0.508056640625 1.1848808049324906 574
30 254.6 1.021381770731051 0.3166974865889126 43.362060546875 0.467041015625 1.2634568675265045 2028
40 339.3 1.8036658941662977 31.600187022898304 1399.990966796875 0.467041015625 1.1287119623141686 4574
50 430.9 1.077883239023704 0.3985792036979633 1399.990966796875 0.467041015625 1.4161625322619877 7967
60 514.5 3.943062989704815 52.073405014333396 1399.990966796875 0.467041015625 1.2974230833727922 12276
70 585.3 49.092825535849634 214.85999455396725 2367.638916015625 0.467041015625 2.078768431979546 17421
80 651.2 360.8509599840312 663.5968027954914 7040.901123046875 0.467041015625 13.901973563411685 23274
90 846.2 666.3568184766248 1114.4196927473222 15078.431884765625 0.467041015625 89.75411213761011 29786
100 802.8 644.850550721402 1600.0686469098298 16587.7880859375 0.467041015625 217.32188302865652 38248
110 823.4 612.4608580964817 1219.1025362221899 16587.7880859375 0.467041015625 291.48992141221083 46276
120 763.9 606.1238246797393 1582.4758476529262 32285.340087890625 0.467041015625 339.9741388522821 54510
130 658.7 456.70334215802643 1162.8764281578901 32285.340087890625 0.467041015625 372.68773762355676 62149
140 771.6 555.4500655851081 1058.8792278297603 32285.340087890625 0.467041015625 380.73898859929807 68736
150 889.2 491.4854639133159 986.0636274378091 32285.340087890625 0.467041015625 398.3718912051489 76452
160 960.8 636.6472207100364 1386.2195250787122 32285.340087890625 0.467041015625 408.0734037721837 85344
170 961.9 485.9724972882859 1238.9197445221657 32285.340087890625 0.467041015625 431.2023239964959 94952
180 954.4 380.27064085686214 985.1549683929982 32285.340087890625 0.467041015625 436.2403775380488 104571
190 915 495.400869887723 1533.649556239987 32285.340087890625 0.467041015625 431.5593525467221 114115
200 953.6 358.5167648520256 816.4022373911333 32285.340087890625 0.467041015625 436.29832860375495 123265
