10 0.1 1.863041289023162 0 1.863041289023162 1.863041289023162 0 0
20 0.1 13.395796404152952 0.0 13.395796404152952 1.863041289023162 1.863041289023162 1
30 0.1 28.237633606761126 0.0 28.237633606761126 1.863041289023162 7.629418846588057 2
40 0.1 42.2817112834626 0.0 42.2817112834626 1.863041289023162 14.498823766645748 3
50 0.1 54.121773991480836 0.0 54.121773991480836 1.863041289023162 21.44454564584996 4
60 0.1 65.20321123933768 0.0 65.20321123933768 1.863041289023162 27.979991314976132 5
70 0.1 72.74092615769712 0.0 72.74092615769712 1.863041289023162 34.18386130236973 6
80 0.1 82.03472840605521 0.0 82.03472840605521 1.863041289023162 39.692013424559356 7
90 0.1 92.7017543859649 0.0 92.7017543859649 1.863041289023162 44.98485279724633 8
100 0.1 87.54508295263285 0.0 92.7017543859649 1.863041289023162 50.2867307515484 9
110 0.1 90.94746716697935 0.0 92.7017543859649 1.863041289023162 54.01256597165684 10
130 0.1 88.80050240736864 0.0 92.7017543859649 1.863041289023162 57.3702842621407 11
140 0.1 77.32185381938083 0.0 92.7017543859649 1.863041289023162 59.98946910757636 12
150 0.1 87.3249299719888 0.0 92.7017543859649 1.863041289023162 61.322729470022864 13
160 0.1 90.57988165680473 0.0 92.7017543859649 1.863041289023162 63.18002950587758 14
170 0.1 87.5060299083454 0.0 92.7017543859649 1.863041289023162 65.00668631593938 15
180 0.1 85.23505787857312 0.0 92.7017543859649 1.863041289023162 66.41289529046475 16
190 0.1 88.21917808219179 0.0 92.7017543859649 1.863041289023162 67.52008132505935 17
200 0.1 86.14404918752744 0.0 92.7017543859649 1.863041289023162 68.67003114490005 18
