10 573.3 1.221825499029744 0.7067313030416933 7.39306640625 0.380126953125 0 0
20 1454.7 1.4381247428862083 3.5503530179718763 221.843994140625 0.179931640625 1.221825499029744 5733
30 2544.5 1.3350210779377134 2.173072828061287 255.512939453125 0.179931640625 1.3769786104883233 20280
40 3393.3 1.7759535233608368 20.18533753806698 1857.501953125 0.179931640625 1.353630126819646 45725
50 4303.6 2.0055444701274854 6.46293980363899 1857.501953125 0.179931640625 1.5335329591131035 79658
60 5105.5 7.287505021009816 27.906160333597086 1857.501953125 0.179931640625 1.6990951495055835 122694
70 5524.2 47.02769651689502 106.76447072165071 2605.732177734375 0.179931640625 3.341212606237125 173749
80 5491.3 249.17195107025873 431.27198059212736 8131.3759765625 0.075927734375 13.880180269562597 228991
90 5516.6 522.0474714641425 908.1136633278828 15206.550048828125 0.06689453125 59.390553529462515 283904
100 5650.8 503.89675595487796 1303.5954579646989 22425.98291015625 0.06689453125 134.6638939452603 339070
110 5525.5 521.1714794661102 1134.5525898712915 25257.033935546875 0.06689453125 187.40851211522798 395578
120 5359.1 563.7488899849485 1509.8740590737905 41068.717041015625 0.06689453125 228.31517325354972 450833
130 4894.3 639.2651850799708 1748.1445774447732 41068.717041015625 0.06494140625 263.9523124724457 504424
140 5406.6 502.06212784201415 1519.6420760179858 54945.22998046875 0.06494140625 297.1471685517387 553367
150 5491.7 567.0531519662983 1698.671379148823 59662.822998046875 0.06494140625 315.38610550279014 607433
160 5472.1 722.889383952195 2000.116465187991 59662.822998046875 0.06494140625 336.25241363389375 662350
170 5415 794.6890681628012 2415.018113637182 78999.63793945313 0.06494140625 365.75738824977947 717071
180 5566.5 734.2088967361204 2613.801094011866 78999.63793945313 0.06494140625 395.8741128556838 771221
190 5550.6 747.7913649458771 2683.302882864551 93339.47509765625 0.06494140625 418.6504154472194 826886
200 5514.6 663.1045123975169 2400.721361023387 93339.47509765625 0.06494140625 439.35470281935386 882392
