20 0.1 2509 0 2509 2509 0 0
30 0.1 4963.0 0.0 4963 2509 2509.0 1
40 0.1 7623.0 0.0 7623 2509 3736.0 2
50 0.1 10069.0 0.0 10069 2509 5031.666666666667 3
60 0.1 12613.0 0.0 12613 2509 6291.0 4
70 0.1 14581.0 0.0 14581 2509 7555.4 5
80 0.1 18696.0 0.0 18696 2509 8726.333333333334 6
90 0.1 25090.0 0.0 25090 2509 10150.57142857143 7
100 0.1 14409.0 0.0 25090 2509 12018.0 8
110 0.1 19274.0 0.0 25090 2509 12283.666666666666 9
130 0.1 19443.0 0.0 25090 2509 12982.7 10
140 0.1 20071.0 0.0 25090 2509 13570.0 11
150 0.1 19001.0 0.0 25090 2509 14111.75 12
160 0.1 18799.0 0.0 25090 2509 14487.846153846154 13
170 0.1 17631.0 0.0 25090 2509 14795.785714285714 14
180 0.1 20431.0 0.0 25090 2509 14984.8 15
190 0.1 17222.0 0.0 25090 2509 15325.1875 16
200 0.1 22123.0 0.0 25090 2509 15436.764705882353 17
