10 934.01328125 934.01328125
20 1953.853125 2887.86640625
30 2663.63671875 5551.503125
40 2805.36484375 8356.86796875
50 2702.49765625 11059.365625
60 2696.05546875 13755.42109375
70 2838.5109375 16593.93203125
80 2787.596875 19381.52890625
90 2744.89140625 22126.4203125
100 2810.871875 24937.2921875
110 2879.34609375 27816.63828125
120 2766.29609375 30582.934375
130 2843.9140625 33426.8484375
140 2685.9765625 36112.825
150 2835.28984375 38948.11484375
160 2906.2578125 41854.37265625
170 2896.2828125 44750.65546875
180 2719.85 47470.50546875
190 2584.771875 50055.27734375
200 2740.4234375 52795.70078125
200 195.759375 52991.46015625
