10 0.1 2.98046875 0 2.98046875 2.98046875 0 0
20 0.1 2.51953125 0.0 2.98046875 2.51953125 2.98046875 1
30 0.1 2.2890625 0.0 2.98046875 2.2890625 2.75 2
40 0.1 2.08984375 0.0 2.98046875 2.08984375 2.5963541666666665 3
50 0.1 2.0 0.0 2.98046875 2.0 2.4697265625 4
60 0.1 1.78125 0.0 2.98046875 1.78125 2.37578125 5
70 0.1 1.66015625 0.0 2.98046875 1.66015625 2.2766927083333335 6
80 0.1 1.55859375 0.0 2.98046875 1.55859375 2.1886160714285716 7
90 0.1 1.46875 0.0 2.98046875 1.46875 2.10986328125 8
100 0.1 1.23828125 0.0 2.98046875 1.23828125 2.0386284722222223 9
110 0.1 1.12890625 0.0 2.98046875 1.12890625 1.95859375 10
120 0.1 1.109375 0.0 2.98046875 1.109375 1.8831676136363635 11
130 0.1 0.94140625 0.0 2.98046875 0.94140625 1.8186848958333333 12
140 0.1 0.80078125 0.0 2.98046875 0.80078125 1.7512019230769231 13
150 0.1 0.671875 0.0 2.98046875 0.671875 1.6833147321428572 14
160 0.1 0.6484375 0.0 2.98046875 0.6484375 1.6158854166666667 15
170 0.1 0.55078125 0.0 2.98046875 0.55078125 1.555419921875 16
180 0.1 0.62109375 0.0 2.98046875 0.55078125 1.4963235294117647 17
190 0.1 0.51953125 0.0 2.98046875 0.51953125 1.4476996527777777 18
200 0.1 0.51953125 0.0 2.98046875 0.51953125 1.3988486842105263 19
