10 584.4 4.621196686772767 3.445013671487623 97.782958984375 1.35302734375 0 0
20 1205.8 83.38922877397928 106.3055830285594 1305.168212890625 1.35302734375 4.621196686772767 5844
30 1255.5 769.6403579717985 331.08013599580175 2044.805908203125 1.35302734375 57.675879454482306 17902
40 1214.6 2012.2713419428837 777.2505406023652 9412.60302734375 1.35302734375 351.16223818268617 30457
50 683.5 3348.6315180010424 2063.133131913468 15913.509033203125 1.35302734375 824.7399480686415 42603
60 279.7 5716.654041561689 2810.165141430351 22179.899169921875 1.35302734375 1173.6779892614074 49438
70 807.2 7173.297994744081 7051.030389285213 37298.912109375 1.35302734375 1416.9383322935485 52235
80 701 7510.4532389555 8947.010701916786 45227.35205078125 1.35302734375 2187.418296398888 60307
90 295.9 14436.060960569208 10554.727620497108 57209.903076171875 1.35302734375 2741.728128199501 67317
100 88.6 40123.566033150244 14829.18661081487 63274.4189453125 1.35302734375 3234.1228412022606 70276
110 37.2 57883.602535124744 4593.216167385155 71278.42700195313 1.35302734375 3693.4135675458983 71162
120 485.6 21744.28498832798 19700.952294922226 78103.755859375 1.35302734375 3975.220125209937 71534
130 553.3 8642.366142721094 10312.18171584183 78103.755859375 1.35302734375 5104.773456474516 76390
140 571.2 13358.430141203218 11696.093947808733 78103.755859375 1.35302734375 5343.699036995278 81923
150 580.3 19871.653026906293 19360.7229099293 112726.03491210938 1.35302734375 5866.094701595446 87635
160 312.2 17762.82209491434 10934.975509857502 112726.03491210938 1.35302734375 6735.914849306002 93438
170 406.4 14774.56504779732 12868.493303723057 115669.40014648438 1.35302734375 7092.439335851044 96560
180 492.1 20634.58340426197 15914.714991136992 119732.17211914063 1.35302734375 7402.704867864775 100624
190 511.2 29132.85869167363 31645.877030699517 143776.18920898438 1.35302734375 8019.636738418668 105545
200 657.8 34479.14304662425 37470.83837480306 145846.95703125 1.35302734375 8995.000164365869 110657
200 41.4 8672.766740144727 4902.474171365159 145846.95703125 1.35302734375 10424.90328100762 117235
