10 0.1 3.826787512588117 0 3.826787512588117 3.826787512588117 0 0
20 0.1 19.526774595267746 0.0 19.526774595267746 3.826787512588117 3.826787512588117 1
30 0.1 25.50688360450563 0.0 25.50688360450563 3.826787512588117 11.67678105392793 2
40 0.1 25.525 0.0 25.525 3.826787512588117 16.286815237453833 3
50 0.1 25.388861013547416 0.0 25.525 3.826787512588117 18.596361428090376 4
60 0.1 25.432222500626413 0.0 25.525 3.826787512588117 19.954861345181783 5
70 0.1 25.56334501752629 0.0 25.56334501752629 3.826787512588117 20.867754871089222 6
80 0.1 25.426278836509532 0.0 25.56334501752629 3.826787512588117 21.538553463437378 7
90 0.1 25.46365914786967 0.0 25.56334501752629 3.826787512588117 22.024519135071397 8
100 0.1 25.426278836509532 0.0 25.56334501752629 3.826787512588117 22.406645803160092 9
110 0.1 25.460348637368035 0.0 25.56334501752629 3.826787512588117 22.70860910649504 10
120 0.1 25.495111556781147 0.0 25.56334501752629 3.826787512588117 22.95876724566531 11
130 0.1 25.507391631170133 0.0 25.56334501752629 3.826787512588117 23.17012927159163 12
140 0.1 25.401203610832496 0.0 25.56334501752629 3.826787512588117 23.3499186838669 13
150 0.1 25.469571750563485 0.0 25.56334501752629 3.826787512588117 23.496439035793014 14
160 0.1 25.507391631170133 0.0 25.56334501752629 3.826787512588117 23.627981216777712 15
170 0.1 37.47656040717921 0.0 37.47656040717921 3.826787512588117 23.74544436767724 16
180 0.1 38.33883388338834 0.0 38.33883388338834 3.826787512588117 24.553157075883238 17
190 0.1 36.20495495495496 0.0 38.33883388338834 3.826787512588117 25.319028009633524 18
200 0.1 35.002878526194586 0.0 38.33883388338834 3.826787512588117 25.89197153307149 19
