10 595 6.304195320706387 23.020087534305954 1003.466064453125 1.489990234375 0 0
20 1089.5 204.14934970528373 180.13186126197974 1563.56103515625 1.489990234375 6.304195320706387 5950
30 1125.2 1074.7552518007208 359.2059814947422 4249.9970703125 1.489990234375 134.26637739372333 16845
40 1083.5 2337.7680666766423 810.761857256656 9303.56005859375 1.489990234375 510.9037698138228 28097
50 1094.8 3474.43249721339 1893.3283473191352 10053.62890625 1.489990234375 1019.3306334866022 38932
60 1105.9 4873.787090323253 2887.0343111880343 18811.3701171875 1.489990234375 1558.1930072652885 49880
70 1068.7 6191.577412841325 3923.9206747329686 18985.2080078125 1.489990234375 2159.8956109269507 60939
80 1037.8 6641.947406985674 4566.951138458353 23155.631103515625 1.489990234375 2761.4450959890637 71626
90 1062.7 8377.765074896783 5614.2567064726245 33676.385986328125 1.489990234375 3252.5412984123946 82004
100 1049.5 7844.57497776098 6523.771055143417 37194.117919921875 1.489990234375 3840.5275349066524 92631
110 1058.4 6789.738693617906 4549.959571420138 45148.9619140625 1.489990234375 4248.014278431623 103126
120 1064.1 6996.447364809288 5527.23197251035 47310.508056640625 1.489990234375 4484.595152676031 113710
130 1061.4 6878.960921421771 4871.939460145353 47310.508056640625 1.489990234375 4699.540101967231 124351
140 1028.6 7043.2001533248695 6299.554922963986 76006.42993164063 1.489990234375 4870.935445780001 134965
150 1015.5 8272.552058859173 6390.5661291794495 76006.42993164063 1.489990234375 5024.765125312717 145251
160 1569.1 9319.575427923723 9066.211279413359 76006.42993164063 1.489990234375 5236.991656528786 155406
170 1843.2 7519.744658748312 8570.16061387047 76006.42993164063 1.489990234375 5611.398115770958 171097
180 1853.6 8117.265774044836 9203.178761359646 112641.27099609375 1.489990234375 5796.987885569557 189529
190 1849.8 8131.978956115432 9838.9718842018 112641.27099609375 1.489990234375 6003.695745809278 208065
200 1967.9 9201.711053881998 11084.737866988675 127684.05712890625 1.489990234375 6177.461907204754 226563
