10 627.7484375 627.7484375
20 1113.7890625 1741.5375
30 1143.928125 2885.465625
40 1108.45625 3993.921875
50 1134.44375 5128.365625
60 1140.6765625 6269.0421875
70 1098.471875 7367.5140625
80 1050.1796875 8417.69375
90 1107.403125 9525.096875
100 1078.2578125 10603.3546875
110 1090.7125 11694.0671875
120 1099.6546875 12793.721875
130 1093.0234375 13886.7453125
140 1045.915625 14932.6609375
150 1033.925 15966.5859375
160 1756.096875 17722.6828125
170 2092.678125 19815.3609375
180 2086.4578125 21901.81875
190 2080.178125 23981.996875
200 2104.984375 26086.98125
