0 0.5 34.822998046875 4.5470480764686 41.39208984375 29.97998046875 0 0
10 93.8 46.80971346531851 293.0813747793257 8479.803955078125 17.239013671875 34.822998046875 5
20 193.7 49.47233875375097 459.4976273494618 15976.780029296875 16.737060546875 46.74615717996091 943
30 154.5 623.0791123078479 747.2490585221215 15976.780029296875 16.737060546875 48.579703606499564 2880
40 24 8964.02829386393 2078.957044200828 15976.780029296875 16.737060546875 249.16763274629238 4425
50 26.1 17906.165311265268 1788.619704035339 22782.952880859375 16.737060546875 697.5205928037915 4665
60 22.7 25181.68903044983 2422.893737767518 31550.635986328125 16.737060546875 1609.3062752070487 4926
70 17.2 33889.84528723429 3250.415197991924 42407.510009765625 16.737060546875 2647.717081618869 5153
80 15.8 41322.83303871637 5159.312140343692 53038.774169921875 16.737060546875 3656.852490326072 5325
90 12.6 52979.6196734716 4811.011412153912 62903.927001953125 16.737060546875 4742.2482456873095 5483
100 14.1 61490.013948914006 5958.198523033061 71403.39208984375 16.737060546875 5825.84760384399 5609
110 9.1 69324.55445945656 8625.141405296221 81771.83715820313 16.737060546875 7190.829769870924 5750
120 5.6 79566.56176757814 7297.204257211598 90730.70483398438 16.737060546875 8158.84362824317 5841
130 11.3 85089.58269237417 10419.09656087913 101123.09497070313 16.737060546875 8836.956603620949 5897
140 10.1 91860.10861357128 12358.046313781173 111846.89794921875 16.737060546875 10270.658225589188 6010
150 5.5 105060.64977361506 12985.501066593366 121465.03588867188 16.737060546875 11619.133841558129 6111
160 11.5 111309.58064495584 14642.362377309273 130207.17797851563 16.737060546875 12452.62125256415 6166
170 6.5 122803.25754957933 12879.245045076124 141533.38500976563 16.737060546875 14262.611752504454 6281
180 4.2 128811.65848214286 14668.63859331396 149677.71899414063 16.737060546875 15374.358045730085 6346
190 3.7 134320.92853937927 14913.550224645456 153884.28295898438 16.737060546875 16120.188762437872 6388
200 6.4 147942.39058303833 16315.775152947615 170172.1650390625 16.737060546875 16800.877847534655 6425
