20 0.1 5158 0 5158 5158 0 0
30 0.1 9153.0 0.0 9153 5158 5158.0 1
40 0.1 11422.0 0.0 11422 5158 7155.5 2
50 0.1 10571.0 0.0 11422 5158 8577.666666666666 3
60 0.1 11584.0 0.0 11584 5158 9076.0 4
70 0.1 8985.0 0.0 11584 5158 9577.6 5
80 0.1 12923.0 0.0 12923 5158 9478.833333333334 6
90 0.1 10522.0 0.0 12923 5158 9970.857142857143 7
100 0.1 12844.0 0.0 12923 5158 10039.75 8
110 0.1 13988.0 0.0 13988 5158 10351.333333333334 9
120 0.1 12544.0 0.0 13988 5158 10715.0 10
130 0.1 12633.0 0.0 13988 5158 10881.272727272728 11
140 0.1 15648.0 0.0 15648 5158 11027.25 12
150 0.1 14402.0 0.0 15648 5158 11382.692307692309 13
160 0.1 16490.0 0.0 16490 5158 11598.357142857143 14
170 0.1 13309.0 0.0 16490 5158 11924.466666666667 15
180 0.1 12070.0 0.0 16490 5158 12011.0 16
190 0.1 16003.0 0.0 16490 5158 12014.470588235294 17
200 0.1 18163.0 0.0 18163 5158 12236.055555555555 18
