20 0.1 3543 0 3543 3543 0 0
30 0.1 6.1e3 0.0 6100 3543 3543.0 1
40 0.1 7772.0 0.0 7772 3543 4821.5 2
50 0.1 7394.0 0.0 7772 3543 5805.0 3
60 0.1 8298.0 0.0 8298 3543 6202.25 4
70 0.1 6489.0 0.0 8298 3543 6621.4 5
80 0.1 9247.0 0.0 9247 3543 6599.333333333333 6
90 0.1 7638.0 0.0 9247 3543 6977.571428571428 7
100 0.1 9374.0 0.0 9374 3543 7060.125 8
110 0.1 10041.0 0.0 10041 3543 7317.222222222223 9
120 0.1 9012.0 0.0 10041 3543 7589.6 10
130 0.1 9548.0 0.0 10041 3543 7718.909090909091 11
140 0.1 11348.0 0.0 11348 3543 7871.333333333333 12
150 0.1 10691.0 0.0 11348 3543 8138.7692307692305 13
160 0.1 12516.0 0.0 12516 3543 8321.07142857143 14
170 0.1 10142.0 0.0 12516 3543 8600.733333333334 15
180 0.1 9224.0 0.0 12516 3543 8697.0625 16
190 0.1 12492.0 0.0 12516 3543 8728.058823529413 17
200 0.1 14379.0 0.0 14379 3543 8937.166666666666 18
