0 6.8671875 6.8671875
10 973.94609375 980.81328125
20 2009.84765625 2990.6609375
30 2108.0078125 5098.66875
40 1090.73828125 6189.40703125
50 701.134375 6890.54140625
60 746.08359375 7636.625
70 753.490625 8390.115625
80 639.9421875 9030.0578125
90 628.64375 9658.7015625
100 723.7109375 10382.4125
110 545.73828125 10928.15078125
120 212.41484375 11140.565625
130 875.15390625 12015.71953125
140 519.3953125 12535.11484375
150 382.6 12917.71484375
160 904.30625 13822.02109375
170 157.409375 13979.43046875
180 392.01328125 14371.44375
190 158.27421875 14529.71796875
200 769.215625 15298.93359375
