0 7.54375 7.54375
10 1079.7578125 1087.3015625
20 2204.0640625 3291.365625
30 2094.5734375 5385.9390625
40 818.80625 6204.7453125
50 563.13125 6767.8765625
60 678.86875 7446.7453125
70 485.665625 7932.4109375
80 484.21875 8416.6296875
90 437.825 8854.4546875
100 473.9625 9328.4171875
110 373.290625 9701.7078125
120 110.753125 9812.4609375
130 541.81875 10354.2796875
140 469.125 10823.4046875
150 174.021875 10997.4265625
160 642.1703125 11639.596875
170 111.75 11751.346875
180 251.965625 12003.3125
190 102.9390625 12106.2515625
200 454.8375 12561.0890625
