10 0.1 0.94140625 0 0.94140625 0.94140625 0 0
20 0.1 0.80078125 0.0 0.94140625 0.80078125 0.94140625 1
30 0.1 0.671875 0.0 0.94140625 0.671875 0.87109375 2
40 0.1 0.80078125 0.0 0.94140625 0.671875 0.8046875 3
50 0.1 1.05859375 0.0 1.05859375 0.671875 0.8037109375 4
60 0.1 1.12109375 0.0 1.12109375 0.671875 0.8546875 5
70 0.1 1.1015625 0.0 1.12109375 0.671875 0.8990885416666666 6
80 0.1 1.390625 0.0 1.390625 0.671875 0.9280133928571429 7
90 0.1 1.640625 0.0 1.640625 0.671875 0.98583984375 8
100 0.1 1.859375 0.0 1.859375 0.671875 1.05859375 9
110 0.1 1.80859375 0.0 1.859375 0.671875 1.138671875 10
120 0.1 1.69140625 0.0 1.859375 0.671875 1.1995738636363635 11
130 0.1 1.73046875 0.0 1.859375 0.671875 1.2405598958333333 12
140 0.1 2.23828125 0.0 2.23828125 0.671875 1.2782451923076923 13
150 0.1 2.4296875 0.0 2.4296875 0.671875 1.3468191964285714 14
160 0.1 2.53125 0.0 2.53125 0.671875 1.4190104166666666 15
170 0.1 2.53125 0.0 2.53125 0.671875 1.488525390625 16
180 0.1 2.4609375 0.0 2.53125 0.671875 1.5498621323529411 17
190 0.1 2.3984375 0.0 2.53125 0.671875 1.6004774305555556 18
200 0.1 2.66015625 0.0 2.66015625 0.671875 1.6424753289473684 19
