0 6 2.102225748697917 0.43933106959250695 3.143798828125 1.4140625 0 0
10 1007.1 2.1243788244091864 0.635141844935958 13.93798828125 1.141845703125 2.102225748697917 60
20 1843.6 2.69844253483758 17.089429019864042 1002.094970703125 0.912841796875 2.1242476246714825 10131
30 2748.9 13.860963224068096 62.96774965699399 1220.913818359375 0.912841796875 2.49481006958422 28567
40 2903.9 148.50206639703518 455.7309258085134 7045.9970703125 0.912841796875 8.068596712648427 56056
50 2837.7 459.33935460840314 1158.4794490341937 17129.211181640625 0.912841796875 55.992064908957346 85095
60 2894.1 833.0626338846564 2096.8476853100688 17129.211181640625 0.912841796875 156.86087871149167 113472
70 2866 966.8987263883793 2633.1036992897693 31119.77587890625 0.912841796875 294.27779287288536 142413
80 3003.2 1195.6339451297447 3698.3326885607466 32365.73095703125 0.912841796875 406.9625295324053 171073
90 2849.2 1433.1313566020156 4184.339479111842 34068.426025390625 0.912841796875 524.7387158689921 201105
100 2847.9 1266.0199132388996 3832.3006468390745 34209.765869140625 0.912841796875 637.4663347828512 229597
110 2883.9 1659.0155028746624 4654.781815102998 35602.799072265625 0.912841796875 706.827985462689 258076
120 2829.1 1458.1971897274896 4063.9928722568266 38310.727783203125 0.912841796875 802.5362468454813 286915
130 2888.3 1532.5146538557099 4301.652670102548 38310.727783203125 0.912841796875 861.3844405190627 315206
140 2931 1482.6790369914293 4159.0237404954305 39147.909912109375 0.912841796875 917.719440916641 344089
150 2884.6 1687.7065470312746 4432.742651279279 39147.909912109375 0.912841796875 962.0660132453085 373399
160 2883.4 1942.307305166062 5013.4163795935065 39147.909912109375 0.912841796875 1014.1035198335568 402245
170 2973.9 1742.9883367376221 4752.972519221284 39147.909912109375 0.912841796875 1076.1891884610648 431079
180 2924.8 1882.3953110509135 5132.201765610578 39147.909912109375 0.912841796875 1119.2212311994053 460818
190 2814 1791.4152085901476 4833.12703307284 39147.909912109375 0.912841796875 1164.7688012971003 490066
200 2926 2122.2119061608905 5343.432262329324 39147.909912109375 0.912841796875 1198.797411350296 518206
