0 1.4 27.694161551339285 6.7634102790100945 42.1201171875 20.85791015625 0 0
10 101.9 24.69871633303178 4.2734173082308695 50.81201171875 18.755126953125 27.694161551339285 14
20 187.4 30.192858326524135 54.07906162415016 1038.798095703125 17.47998046875 24.739312880036913 1033
30 276.3 151.94666159122787 234.58192723805323 1716.248046875 16.56494140625 28.254945548326234 2907
40 241.7 1348.501047572374 1430.5960817162966 9280.328125 16.56494140625 88.53011511208942 5670
50 198.6 3975.5960779410957 2978.9982637983057 17359.950927734375 16.56494140625 465.1035964718654 8087
60 243.9 7445.977526650269 4931.396041161358 26898.35107421875 16.56494140625 1157.2348451761136 10073
70 257.7 8942.793912533041 7011.9952985422 37278.35595703125 16.56494140625 2383.117469865649 12512
80 251.9 10676.975372714242 9274.75173352156 44914.382080078125 16.56494140625 3503.42273812424 15089
90 265.8 12953.011250400477 10931.725979775276 54279.175048828125 16.56494140625 4529.670982475229 17608
100 242.2 13143.280983078273 11877.147747274974 57956.77490234375 16.56494140625 5634.4394830251795 20266
110 263.7 15486.73397596849 13730.710593811804 77389.40795898438 16.56494140625 6436.026846967729 22688
120 254.7 19041.710370618275 19455.59640043985 89596.15991210938 16.56494140625 7378.444011792014 25325
130 255.8 24784.57377379943 24451.794420949504 97866.97705078125 16.56494140625 8444.256993132803 27872
140 267 25645.554375512056 26799.312458633467 105435.19799804688 16.56494140625 9817.853126059035 30430
150 257.1 26682.57984006177 27620.834728442267 116521.408203125 16.56494140625 11094.58914829588 33100
160 250.3 29773.979854253004 29032.215012857465 123362.27294921875 16.56494140625 12218.09911629594 35671
170 290.2 32129.480459916518 30337.745552830107 129317.48681640625 16.56494140625 13369.206401021316 38174
180 255.6 31150.102803261627 30031.257695804277 135493.15600585938 16.56494140625 14694.610902893792 41076
190 247 32090.36423171814 31364.353371241974 141495.92895507813 16.56494140625 15658.587738641412 43632
200 298.5 35266.592402768976 32688.034500888814 159547.57495117188 16.56494140625 16538.95058489319 46102
