10 89.7 12.437216121881956 2.2373147587433153 24.765869140625 9.025146484375 0 0
20 182.2 12.777322712635497 2.6416014513122814 27.72998046875 8.912109375 12.437216121881956 897
30 282 14.388318477116572 10.687798319656299 263.68505859375 8.821044921875 12.66512131068407 2719
40 384.4 17.889059680061422 37.38733336772461 1235.9970703125 8.81982421875 13.5424305739698 5539
50 453.4 23.175291084117923 45.07782444716421 1235.9970703125 8.673095703125 15.323144874706898 9383
60 527.8 57.3499724405107 90.03760746532514 1416.416015625 8.673095703125 17.88128462562086 13917
70 523.3 591.6707077624133 567.7423912739931 4248.265869140625 8.673095703125 28.733888652033396 19195
80 533.5 2230.3137222132714 1140.5539319376055 8062.18994140625 8.673095703125 149.32699387573643 24428
90 552.5 3627.932705210689 2220.125721549323 17322.75 8.673095703125 522.3426238754256 29763
100 475.9 4434.625693074134 3319.1045115680945 24713.653076171875 8.673095703125 1008.5811525360846 35288
110 647.4 6017.672993091662 4899.297627979361 33360.215087890625 8.673095703125 1415.7164178099024 40047
120 521.9 4715.409108723465 4348.5305283581 42431.52490234375 8.673095703125 2056.138310468575 46521
130 623.1 5555.615711254389 6247.821945577995 52773.81103515625 8.673095703125 2324.378246612608 51740
140 545.8 4721.856085453316 7024.924007235231 61639.052978515625 8.673095703125 2671.687084517473 57971
150 589 5003.488707273346 6206.8642566645285 68588.96606445313 8.673095703125 2848.1020115557026 63429
160 517.1 4611.606303388931 5135.89948924868 78997.42211914063 8.673095703125 3031.244117439759 69319
170 517.1 6165.866627832061 5998.512175082124 78997.42211914063 8.673095703125 3140.950827918255 74490
180 679 6690.4698981441 7496.152357998125 79940.77294921875 8.673095703125 3337.305877457607 79661
190 534.8 4691.725152528546 8097.947765923767 89119.17602539063 8.673095703125 3600.66875007286 86451
200 525.2 4699.570446191629 7906.1342519096215 99985.20092773438 8.673095703125 3664.231203262252 91799
