10 94.6 23.532084878352926 3.6344554563268985 51.289794921875 15.955078125 0 0
20 187 36.76650247012855 171.538657306912 6549.800048828125 15.955078125 23.532084878352926 946
30 272.3 455.89869571703986 471.35041219559923 6945.85205078125 15.955078125 32.32056531039143 2816
40 254.9 1982.6182899160826 1188.84896803286 14489.4169921875 15.955078125 240.5536848441166 5539
50 224.9 5025.655529084975 1722.3488033030358 14489.4169921875 15.955078125 789.5797331043096 8088
60 268.6 9279.309333716046 3100.7242911945664 20226.552978515625 15.955078125 1711.2141014085098 10337
70 307.5 12189.446012369777 5221.330214096451 29679.053955078125 15.955078125 3272.1373751532724 13023
80 281.8 13279.748752872849 6828.707814692571 36441.79296875 15.955078125 4975.499535635367 16098
90 299.3 13735.447974472994 7144.634349140028 60097.72607421875 15.955078125 6212.620189799843 18916
100 279.3 14766.98541161426 7915.64882608106 60097.72607421875 15.955078125 7240.317645618307 21909
110 221.7 17243.228937062155 9005.183244568714 63959.045166015625 15.955078125 8091.341168832083 24702
120 283.4 18891.98646165288 9345.561637639785 72006.13305664063 15.955078125 8845.07404086173 26919
130 312.1 20049.49027380049 10593.214112817786 79874.04809570313 15.955078125 9802.051481809604 29753
140 328.4 20575.426411971337 11610.723138352258 93920.98999023438 15.955078125 10774.925378195912 32874
150 308.3 20613.88660891441 12550.476459787356 106218.916015625 15.955078125 11665.042237394942 36158
160 293.5 21474.016807938282 13236.71777221064 107268.90698242188 15.955078125 12368.11522731351 39241
170 282.8 22207.158232822403 13473.933461722503 107268.90698242188 15.955078125 13001.78890758508 42176
180 273.6 22772.6986981665 13636.059460750384 116419.126953125 15.955078125 13580.243810521955 45004
190 312.2 22866.64330827912 14606.753201987198 116419.126953125 15.955078125 14107.067366713734 47740
200 291.3 24731.146470043397 15293.327274647774 124563.22900390625 15.955078125 14644.745713801287 50862
