20 0.1 3570 0 3570 3570 0 0
30 0.1 5973.0 0.0 5973 3570 3570.0 1
40 0.1 8495.0 0.0 8495 3570 4771.5 2
50 0.1 13336.0 0.0 13336 3570 6012.666666666667 3
60 0.1 12272.0 0.0 13336 3570 7843.5 4
70 0.1 9913.0 0.0 13336 3570 8729.2 5
80 0.1 11879.0 0.0 13336 3570 8926.5 6
100 0.1 12292.0 0.0 13336 3570 9348.285714285714 7
110 0.1 14142.0 0.0 14142 3570 9716.25 8
120 0.1 13279.0 0.0 14142 3570 10208.0 9
130 0.1 13665.0 0.0 14142 3570 10515.1 10
140 0.1 14814.0 0.0 14814 3570 10801.454545454546 11
150 0.1 15590.0 0.0 15590 3570 11135.833333333334 12
170 0.1 22463.0 0.0 22463 3570 11478.461538461539 13
180 0.1 16190.0 0.0 22463 3570 12263.07142857143 14
190 0.1 17209.0 0.0 22463 3570 12524.866666666667 15
