0 0.1 35.699951171875 0 35.699951171875 35.699951171875 0 0
10 97.2 25.612819090792183 3.729763657341205 52.6669921875 17.125 35.699951171875 1
20 188.1 38.86570188937065 171.03929855197615 6551.623046875 17.125 25.62318613301323 973
30 271.9 465.25728273549544 471.1363822649546 6947.123046875 17.125 34.350996973135274 2854
40 256.4 2035.4277799847346 1202.871979752369 14490.60791015625 17.125 244.58501652954246 5573
50 223.1 5088.912890493677 1747.3935265793034 14490.60791015625 17.125 808.8864599975421 8137
60 278.8 9423.586823604393 3168.0444963856276 20228.502197265625 17.125 1729.8682275936912 10368
70 302 12281.65148351805 5333.479868765204 31006.916015625 17.125 3360.3096570310454 13156
80 281.5 13240.664784774643 6864.566789325394 36443.794189453125 17.125 5025.891526219395 16176
90 298 13749.898534336993 7106.258045511383 60099.052978515625 17.125 6243.551824404484 18991
100 273.1 14783.308805976234 7952.471143279568 60099.052978515625 17.125 7261.662661216596 21971
110 230.6 17344.726771702888 9046.410863421037 63960.864990234375 17.125 8093.239684183908 24702
120 284.7 18839.62295563318 9325.459689696694 72007.47607421875 17.125 8883.151163146393 27008
130 311.9 20177.94532111024 10666.681855091188 79875.52197265625 17.125 9832.609384322406 29855
140 326.5 20507.08221100923 11600.813500433007 93922.80200195313 17.125 10811.17136609111 32974
150 308.7 20674.401945311216 12674.707691323449 106221.51391601563 17.125 11684.737107658419 36239
160 292.1 21520.706661236145 13176.749912390896 107271.36791992188 17.125 12390.404995412937 39326
170 284.1 22109.474192075846 13430.127600386759 107271.36791992188 17.125 13021.683220277888 42247
180 272.2 22881.810396641496 13751.383485596452 116420.40991210938 17.125 13594.305961381464 45088
190 312.1 22968.302653020924 14680.425214701676 116420.40991210938 17.125 14123.077914378282 47810
200 290.8 24617.874105293515 15255.915226819696 124565.18481445313 17.125 14665.104311058174 50931
