20 0.1 2556 0 2556 2556 0 0
30 0.1 5028.0 0.0 5028 2556 2556.0 1
40 0.1 7839.0 0.0 7839 2556 3792.0 2
50 0.1 10774.0 0.0 10774 2556 5141.0 3
60 0.1 11648.0 0.0 11648 2556 6549.25 4
70 0.1 10252.0 0.0 11648 2556 7569.0 5
90 0.1 12463.0 0.0 12463 2556 8016.166666666667 6
100 0.1 11278.0 0.0 12463 2556 8651.42857142857 7
110 0.1 12298.0 0.0 12463 2556 8979.75 8
120 0.1 12456.0 0.0 12463 2556 9348.444444444445 9
130 0.1 10823.0 0.0 12463 2556 9659.2 10
140 0.1 12760.0 0.0 12760 2556 9765.0 11
150 0.1 13376.0 0.0 13376 2556 10014.583333333334 12
170 0.1 14421.0 0.0 14421 2556 10273.153846153846 13
180 0.1 16276.0 0.0 16276 2556 10569.42857142857 14
190 0.1 14451.0 0.0 16276 2556 10949.866666666667 15
200 0.1 13789.0 0.0 16276 2556 11168.6875 16
