10 56.9 24.396674023780744 15.454090276075412 233.927001953125 16.723876953125 0 0
20 146.2 42.90962538608277 87.42166871462969 1035.8330078125 15.949951171875 24.396674023780744 569
30 221.5 259.09955228026234 357.73284649983276 2325.933837890625 15.949951171875 37.72308214376379 2031
40 192.4 2056.8269600025574 1367.031777898316 6462.447021484375 15.949951171875 153.207981190477 4246
50 43.4 8128.195992043491 2228.676648835357 15352.135986328125 15.949951171875 746.8162332544061 6170
60 20.5 17400.60367401865 1557.3030107852337 23229.825927734375 15.949951171875 1231.9038794255846 6604
70 16.8 25385.662055605935 2585.3990435340534 31075.958984375 15.949951171875 1718.6983364518112 6809
80 8.1 33868.82340796201 3234.9461292331857 43984.99609375 15.949951171875 2288.5779272240475 6977
90 12.8 42681.444637298584 3415.6274456221963 50708.324951171875 15.949951171875 2651.003527102168 7058
100 11.7 53887.97925430689 4582.567636493296 63483.463134765625 15.949951171875 3364.042277743017 7186
110 7.6 62807.893634996915 5518.971794382944 73579.96508789063 15.949951171875 4173.47684247778 7303
120 5.1 70581.44283279718 7147.217653200448 81014.44995117188 15.949951171875 4777.381934798075 7379
130 7 77097.00514090402 9118.00102765701 92429.27490234375 15.949951171875 5229.06525993912 7430
140 9.9 84630.58133581911 11190.394544803115 103685.60498046875 15.949951171875 5899.832698828125 7500
150 9.3 91186.85740612395 14182.161851128903 109880.31103515625 15.949951171875 6925.5392543041235 7599
160 10.2 102333.41487630206 15881.259995738445 121299.00708007813 15.949951171875 7944.2993411631 7692
170 8.2 114699.47958150724 14955.289845275312 130497.9140625 15.949951171875 9179.56875155368 7794
180 7.8 118436.67583446014 17719.20814423212 142690.98901367188 15.949951171875 10278.176253846237 7876
190 8 125264.67074279785 20011.282475770808 150826.89916992188 15.949951171875 11338.820328184669 7954
200 7.2 138601.1204800076 20934.68608423755 160759.77099609375 15.949951171875 12473.257474459135 8034
