10 589.9578125 589.9578125
20 1523.89921875 2113.85703125
30 2421.68828125 4535.5453125
40 2670.66953125 7206.21484375
50 1043.45078125 8249.665625
60 736.86640625 8986.53203125
70 758.18984375 9744.721875
80 537.7953125 10282.5171875
90 594.11484375 10876.63203125
100 779.3953125 11656.02734375
110 173.03671875 11829.0640625
120 467.44296875 12296.50703125
130 866.109375 13162.61640625
140 672.3609375 13834.97734375
150 645.98515625 14480.9625
160 939.5421875 15420.5046875
170 629.95 16050.4546875
180 601.2140625 16651.66875
190 722.22578125 17373.89453125
200 689.0109375 18062.90546875
