10 0.1 1557.3359375 0 1557.3359375 1557.3359375 0 0
20 0.1 1556.859375 0.0 1557.3359375 1556.859375 1557.3359375 1
30 0.1 1558.89453125 0.0 1558.89453125 1556.859375 1557.09765625 2
40 0.1 1560.1171875 0.0 1560.1171875 1556.859375 1557.6966145833333 3
50 0.1 1559.96875 0.0 1560.1171875 1556.859375 1558.3017578125 4
60 0.1 1560.6484375 0.0 1560.6484375 1556.859375 1558.63515625 5
70 0.1 1560.84375 0.0 1560.84375 1556.859375 1558.970703125 6
80 0.1 1560.38671875 0.0 1560.84375 1556.859375 1559.23828125 7
90 0.1 1554.2421875 0.0 1560.84375 1554.2421875 1559.3818359375 8
100 0.1 1553.43359375 0.0 1560.84375 1553.43359375 1558.810763888889 9
110 0.1 1548.51953125 0.0 1560.84375 1548.51953125 1558.273046875 10
120 0.1 1525.54296875 0.0 1560.84375 1525.54296875 1557.3863636363637 11
130 0.1 1507.96484375 0.0 1560.84375 1507.96484375 1554.7327473958333 12
140 0.1 1519.8125 0.0 1560.84375 1507.96484375 1551.1352163461538 13
150 0.1 1500.6796875 0.0 1560.84375 1500.6796875 1548.8978794642858 14
160 0.1 1498.59375 0.0 1560.84375 1498.59375 1545.6833333333334 15
180 0.1 1492.36328125 0.0 1560.84375 1492.36328125 1542.740234375 16
190 0.1 1499.23828125 0.0 1560.84375 1492.36328125 1539.7768841911766 17
200 0.1 1498.01953125 0.0 1560.84375 1492.36328125 1537.5247395833333 18
