10 581.2109375 581.2109375
20 1580.9578125 2162.16875
30 2451.61484375 4613.78359375
40 3517.1765625 8130.96015625
50 4481.4734375 12612.43359375
60 5464.88671875 18077.3203125
70 6318.128125 24395.4484375
80 7085.075 31480.5234375
90 7918.30546875 39398.82890625
100 8956.390625 48355.21953125
110 9151.1578125 57506.37734375
120 9367.85859375 66874.2359375
130 9658.59453125 76532.83046875
140 8826.63203125 85359.4625
150 9396.89140625 94756.35390625
160 9293.675 104050.02890625
170 9211.26015625 113261.2890625
180 9459.0796875 122720.36875
190 9199.63828125 131920.00703125
200 9347.96484375 141267.971875
