10 0.1 2799.234375 0 2799.234375 2799.234375 0 0
20 0.1 2797.765625 0.0 2799.234375 2797.765625 2799.234375 1
30 0.1 2797.0625 0.0 2799.234375 2797.0625 2798.5 2
40 0.1 2796.97265625 0.0 2799.234375 2796.97265625 2798.0208333333335 3
50 0.1 2796.72265625 0.0 2799.234375 2796.72265625 2797.7587890625 4
60 0.1 2796.125 0.0 2799.234375 2796.125 2797.5515625 5
70 0.1 2796.02734375 0.0 2799.234375 2796.02734375 2797.3138020833335 6
80 0.1 2795.3515625 0.0 2799.234375 2795.3515625 2797.1300223214284 7
90 0.1 2793.32421875 0.0 2799.234375 2793.32421875 2796.90771484375 8
100 0.1 2788.7265625 0.0 2799.234375 2788.7265625 2796.5095486111113 9
110 0.1 2781.4453125 0.0 2799.234375 2781.4453125 2795.73125 10
120 0.1 2767.31640625 0.0 2799.234375 2767.31640625 2794.432528409091 11
130 0.1 2755.640625 0.0 2799.234375 2755.640625 2792.1728515625 12
140 0.1 2746.4765625 0.0 2799.234375 2746.4765625 2789.3626802884614 13
150 0.1 2743.4140625 0.0 2799.234375 2743.4140625 2786.299386160714 14
160 0.1 2742.765625 0.0 2799.234375 2742.765625 2783.440364583333 15
170 0.1 2742.6953125 0.0 2799.234375 2742.6953125 2780.898193359375 16
180 0.1 2740.58203125 0.0 2799.234375 2740.58203125 2778.6509650735293 17
190 0.1 2736.62890625 0.0 2799.234375 2736.62890625 2776.5360243055557 18
200 0.1 2736.4140625 0.0 2799.234375 2736.4140625 2774.4356496710525 19
