10 0.1 2250.4609375 0 2250.4609375 2250.4609375 0 0
20 0.1 2251.0546875 0.0 2251.0546875 2250.4609375 2250.4609375 1
30 0.1 2264.0625 0.0 2264.0625 2250.4609375 2250.7578125 2
40 0.1 2275.890625 0.0 2275.890625 2250.4609375 2255.1927083333335 3
50 0.1 2280.63671875 0.0 2280.63671875 2250.4609375 2260.3671875 4
60 0.1 2260.8515625 0.0 2280.63671875 2250.4609375 2264.42109375 5
70 0.1 2254.52734375 0.0 2280.63671875 2250.4609375 2263.826171875 6
80 0.1 2253.83984375 0.0 2280.63671875 2250.4609375 2262.4977678571427 7
100 0.1 2249.4453125 0.0 2280.63671875 2249.4453125 2261.41552734375 8
110 0.1 2241.20703125 0.0 2280.63671875 2241.20703125 2260.085503472222 9
120 0.1 2236.95703125 0.0 2280.63671875 2236.95703125 2258.19765625 10
130 0.1 2230.53515625 0.0 2280.63671875 2230.53515625 2256.266690340909 11
140 0.1 2226.25390625 0.0 2280.63671875 2226.25390625 2254.1223958333335 12
150 0.1 2220.078125 0.0 2280.63671875 2220.078125 2251.9786658653848 13
160 0.1 2214.046875 0.0 2280.63671875 2214.046875 2249.7000558035716 14
170 0.1 2207.4453125 0.0 2280.63671875 2207.4453125 2247.323177083333 15
190 0.1 2195.34765625 0.0 2280.63671875 2195.34765625 2244.830810546875 16
200 0.1 2192.08203125 0.0 2280.63671875 2192.08203125 2241.920036764706 17
