10 53.4 24.920815228522937 43.37050740652147 1018.72509765625 16.8330078125 0 0
20 151.8 52.085037975286035 325.91407589706023 9463.527099609375 16.26513671875 24.920815228522937 534
30 225.4 294.28920016758406 873.6711889614777 16840.870849609375 15.7109375 45.01598585697634 2052
40 250.6 1260.8496911124228 1429.0615400447214 24912.848876953125 15.7109375 175.49945660851137 4306
50 238.1 4302.555753679847 1975.0149935155503 30955.839111328125 15.7109375 574.7783303118 6812
60 214.9 7621.298874135682 3554.823653439294 38732.202880859375 15.7109375 1540.2779544866416 9193
70 292 11456.074438643802 5157.649470787912 38732.202880859375 15.7109375 2692.465748202546 11342
80 297.6 13015.515375116825 7183.476943201115 45077.029052734375 15.7109375 4486.725836274939 14262
90 278.9 13791.016675968935 8275.384228467323 49486.077880859375 15.7109375 5959.151736471797 17238
100 273.7 14766.582622914146 9588.915970111024 60411.68798828125 15.7109375 7049.832882737214 20027
110 302.4 15623.693859524195 9819.024127242637 66120.47998046875 15.7109375 7977.646274006949 22764
120 233.7 16622.752419781536 10639.710986237818 81427.36108398438 15.7109375 8874.251202601807 25788
130 269 17143.597767157004 11596.53042255708 81709.6328125 15.7109375 9518.099997074662 28125
140 255.3 18624.334082203357 13022.04974759641 88066.9111328125 15.7109375 10183.768957046153 30815
150 305.3 20426.630554938874 13675.605729677443 95207.69799804688 15.7109375 10829.560217071517 33368
160 245.6 23496.86247079455 15715.596816715743 104386.85205078125 15.7109375 11634.037187542099 36421
170 312.7 23731.103388206535 16422.978528104413 123082.6728515625 15.7109375 12383.454552453692 38877
180 289.9 22879.10443652109 17299.197333934124 123750.89184570313 15.7109375 13228.233571342349 42004
190 308.1 23948.45933065688 18734.541451135865 134865.0 15.7109375 13851.30718865418 44903
200 259.9 23125.00264421486 19689.3384210966 134865.0 15.7109375 14499.634250789692 47984
