10 535.5 2.356172312675076 13.712013457114667 1001.382080078125 1.210205078125 0 0
20 1530.2 5.080079401385412 102.59754510774266 9442.333984375 1.10107421875 2.356172312675076 5355
30 2345.2 30.335803999259124 270.74869816391976 16769.159912109375 1.10107421875 4.373949641011502 20657
40 2852.4 152.95895385314205 494.21578883266835 24709.856201171875 1.10107421875 18.17742304575029 44109
50 2999 509.7184982477891 760.00255569049 32185.679931640625 1.10107421875 71.10802462836484 72633
60 2937.2 963.8123880121674 1528.0052382028898 32973.468017578125 1.10107421875 199.2852178876394 102623
70 2995.9 1398.4557276699409 2464.396316442466 38557.018798828125 1.10107421875 369.41054112638056 131995
80 3006.9 1272.912926116287 2616.2877702711876 39535.135986328125 1.10107421875 559.7680793388267 161954
90 2914.3 1455.144640356383 2899.264721534132 46097.307861328125 1.10107421875 671.4398707271055 192023
100 2957.3 1499.0685264255424 3085.159983830929 46097.307861328125 1.10107421875 774.7084929443814 221166
110 3004.9 1655.3148740439478 3404.402370024478 72150.65991210938 1.10107421875 860.1419487296337 250739
120 2513.7 1720.440909188744 3819.4281209568344 72150.65991210938 1.10107421875 945.2387165144743 280788
130 2896.5 1824.2596005298062 4200.346733105884 72150.65991210938 1.10107421875 1008.9349084479649 305925
140 2942.6 1968.3324752431156 4593.658251212908 96336.79809570313 1.10107421875 1079.4532270186912 334890
150 2986 2274.7031710318897 5200.298116215538 96336.79809570313 1.10107421875 1151.2484837690174 364316
160 2908.6 2468.802363656598 5833.501989707553 106285.82299804688 1.10107421875 1236.353505286485 394176
170 2988.6 2441.940805872881 5758.266523034573 106285.82299804688 1.10107421875 1321.0457467221752 423262
180 2921.8 2366.6765794823746 6057.025777697219 127768.88500976563 1.10107421875 1394.9709758697782 453148
190 2895.7 2449.476492934646 6311.5159543211985 127768.88500976563 1.10107421875 1453.8293828187607 482366
200 2863.6 2072.5071409171924 6411.044848980286 127768.88500976563 1.10107421875 1510.2143945777186 511323
