20 0.1 2343 0 2343 2343 0 0
30 0.1 5205.0 0.0 5205 2343 2343.0 1
40 0.1 7448.0 0.0 7448 2343 3774.0 2
50 0.1 9990.0 0.0 9990 2343 4998.666666666667 3
60 0.1 12181.0 0.0 12181 2343 6246.5 4
70 0.1 11313.0 0.0 12181 2343 7433.4 5
80 0.1 12082.0 0.0 12181 2343 8080.0 6
100 0.1 12082.0 0.0 12181 2343 8651.714285714286 7
110 0.1 13236.0 0.0 13236 2343 9080.5 8
120 0.1 12420.0 0.0 13236 2343 9542.222222222223 9
130 0.1 10940.0 0.0 13236 2343 9830.0 10
140 0.1 13050.0 0.0 13236 2343 9930.90909090909 11
150 0.1 14961.0 0.0 14961 2343 10190.833333333332 12
160 0.1 15389.0 0.0 15389 2343 10557.76923076923 13
170 0.1 13158.0 0.0 15389 2343 10902.857142857143 14
190 0.1 14895.0 0.0 15389 2343 11053.2 15
200 0.1 13732.0 0.0 15389 2343 11293.3125 16
