10 535.1 1.6766135911365838 23.696058813957695 1001.033203125 0.403076171875 0 0
20 1468.8 1.222946299966385 11.659695793875228 1001.10400390625 0.403076171875 1.6766135911365838 5351
30 2223.6 8.95813895189669 42.834841175386416 1023.364990234375 0.35400390625 1.344088755929843 20039
40 2955.5 63.87465401502489 94.23850112329079 1562.089111328125 0.35400390625 5.348962089046787 42275
50 2996.9 249.52831023535524 268.95947475007307 3237.461181640625 0.35400390625 29.429803309599244 71830
60 3036.5 448.5216246925415 640.1847637027583 15242.2021484375 0.35400390625 94.22545114560924 101799
70 3112.9 392.9712268873821 752.6530137620371 15274.264892578125 0.35400390625 175.62585753276912 132164
80 2891.3 326.8014563541802 570.9264956187145 15274.264892578125 0.35400390625 217.0590114502043 163293
90 2958.1 324.26026638522785 619.5304446688865 31307.14990234375 0.35400390625 233.56725421842515 192206
100 3001.2 290.54901455759153 494.1393973760407 31307.14990234375 0.35400390625 245.66349968324585 221787
110 3118.8 345.06023899854847 545.5007791128223 31307.14990234375 0.35400390625 251.01341796095488 251799
120 3035.9 324.5687322324747 449.06379846224314 31307.14990234375 0.35400390625 261.37831901478586 282987
130 3109.4 314.17994297062006 522.5715506885027 31307.14990234375 0.35400390625 267.5006175438107 313346
140 2953.1 360.95840493061104 490.7177437504495 31307.14990234375 0.35400390625 271.71455014403483 344440
150 2990.1 406.20912099936436 656.7154505411917 31307.14990234375 0.35400390625 278.7617818162832 373971
160 3067.9 377.31073204753346 624.1775428580477 31307.14990234375 0.35400390625 288.19745175357355 403872
170 2881.4 315.2441102323962 538.6438039580887 31307.14990234375 0.35400390625 294.48878769834965 434551
180 3057 373.8427164713542 547.9969434683669 31307.14990234375 0.35400390625 295.7794416396184 463365
190 2942.6 323.8708676133549 745.0571371063298 31307.14990234375 0.35400390625 300.61083506508163 493935
200 3079.8 318.61244796296234 516.5603304398969 31307.14990234375 0.35400390625 301.91863162952853 523361
