10 0.1 2648.21875 0 2648.21875 2648.21875 0 0
20 0.1 2655.0703125 0.0 2655.0703125 2648.21875 2648.21875 1
30 0.1 2662.8984375 0.0 2662.8984375 2648.21875 2651.64453125 2
40 0.1 2679.98046875 0.0 2679.98046875 2648.21875 2655.3958333333335 3
50 0.1 2682.47265625 0.0 2682.47265625 2648.21875 2661.5419921875 4
60 0.1 2657.875 0.0 2682.47265625 2648.21875 2665.728125 5
70 0.1 2649.76953125 0.0 2682.47265625 2648.21875 2664.4192708333335 6
80 0.1 2650.53125 0.0 2682.47265625 2648.21875 2662.3264508928573 7
100 0.1 2652.08203125 0.0 2682.47265625 2648.21875 2660.85205078125 8
110 0.1 2648.2109375 0.0 2682.47265625 2648.2109375 2659.8776041666665 9
120 0.1 2636.70703125 0.0 2682.47265625 2636.70703125 2658.7109375 10
130 0.1 2631.33203125 0.0 2682.47265625 2631.33203125 2656.7105823863635 11
150 0.1 2618.0625 0.0 2682.47265625 2618.0625 2654.595703125 12
160 0.1 2608.9453125 0.0 2682.47265625 2608.9453125 2651.785456730769 13
170 0.1 2606.5625 0.0 2682.47265625 2606.5625 2648.7254464285716 14
180 0.1 2598.53515625 0.0 2682.47265625 2598.53515625 2645.914583333333 15
200 0.1 2595.89453125 0.0 2682.47265625 2595.89453125 2642.953369140625 16
