20 0.1 2392 0 2392 2392 0 0
30 0.1 5024.0 0.0 5024 2392 2392.0 1
40 0.1 7232.0 0.0 7232 2392 3708.0 2
50 0.1 10215.0 0.0 10215 2392 4882.666666666667 3
60 0.1 12864.0 0.0 12864 2392 6215.75 4
70 0.1 10181.0 0.0 12864 2392 7545.4 5
80 0.1 13641.0 0.0 13641 2392 7984.666666666667 6
100 0.1 12513.0 0.0 13641 2392 8792.714285714286 7
110 0.1 15443.0 0.0 15443 2392 9257.75 8
120 0.1 13549.0 0.0 15443 2392 9945.0 9
130 0.1 13227.0 0.0 15443 2392 10305.4 10
150 0.1 13419.0 0.0 15443 2392 10571.0 11
160 0.1 15513.0 0.0 15513 2392 10808.333333333334 12
170 0.1 16019.0 0.0 16019 2392 11170.23076923077 13
180 0.1 19521.0 0.0 19521 2392 11516.57142857143 14
200 0.1 13382.0 0.0 19521 2392 12050.2 15
