10 53.7 33.602845943173854 76.67829950120344 1043.580078125 17.5869140625 0 0
20 145.9 52.80561135222113 282.54008113214246 7293.202880859375 17.260009765625 33.602845943173854 537
30 219 221.87124591984178 665.7992622392594 23350.6708984375 17.260009765625 47.63933628976703 1996
40 258.8 1191.2633043433614 966.9701727431944 32229.39501953125 17.260009765625 138.79267649279228 4186
50 227.8 4142.6206486595665 1542.6911527774273 32229.39501953125 17.260009765625 540.8880388897916 6774
60 212.5 8631.734592715982 2467.050408491726 32229.39501953125 17.260009765625 1447.2895949056494 9052
70 296.2 11333.534229471736 4426.16696570065 32229.39501953125 17.260009765625 2813.2147644812917 11177
80 266.7 12992.714368009909 7060.999805829916 36742.435791015625 17.260009765625 4598.1490777496765 14139
90 305 15368.852380170976 8271.864474865013 43891.544921875 17.260009765625 5930.310545625675 16806
100 358.5 15400.146567798227 9584.291170726541 51063.708984375 17.260009765625 7380.126852805529 19856
110 230.6 13804.066063225027 10097.690483403676 59756.1181640625 17.260009765625 8606.685902259427 23441
120 287.9 14603.478184055068 9945.412699767368 70340.13793945313 17.260009765625 9072.183189368086 25747
130 310.8 17042.42899843899 10751.416338432151 81100.77587890625 17.260009765625 9628.481599544284 28626
140 265 17936.984264537903 11353.248450937324 85880.125 17.260009765625 10354.597075556283 31734
150 280.3 19132.527965293924 11393.6351345025 85880.125 17.260009765625 10938.977195693593 34384
160 309.5 19800.5569712995 12647.855443407796 102367.041015625 17.260009765625 11556.572667422684 37187
170 295.9 20087.02211588983 13770.955549506298 116447.20092773438 17.260009765625 12189.985393218294 40282
180 262.1 20684.517695584495 14459.793261547262 116447.20092773438 17.260009765625 12730.382971035298 43241
190 298.9 21131.385499108685 15288.320353224257 135555.1279296875 17.260009765625 13184.959463840747 45862
200 293.5 22051.41329206377 15485.327697398474 135555.1279296875 17.260009765625 13671.169928711799 48851
