0 0.1 45.37784650307792 0 45.37784650307792 45.37784650307792 0 0
10 0.1 0.9693877551020408 0.0 45.37784650307792 0.9693877551020408 45.37784650307792 1
20 0.1 2.551793835270338 0.0 45.37784650307792 0.9693877551020408 23.17361712908998 2
30 0.1 22.305576394098527 0.0 45.37784650307792 0.9693877551020408 16.2996760311501 3
40 0.1 43.19437468608739 0.0 45.37784650307792 0.9693877551020408 17.801151121887205 4
50 0.1 65.6918161710494 0.0 65.6918161710494 0.9693877551020408 22.87979583472724 5
60 0.1 71.2114233072317 0.0 71.2114233072317 0.9693877551020408 30.0151325574476 6
70 0.1 72.73728253688616 0.0 72.73728253688616 0.9693877551020408 35.900316950273904 7
80 0.1 70.92108062114444 0.0 72.73728253688616 0.9693877551020408 40.50493764860043 8
90 0.1 71.22286220646876 0.0 72.73728253688616 0.9693877551020408 43.88450908999421 9
110 0.1 70.00460405156538 0.0 72.73728253688616 0.9693877551020408 46.618344401641664 10
120 0.1 72.09932279909707 0.0 72.73728253688616 0.9693877551020408 48.74436800618018 11
130 0.1 70.470561491248 0.0 72.73728253688616 0.9693877551020408 50.69061423892325 12
140 0.1 71.7001989829759 0.0 72.73728253688616 0.9693877551020408 52.212148642948236 13
150 0.1 71.7557251908397 0.0 72.73728253688616 0.9693877551020408 53.6041522386645 14
160 0.1 69.70982142857143 0.0 72.73728253688616 0.9693877551020408 54.81425710214285 15
180 0.1 71.95652173913044 0.0 72.73728253688616 0.9693877551020408 55.745229872544634 16
190 0.1 72.48482220294883 0.0 72.73728253688616 0.9693877551020408 56.698835276461445 17
200 0.1 72.35693501454898 0.0 72.73728253688616 0.9693877551020408 57.575834550155186 18
