0 0.1 3.21875 0 3.21875 3.21875 0 0
10 0.1 2.71875 0.0 3.21875 2.71875 3.21875 1
20 0.1 2.30078125 0.0 3.21875 2.30078125 2.96875 2
30 0.1 2.19140625 0.0 3.21875 2.19140625 2.74609375 3
40 0.1 2.08984375 0.0 3.21875 2.08984375 2.607421875 4
50 0.1 2.30859375 0.0 3.21875 2.08984375 2.50390625 5
60 0.1 2.4296875 0.0 3.21875 2.08984375 2.4713541666666665 6
70 0.1 2.62109375 0.0 3.21875 2.08984375 2.4654017857142856 7
80 0.1 2.609375 0.0 3.21875 2.08984375 2.48486328125 8
90 0.1 3.3515625 0.0 3.3515625 2.08984375 2.4986979166666665 9
110 0.1 3.05859375 0.0 3.3515625 2.08984375 2.583984375 10
120 0.1 3.12109375 0.0 3.3515625 2.08984375 2.6271306818181817 11
130 0.1 3.03125 0.0 3.3515625 2.08984375 2.6682942708333335 12
140 0.1 2.87890625 0.0 3.3515625 2.08984375 2.6962139423076925 13
150 0.1 2.8984375 0.0 3.3515625 2.08984375 2.709263392857143 14
160 0.1 2.921875 0.0 3.3515625 2.08984375 2.721875 15
180 0.1 3.01171875 0.0 3.3515625 2.08984375 2.734375 16
190 0.1 3.23828125 0.0 3.3515625 2.08984375 2.750689338235294 17
200 0.1 3.28125 0.0 3.3515625 2.08984375 2.7777777777777777 18
