10 9 2.422561306423612 0.802331389752796 5.552001953125 1.40380859375 0 0
20 636.1 15.074152235976563 132.03637661429474 3012.697021484375 1.109130859375 2.422561306423612 90
30 1623.2 15.14813238438139 138.68961731396791 3031.784912109375 1.02978515625 14.89764577439545 6451
40 2357.4 37.2660654245506 185.84910947940847 15146.156982421875 1.02978515625 15.076894491641482 22683
50 2664.9 266.95018900949435 482.03251554720623 15146.156982421875 1.02978515625 26.38518330354886 46257
60 2811 701.7201488971153 1103.4414507258145 22785.44287109375 1.02978515625 114.31782035753264 72906
70 2775.9 1181.549123434975 2007.6136141843224 42314.078125 1.02978515625 277.77588101374226 101016
80 2843.8 1424.9457803403225 2695.7621124915468 42314.078125 1.02978515625 472.5950729094596 128775
90 2777.2 1572.8309210308005 3409.7316816147104 52260.55810546875 1.02978515625 644.8642199769341 157213
100 2840.5 1767.209419238405 3927.192845411892 64159.545166015625 1.02978515625 784.180873876807 184985
110 2778.1 1818.075280108329 4092.5420934601384 67613.07006835938 1.02978515625 915.0348306273397 213390
120 2828.9 1980.088032316146 4497.756877160544 72070.24194335938 1.02978515625 1019.0579790449826 241171
130 2816 2271.6796512517312 5219.019495730925 85040.42504882813 1.02978515625 1119.9507986730832 269460
140 2789.2 2215.5007022762734 5101.4772183611985 85040.42504882813 1.02978515625 1228.9242698397209 297620
150 2824.4 2548.6658432035115 6104.696368050972 85463.22802734375 1.02978515625 1313.4605998475863 325512
160 2887.8 2645.5214647612493 6173.282936810546 107874.52099609375 1.02978515625 1412.0798088315887 353756
170 2854.4 2698.8316777233663 6734.957322069631 119198.10888671875 1.02978515625 1505.1696234845906 382634
180 2823.2 2730.518149864773 6522.301771342615 119198.10888671875 1.02978515625 1588.0337107562627 411178
190 2859.9 2746.0812842304285 7376.1357253171245 119198.10888671875 1.02978515625 1661.438095465103 439410
200 2841.4 3040.3429907874365 7692.142751461681 125944.8427734375 1.02978515625 1727.7182536575726 468009
