10 10.2234375 10.2234375
20 756.5328125 766.75625
30 1872.1625 2638.91875
40 2606.9296875 5245.8484375
50 2831.040625 8076.8890625
60 2968.7890625 11045.678125
70 2847.3140625 13892.9921875
80 2767.021875 16660.0140625
90 2796.7828125 19456.796875
100 2845.9328125 22302.7296875
110 2835.525 25138.2546875
120 2780.628125 27918.8828125
130 2769.8625 30688.7453125
140 2757.215625 33445.9609375
150 2710.2859375 36156.246875
160 2847.271875 39003.51875
170 2847.65625 41851.175
180 2748.059375 44599.234375
190 2845.99375 47445.228125
200 2736.5828125 50181.8109375
