10 0.1 2.438411261940674 0 2.438411261940674 2.438411261940674 0 0
20 0.1 12.594268476621417 0.0 12.594268476621417 2.438411261940674 2.438411261940674 1
30 0.1 23.10945273631841 0.0 23.10945273631841 2.438411261940674 7.516339869281046 2
40 0.1 31.254752851711025 0.0 31.254752851711025 2.438411261940674 12.714044158293499 3
50 0.1 39.414182939362796 0.0 39.414182939362796 2.438411261940674 17.349221331647882 4
60 0.1 48.540428829759755 0.0 48.540428829759755 2.438411261940674 21.762213653190866 5
70 0.1 55.70680628272251 0.0 55.70680628272251 2.438411261940674 26.225249515952346 6
80 0.1 65.38163001293661 0.0 65.38163001293661 2.438411261940674 30.4369004826338 7
90 0.1 74.4771982867221 0.0 74.4771982867221 2.438411261940674 34.80499167392165 8
100 0.1 79.89756722151088 0.0 79.89756722151088 2.438411261940674 39.21301463089948 9
110 0.1 85.59472482881056 0.0 85.59472482881056 2.438411261940674 43.28146988996062 10
120 0.1 86.5599593495935 0.0 86.5599593495935 2.438411261940674 47.12812942985607 11
130 0.1 80.21894093686355 0.0 86.5599593495935 2.438411261940674 50.41411525650085 12
140 0.1 82.71099744245525 0.0 86.5599593495935 2.438411261940674 52.706794154990284 13
150 0.1 79.4244970715559 0.0 86.5599593495935 2.438411261940674 54.84995153266635 14
160 0.1 83.39134758826454 0.0 86.5599593495935 2.438411261940674 56.488254568592325 15
170 0.1 83.54334677419355 0.0 86.5599593495935 2.438411261940674 58.16969788232184 16
180 0.1 83.01131008482564 0.0 86.5599593495935 2.438411261940674 59.66226546419665 17
190 0.1 78.58239508700102 0.0 86.5599593495935 2.438411261940674 60.95943460978716 18
200 0.1 81.51755960010254 0.0 86.5599593495935 2.438411261940674 61.886958845429994 19
