10 0.1 1.30859375 0 1.30859375 1.30859375 0 0
20 0.1 1.1015625 0.0 1.30859375 1.1015625 1.30859375 1
30 0.1 1.08984375 0.0 1.30859375 1.08984375 1.205078125 2
40 0.1 1.0 0.0 1.30859375 1.0 1.1666666666666667 3
50 0.1 1.1484375 0.0 1.30859375 1.0 1.125 4
60 0.1 1.12109375 0.0 1.30859375 1.0 1.1296875 5
70 0.1 1.1796875 0.0 1.30859375 1.0 1.1282552083333333 6
80 0.1 1.23046875 0.0 1.30859375 1.0 1.1356026785714286 7
90 0.1 1.7109375 0.0 1.7109375 1.0 1.1474609375 8
100 0.1 2.05859375 0.0 2.05859375 1.0 1.2100694444444444 9
110 0.1 2.2109375 0.0 2.2109375 1.0 1.294921875 10
120 0.1 2.48828125 0.0 2.48828125 1.0 1.3781960227272727 11
130 0.1 2.71875 0.0 2.71875 1.0 1.470703125 12
140 0.1 2.76171875 0.0 2.76171875 1.0 1.5667067307692308 13
150 0.1 2.94921875 0.0 2.94921875 1.0 1.6520647321428572 14
160 0.1 3.0390625 0.0 3.0390625 1.0 1.7385416666666667 15
170 0.1 3.1796875 0.0 3.1796875 1.0 1.81982421875 16
180 0.1 3.30859375 0.0 3.30859375 1.0 1.8998161764705883 17
190 0.1 3.1796875 0.0 3.30859375 1.0 1.9780815972222223 18
200 0.1 3.16015625 0.0 3.30859375 1.0 2.0413240131578947 19
