10 893.6640625 893.6640625
20 1959.02421875 2852.68828125
30 2884.07578125 5736.7640625
40 3817.63203125 9554.39609375
50 4894.2 14448.59609375
60 5591.50234375 20040.0984375
70 6591.41171875 26631.51015625
80 7674.5875 34306.09765625
90 8498.78828125 42804.8859375
100 9074.63359375 51879.51953125
110 9432.58984375 61312.109375
120 8708.70859375 70020.81796875
130 8693.47109375 78714.2890625
140 8697.10546875 87411.39453125
150 8839.5734375 96250.96796875
160 9044.6890625 105295.65703125
170 8714.74609375 114010.403125
180 8605.284375 122615.6875
190 8659.91640625 131275.60390625
200 8494.99921875 139770.603125
