10 0.1 1371.78515625 0 1371.78515625 1371.78515625 0 0
20 0.1 1371.67578125 0.0 1371.78515625 1371.67578125 1371.78515625 1
30 0.1 1368.1640625 0.0 1371.78515625 1368.1640625 1371.73046875 2
40 0.1 1368.28515625 0.0 1371.78515625 1368.1640625 1370.5416666666667 3
50 0.1 1368.49609375 0.0 1371.78515625 1368.1640625 1369.9775390625 4
60 0.1 1366.2421875 0.0 1371.78515625 1366.2421875 1369.68125 5
70 0.1 1365.85546875 0.0 1371.78515625 1365.85546875 1369.1080729166667 6
80 0.1 1364.70703125 0.0 1371.78515625 1364.70703125 1368.6434151785713 7
90 0.1 1364.390625 0.0 1371.78515625 1364.390625 1368.1513671875 8
100 0.1 1363.2890625 0.0 1371.78515625 1363.2890625 1367.7335069444443 9
110 0.1 1362.96875 0.0 1371.78515625 1362.96875 1367.2890625 10
120 0.1 1362.8828125 0.0 1371.78515625 1362.8828125 1366.8963068181818 11
130 0.1 1361.73046875 0.0 1371.78515625 1361.73046875 1366.5618489583333 12
140 0.1 1359.97265625 0.0 1371.78515625 1359.97265625 1366.190204326923 13
150 0.1 1358.66796875 0.0 1371.78515625 1358.66796875 1365.74609375 14
160 0.1 1358.18359375 0.0 1371.78515625 1358.18359375 1365.27421875 15
170 0.1 1356.69140625 0.0 1371.78515625 1356.69140625 1364.8310546875 16
180 0.1 1352.6484375 0.0 1371.78515625 1352.6484375 1364.3522518382354 17
190 0.1 1351.51953125 0.0 1371.78515625 1351.51953125 1363.7020399305557 18
200 0.1 1348.26953125 0.0 1371.78515625 1348.26953125 1363.060855263158 19
