0 0.6 46.605631510416664 7.002447991209604 55.699951171875 32.35107421875 0 0
10 95.1 49.81358874909634 44.008436753883494 389.68798828125 20.510986328125 46.605631510416664 6
20 116.6 1260.2955990197524 1070.0882531675804 6005.969970703125 20.510986328125 49.79347616452782 957
30 78.2 4190.1968326032 2817.6035255563497 14052.08203125 20.510986328125 714.6288389762055 2123
40 73.7 10914.10654502257 5248.223472813073 24168.09912109375 20.510986328125 1650.2206362279476 2905
50 95.8 15739.250650616928 6619.402565083467 32173.791015625 20.510986328125 3524.8730016265295 3642
60 74.2 21024.745046774973 9342.091176590171 43353.671875 20.510986328125 6068.649912003225 4600
70 71.9 25927.93093876317 10835.44156226879 52235.972900390625 20.510986328125 8146.040887293499 5342
80 83.9 31841.254324402656 12470.411572049421 59302.0068359375 20.510986328125 10255.458301417684 6061
90 89.3 33737.20999429151 14600.947361586874 67810.97509765625 20.510986328125 12880.165962763247 6900
100 72.7 40829.26982139782 17410.308718811564 80746.921875 20.510986328125 15270.174986265716 7793
110 69.3 44379.43314281211 19841.886001820112 90179.88891601563 20.510986328125 17451.09774977992 8520
120 74.3 53476.723673557346 24594.43653489387 102064.47119140625 20.510986328125 19476.64170151891 9213
130 73.7 56161.35361666015 27429.335354544557 112656.52294921875 20.510986328125 22014.012222332945 9956
140 64.1 64420.14343090325 30150.79435740553 121858.81884765625 20.510986328125 24367.56974665906 10693
150 60.8 69958.83038530842 31762.204251795956 129458.7529296875 20.510986328125 26632.76294690615 11334
160 88.7 78826.63107158733 33944.760802205776 140513.93310546875 20.510986328125 28838.611967384175 11942
170 218.5 73803.03033489187 38188.30804815737 149994.453125 20.510986328125 32294.795063917667 12829
180 289 70230.64724695557 40859.62550754723 162300.708984375 20.510986328125 38335.52332201535 15014
190 277.1 72335.72172197815 42155.829897385825 169927.2529296875 20.510986328125 43483.92078308982 17904
200 295.7 76476.19503946192 44314.18917827623 180143.60205078125 20.510986328125 47350.82962960298 20675
