0 2.65625 2.65625
10 1226.390625 1229.046875
20 1923.921875 3152.96875
30 1932.15625 5085.125
40 2001.75 7086.875
50 1965.09375 9051.96875
60 1970.8046875 11022.7734375
70 1956.4609375 12979.234375
80 1953.0078125 14932.2421875
90 1934.8125 16867.0546875
100 1938.3984375 18805.453125
110 1915.5546875 20721.0078125
120 1945.96875 22666.9765625
130 1918.7421875 24585.71875
140 1931.2265625 26516.9453125
150 1902.0078125 28418.953125
160 2170.5546875 30589.5078125
170 4043.4765625 34632.984375
180 4080.6640625 38713.6484375
190 4087.0390625 42800.6875
200 4091.421875 46892.109375
