0 2.109375 2.109375
10 958.07890625 960.18828125
20 1518.48203125 2478.6703125
30 1510.3 3988.9703125
40 1566.2359375 5555.20625
50 1536.28203125 7091.48828125
60 1541.60703125 8633.0953125
70 1532.890625 10165.9859375
80 1524.76328125 11690.74921875
90 1510.49140625 13201.240625
100 1516.08671875 14717.32734375
110 1501.71171875 16219.0390625
120 1524.7515625 17743.790625
130 1499.53984375 19243.33046875
140 1516.58359375 20759.9140625
150 1484.740625 22244.6546875
160 1687.59609375 23932.25078125
170 3156.86875 27089.11953125
180 3189.56328125 30278.6828125
190 3190.775 33469.4578125
200 3194.2875 36663.7453125
