20 0.1 2454 0 2454 2454 0 0
30 0.1 4925.0 0.0 4925 2454 2454.0 1
40 0.1 7050.0 0.0 7050 2454 3689.5 2
50 0.1 8619.0 0.0 8619 2454 4809.666666666667 3
60 0.1 7357.0 0.0 8619 2454 5762.0 4
70 0.1 7181.0 0.0 8619 2454 6081.0 5
80 0.1 9254.0 0.0 9254 2454 6264.333333333333 6
90 0.1 7986.0 0.0 9254 2454 6691.428571428572 7
100 0.1 9643.0 0.0 9643 2454 6853.25 8
110 0.1 10812.0 0.0 10812 2454 7163.222222222223 9
120 0.1 11981.0 0.0 11981 2454 7528.1 10
130 0.1 10384.0 0.0 11981 2454 7932.909090909091 11
140 0.1 11562.0 0.0 11981 2454 8137.166666666667 12
150 0.1 11229.0 0.0 11981 2454 8400.615384615385 13
160 0.1 14474.0 0.0 14474 2454 8602.642857142857 14
170 0.1 12526.0 0.0 14474 2454 8994.066666666668 15
180 0.1 13698.0 0.0 14474 2454 9214.8125 16
190 0.1 13472.0 0.0 14474 2454 9478.529411764706 17
200 0.1 14127.0 0.0 14474 2454 9700.388888888889 18
