10 537.7 3.507420340323948 20.044366465660495 1017.388916015625 1.220947265625 0 0
20 1337.5 38.842056786653025 143.45967309155233 1260.620849609375 1.220947265625 3.507420340323948 5377
30 2235.2 302.64059207946144 673.7699330184896 7082.803955078125 1.220947265625 28.710106052229417 18752
40 3254.7 244.682061095661 640.5803763253562 15072.451904296875 1.220947265625 177.67113718498268 41104
50 2134.9 499.6989057436275 920.5984170487868 15072.451904296875 1.220947265625 207.28383138493714 73651
60 2154.3 1483.5183223215754 2594.477443989574 31113.155029296875 1.220947265625 272.9971937268706 95000
70 2908.2 1488.4405763296936 2901.3751320119027 31119.842041015625 1.220947265625 496.7622990812524 116543
80 2889 1703.5742108993059 3579.1136583506536 33304.26806640625 1.220947265625 694.8051327907059 145625
90 2130.5 2309.4157751513735 4179.815236901098 38332.18603515625 1.220947265625 861.8013145891614 174515
100 3026.6 1919.058257990093 4293.870362729705 38332.18603515625 1.220947265625 1019.3001711016622 195820
110 1711.7 2741.7176558243896 5022.535277427137 61151.97216796875 1.220947265625 1139.7502576075283 226086
120 2086.1 2846.619525520105 4753.002611147351 61151.97216796875 1.220947265625 1252.4991791063503 243203
130 1597.5 3420.709020610211 5643.020601004208 61299.708984375 1.220947265625 1378.434348408252 264064
140 1497.8 4415.69109959906 7141.295965558922 67552.19702148438 1.220947265625 1494.9371851146618 280039
150 2062.9 3968.497988434639 6408.707264620394 74450.3359375 1.220947265625 1643.223731758236 295017
160 3147.4 3855.6085371618774 7699.9033878316095 84978.72314453125 1.220947265625 1795.1917042368277 315646
170 3130.4 3498.9544343234247 6816.114115910123 84978.72314453125 1.220947265625 1982.0134356250594 347120
180 3149.4 3314.0986699444493 6389.589131437128 94094.99194335938 1.220947265625 2107.4978684920384 378424
190 1729.9 4036.276208557486 7667.138026127466 123816.43896484375 1.220947265625 2200.2010082442384 409918
200 2700.5 3651.084555006813 6926.77561493641 123816.43896484375 1.220947265625 2274.5479206803516 427217
