0 1.8 30.123453776041668 7.384877159184182 42.26904296875 21.716796875 0 0
10 95.1 30.75873669164035 98.41455994126969 2052.18017578125 17.35009765625 30.123453776041668 18
20 192.9 45.35507501154259 319.92562050911044 13445.8759765625 16.067138671875 30.74693577060756 969
30 252.6 516.7788568226385 592.7733755826092 13445.8759765625 16.067138671875 40.47057296721338 2898
40 257.2 2092.9985971406286 1187.3646429258908 13445.8759765625 16.067138671875 262.2911343644855 5424
50 215 5411.761535360635 1781.5673087771045 16728.381103515625 16.067138671875 851.1580170883775 7996
60 248.9 9707.05868703157 3345.4329297975323 32015.77197265625 16.067138671875 1817.5780411653886 10146
70 355.7 12660.358790215605 5109.771265523959 41366.330078125 16.067138671875 3371.746408997674 12635
80 266.8 12843.18413043842 6998.286824332342 41366.330078125 16.067138671875 5412.235183700748 16192
90 312.5 12838.807774453127 6785.480937047311 46354.52783203125 16.067138671875 6463.4425956782725 18860
100 284 13777.653782460384 8063.157013249605 52938.717041015625 16.067138671875 7369.652110514361 21985
110 299.3 15075.408984652337 9100.466694547751 60947.81005859375 16.067138671875 8102.732664324098 24825
120 311.6 16127.685031641127 9217.493725294338 68817.59692382813 16.067138671875 8852.938294733993 27818
130 294.1 16538.275937762304 9972.825400243079 79405.35302734375 16.067138671875 9585.727808932048 30934
140 289.8 17236.55199209653 10364.331649455808 91705.96801757813 16.067138671875 10189.342393342078 33875
150 316.7 18440.83997749937 10486.026542245248 91705.96801757813 16.067138671875 10744.717625637251 36773
160 300.5 18606.830556738125 11696.00722675045 112619.3291015625 16.067138671875 11354.973496652457 39940
170 301.7 19182.162610684598 12718.389033810388 116112.40576171875 16.067138671875 11862.409297457147 42945
180 272.8 20548.041392843734 13223.0196021405 116112.40576171875 16.067138671875 12342.886555757641 45962
190 323.6 20688.564355725262 12532.317982198603 125782.96313476563 16.067138671875 12802.604411489225 48690
200 278.1 22191.047913716964 14003.632493331257 125782.96313476563 16.067138671875 13294.053134278345 51926
200 11.3 22933.1073981091 14363.981946543832 125782.96313476563 16.067138671875 13746.326928886327 54707
