20 0.1 5294 0 5294 5294 0 0
30 0.1 9162.0 0.0 9162 5294 5294.0 1
40 0.1 12832.0 0.0 12832 5294 7228.0 2
50 0.1 18452.0 0.0 18452 5294 9096.0 3
60 0.1 16735.0 0.0 18452 5294 11435.0 4
70 0.1 14560.0 0.0 18452 5294 12495.0 5
80 0.1 17929.0 0.0 18452 5294 12839.166666666666 6
100 0.1 16618.0 0.0 18452 5294 13566.285714285714 7
110 0.1 16512.0 0.0 18452 5294 13947.75 8
120 0.1 15755.0 0.0 18452 5294 14232.666666666666 9
130 0.1 17752.0 0.0 18452 5294 14384.9 10
140 0.1 21039.0 0.0 21039 5294 14691.0 11
150 0.1 19199.0 0.0 21039 5294 15220.0 12
170 0.1 19348.0 0.0 21039 5294 15526.076923076924 13
180 0.1 25224.0 0.0 25224 5294 15799.07142857143 14
190 0.1 21034.0 0.0 25224 5294 16427.4 15
200 0.1 23055.0 0.0 25224 5294 16715.3125 16
