0 18.1 2.7465051471857738 1.1137703580961709 9.327880859375 1.304931640625 0 0
10 953.4 2.922543557104831 30.80488199506684 2008.375 1.212890625 2.7465051471857738 181
20 1928.5 4.3803179233779215 101.22089910542532 13425.9130859375 1.133056640625 2.919263788479473 9715
30 2670.6 53.00425099601616 167.12752463534352 13425.9130859375 1.133056640625 3.890864788186941 29000
40 3018.6 252.85693551866396 316.9810887342653 14314.599853515625 1.133056640625 27.436301403027123 55706
50 3056.3 669.0570391198856 776.459195922433 24828.222900390625 1.133056640625 106.65843223493944 85892
60 3002.4 1283.563547851493 1612.1977412757249 24828.222900390625 1.133056640625 254.25697778665136 116455
70 3112.5 1304.73709028301 2019.402961800553 39150.095947265625 1.133056640625 465.2353464239769 146479
80 3120.8 1255.2278368220725 2117.848771434645 39150.095947265625 1.133056640625 612.3575496266773 177604
90 3097 1325.2693413216823 2438.7331962458 42895.134033203125 1.133056640625 708.4377362193726 208812
100 3101.5 1408.317860884167 2603.515662394662 44501.31201171875 1.133056640625 788.1070809158825 239782
110 3131.3 1604.0944802777638 3086.5995898751503 56775.3779296875 1.133056640625 859.1412406027193 270797
120 3150.4 1655.1506703901327 3171.0124339606646 56775.3779296875 1.133056640625 936.3539141121851 302110
130 3095.1 1722.999322920138 3334.6273544329706 78899.0078125 1.133056640625 1004.2316800625963 333614
140 3100.6 1789.33903280092 3579.86369899845 78899.0078125 1.133056640625 1065.2539321001857 364565
150 3140.1 1902.0829815332315 3554.365730403996 78899.0078125 1.133056640625 1122.0098182301774 395571
160 3080.6 1925.0457789983222 4083.167019956578 106050.77099609375 1.133056640625 1179.3791009955091 426972
170 3123.8 1937.7757806654038 4068.6853023690946 106050.77099609375 1.133056640625 1229.5584623509142 457778
180 3126.2 2161.2766018083935 4374.366738528548 106050.77099609375 1.133056640625 1274.7988892275564 489016
190 3141.6 2192.598765467214 4396.956028600289 106050.77099609375 1.133056640625 1328.064770642304 520278
200 3109.4 2206.4662686443007 4569.757847557814 106050.77099609375 1.133056640625 1377.2953223275124 551694
200 136 2274.3228725657727 5226.8422296607605 106050.77099609375 1.133056640625 1421.5348080492056 582788
