0 18.8140625 18.8140625
10 987.5265625 1006.340625
20 2002.7109375 3009.0515625
30 2781.56953125 5790.62109375
40 3188.62265625 8979.24375
50 3356.34453125 12335.58828125
60 3160.20234375 15495.790625
70 3143.51171875 18639.30234375
80 3298.9203125 21938.22265625
90 3267.5171875 25205.73984375
100 3261.70625 28467.44609375
110 3218.9140625 31686.36015625
120 3331.25 35017.61015625
130 3210.03203125 38227.6421875
140 3268.33671875 41495.97890625
150 3209.646875 44705.62578125
160 3271.5 47977.12578125
170 3230.2953125 51207.42109375
180 3358.81015625 54566.23125
190 3248.65234375 57814.88359375
200 3282.28203125 61097.165625
200 137.353125 61234.51875
