0 0.6 1.5000406901041667 0.3390893101286158 2.1630859375 1.087158203125 0 0
10 84.7 1.1456602923000279 0.29988409301207036 4.3837890625 0.612060546875 1.5000406901041667 6
20 185.9 1.0324992015196361 0.25774988761468876 4.3837890625 0.554931640625 1.1481530031872786 853
30 285.4 0.9813867153282672 0.27219689265692837 4.8818359375 0.451171875 1.0688755631798497 2712
40 383.4 0.9622686204029736 0.2767200533437918 4.8818359375 0.451171875 1.0240151298761457 5566
50 456.4 0.9885493553489267 0.33473592080375336 5.56982421875 0.451171875 0.9988304365442157 9400
60 557.7 1.0120778472829286 0.36651347035403176 6.365234375 0.451171875 0.9954701633721089 13964
70 648.4 1.187802125906073 12.415167275901434 1000.241943359375 0.451171875 1.000209995170412 19541
80 722.1 1.5110897861380863 20.33701928490169 1000.35400390625 0.451171875 1.046947646493756 26025
90 810.2 2.182210025302397 31.35645684968869 1001.818115234375 0.39892578125 1.147758883646247 33246
100 911.3 11.738085090924386 99.7599369838171 1568.81591796875 0.39892578125 1.3504560672995827 41348
110 923.8 307.6070469692954 678.0812880641797 7033.2119140625 0.39892578125 3.2264090466755926 50461
120 955.4 633.2532367670358 1365.6465808501837 15070.260986328125 0.39892578125 50.32717008336233 59699
130 854.5 791.288276964325 2098.6458364410973 16490.944091796875 0.39892578125 130.74643915612188 69253
140 868.4 829.7096124663987 1886.9578589696291 32330.279052734375 0.39892578125 203.29753306690486 77798
150 873.8 785.335423178573 2206.6615813025705 32648.9970703125 0.39892578125 266.19804990861996 86482
160 766 877.5813765005411 1849.8846532553077 32648.9970703125 0.39892578125 313.83743625217016 95220
170 892.9 740.4254196462637 1866.3463767034098 39310.1279296875 0.39892578125 355.81137270534396 102880
180 797.4 787.8406975073777 2323.4119118916883 39310.1279296875 0.39892578125 386.5264209137662 111809
190 894.5 677.9473942867011 1706.7880093807717 39310.1279296875 0.39892578125 413.24206538382833 119783
200 756.4 783.9153701241589 2268.844448788123 46935.878173828125 0.39892578125 431.6358038636944 128728
