10 0.1 2.245206861755802 0 2.245206861755802 2.245206861755802 0 0
20 0.1 13.164493480441324 0.0 13.164493480441324 2.245206861755802 2.245206861755802 1
30 0.1 22.952452078665672 0.0 22.952452078665672 2.245206861755802 7.704850171098563 2
40 0.1 32.22891566265061 0.0 32.22891566265061 2.245206861755802 12.7873841402876 3
50 0.1 40.707070707070706 0.0 40.707070707070706 2.245206861755802 17.64776702087835 4
60 0.1 46.89725330620549 0.0 46.89725330620549 2.245206861755802 22.259627758116824 5
70 0.1 55.639858371269604 0.0 55.639858371269604 2.245206861755802 26.36589868279827 6
80 0.1 61.382113821138205 0.0 61.382113821138205 2.245206861755802 30.547892924008462 7
90 0.1 66.35537607269056 0.0 66.35537607269056 2.245206861755802 34.40217053614968 8
100 0.1 71.7916456970307 0.0 71.7916456970307 2.245206861755802 37.95252670687645 9
110 0.1 78.29816832830976 0.0 78.29816832830976 2.245206861755802 41.33643860589187 10
120 0.1 89.58333333333334 0.0 89.58333333333334 2.245206861755802 44.69659585338441 11
130 0.1 88.88026894233255 0.0 89.58333333333334 2.245206861755802 48.43715731004682 12
140 0.1 89.40476190476191 0.0 89.58333333333334 2.245206861755802 51.54816589714573 13
150 0.1 87.42042271454036 0.0 89.58333333333334 2.245206861755802 54.252208469118315 14
160 0.1 85.77287874903871 0.0 89.58333333333334 2.245206861755802 56.46342275214645 15
170 0.1 84.10958904109589 0.0 89.58333333333334 2.245206861755802 58.29526375195221 16
180 0.1 82.46268656716418 0.0 89.58333333333334 2.245206861755802 59.81375347484302 17
190 0.1 87.86253960516696 0.0 89.58333333333334 2.245206861755802 61.07202753552753 18
200 0.1 86.64251207729468 0.0 89.58333333333334 2.245206861755802 62.48205448656119 19
