0 6 0.9655517578125 0.5496511904804089 3.198974609375 0.596923828125 0 0
10 846.1 0.9705148184500946 0.4958567266149209 5.678955078125 0.136962890625 0.9655517578125 60
20 1857.2 0.9777711617286776 0.4592500949745276 7.791015625 0.136962890625 0.9704798714206079 8521
30 2855.8 1.0050630070547062 0.47638976529108984 10.948974609375 0.136962890625 0.975477983242904 27093
40 3832.8 1.0488170033779267 0.5091508480476791 10.948974609375 0.136962890625 0.9906599046821853 55651
50 4558.9 1.1296149320388387 1.7894294325673414 209.846923828125 0.136962890625 1.0143784511533158 93979
60 5577.3 1.2369133875052207 2.253730122940645 211.77001953125 0.136962890625 1.0520197151041506 139568
70 6484.6 1.3898986773109505 4.761256602956361 1001.328125 0.136962890625 1.1048098348988937 195341
80 7215.9 1.6976676844386236 7.7240689930473065 1003.843994140625 0.136962890625 1.1758620822250563 260187
90 8093.1 2.8145632719973137 13.92672849711041 1206.61083984375 0.136962890625 1.289156571853723 332346
100 8719.7 26.44790057765655 54.28896926721149 1543.0 0.136962890625 1.587873146086794 413277
110 8590.7 167.58270670279538 350.9704884899147 8482.52197265625 0.136962890625 5.919206665811271 500474
120 8673.7 321.15272813982483 693.5266722265188 15570.4580078125 0.136962890625 29.603511405694036 586381
130 8692.7 320.36408717779005 1011.9741485434843 17766.14697265625 0.136962890625 67.17211663073378 673118
140 8668.3 387.85242333066464 1108.364443955812 32443.381103515625 0.136962890625 96.12989995112135 760045
150 8551 403.6488225889384 1211.85435866275 34224.150146484375 0.136962890625 125.9947248938526 846728
160 8310.5 434.9684585001158 1265.3878569820308 38437.4609375 0.136962890625 151.46268682407512 932238
170 8476.2 396.7348415579698 1228.9384988762215 53276.653076171875 0.136962890625 174.6674040035281 1015343
180 8438.5 348.8273478178034 1250.8543459790956 53276.653076171875 0.136962890625 191.77747998899275 1100105
190 8590.8 383.6585503180481 1223.040917966591 53738.966064453125 0.136962890625 202.965968787323 1184490
200 8663.6 355.1101545022765 1208.9176184288658 69336.82080078125 0.136962890625 215.1849255978198 1270398
