0 1 15.77314453125 5.059648233096049 25.7080078125 11.363037109375 0 0
10 88.2 12.433773118622454 1.7259398821475658 25.73388671875 9.52392578125 15.77314453125 10
20 187.7 12.322516789382997 1.6259033154836584 25.73388671875 9.22216796875 12.47121001786716 892
30 286.4 12.37925805459473 1.8897043051908582 25.73388671875 9.02392578125 12.37041652206912 2769
40 388.4 12.816221321648106 2.336794131272668 26.5771484375 9.02392578125 12.374911844127231 5633
50 459.3 13.611670495948333 6.338994395034796 229.9970703125 9.02392578125 12.555015449327513 9517
60 564.9 14.790248239456083 8.01245315865874 231.621826171875 8.9580078125 12.898971269960356 14110
70 650.9 16.41932913351945 15.863059537207464 1009.333984375 8.93798828125 13.439677965677818 19759
80 725.7 19.583403712579354 25.712721245709048 1022.0830078125 8.93798828125 14.178011658820852 26268
90 810.5 31.464776125607315 49.238977805148295 1248.2587890625 8.93798828125 15.348091603164638 33525
100 839.5 264.49060534079064 276.466814682768 1891.714111328125 8.93798828125 18.485870321742535 41630
110 807.6 1552.6133680112187 1097.4003810278862 8751.0048828125 8.93798828125 59.76942355482417 50025
120 821.8 2935.3302323988173 1908.2591453067846 16949.97412109375 8.93798828125 267.2737297703771 58101
130 875 3238.272247433037 3192.0008687834074 25249.56298828125 8.93798828125 597.8892146027858 66319
140 869.9 3713.5032345335094 3485.530297646801 35683.363037109375 8.93798828125 905.6507611434978 75069
150 844.2 3908.1080519498396 4175.668412795865 36610.245849609375 8.93798828125 1197.2359567554226 83768
160 856.3 4205.243325777502 4440.010668603049 45942.541015625 8.93798828125 1445.421427177625 92210
170 821.8 3916.93107332038 4491.395846903074 59093.37890625 8.93798828125 1679.93220801883 100773
180 875.5 3692.069399015297 5068.6590211720795 75511.59790039063 8.93798828125 1848.6035356977038 108991
190 840.4 3934.0639315518465 5025.071503928497 80529.6240234375 8.93798828125 1985.6743800010818 117746
200 926.6 3740.313572943505 5222.521907967947 86300.29296875 8.93798828125 2115.474346637884 126150
