0 7.2890625 7.2890625
10 1012.7703125 1020.059375
20 1943.709375 2963.76875
30 2812.221875 5775.990625
40 3440.89609375 9216.88671875
50 3571.5703125 12788.45703125
60 3498.72109375 16287.178125
70 3455.99140625 19743.16953125
80 3400.1171875 23143.28671875
90 3434.3859375 26577.67265625
100 3440.6328125 30018.30546875
110 3394.66171875 33412.9671875
120 3368.21015625 36781.17734375
130 3400.8171875 40181.99453125
140 3441.56171875 43623.55625
150 3344.5484375 46968.1046875
160 3533.521875 50501.6265625
170 3205.053125 53706.6796875
180 3231.72265625 56938.40234375
190 3270.62109375 60209.0234375
200 3379.28203125 63588.30546875
