0 0.1 1366.8984375 0 1366.8984375 1366.8984375 0 0
10 0.1 1365.58984375 0.0 1366.8984375 1365.58984375 1366.8984375 1
20 0.1 1365.7265625 0.0 1366.8984375 1365.58984375 1366.244140625 2
30 0.1 1366.33203125 0.0 1366.8984375 1365.58984375 1366.0716145833333 3
40 0.1 1365.58203125 0.0 1366.8984375 1365.58203125 1366.13671875 4
50 0.1 1362.47265625 0.0 1366.8984375 1362.47265625 1366.02578125 5
60 0.1 1360.01171875 0.0 1366.8984375 1360.01171875 1365.43359375 6
70 0.1 1358.390625 0.0 1366.8984375 1358.390625 1364.6590401785713 7
80 0.1 1350.46484375 0.0 1366.8984375 1350.46484375 1363.87548828125 8
90 0.1 1347.84375 0.0 1366.8984375 1347.84375 1362.3854166666667 9
100 0.1 1347.68359375 0.0 1366.8984375 1347.68359375 1360.93125 10
110 0.1 1349.8203125 0.0 1366.8984375 1347.68359375 1359.7269176136363 11
120 0.1 1347.4453125 0.0 1366.8984375 1347.4453125 1358.9013671874998 12
130 0.1 1346.91796875 0.0 1366.8984375 1346.91796875 1358.020132211538 13
140 0.1 1346.87890625 0.0 1366.8984375 1346.87890625 1357.227120535714 14
150 0.1 1347.5390625 0.0 1366.8984375 1346.87890625 1356.537239583333 15
170 0.1 1347.71484375 0.0 1366.8984375 1346.87890625 1355.9748535156248 16
180 0.1 1347.00390625 0.0 1366.8984375 1346.87890625 1355.4889705882351 17
190 0.1 1346.99609375 0.0 1366.8984375 1346.87890625 1355.0175781249998 18
200 0.1 1347.4140625 0.0 1366.8984375 1346.87890625 1354.5953947368419 19
