10 897.7 2.2252501183580238 0.764634771038965 35.501953125 1.2138671875 0 0
20 1867.5 11.790259972180381 14.981880000791417 1003.634033203125 1.089111328125 2.2252501183580238 8977
30 1987.3 263.03257141589387 441.94185035358265 4671.94189453125 1.089111328125 8.68505624522525 27652
40 2005.2 766.5934067639939 1166.465187519456 15156.64599609375 1.089111328125 115.04272418813315 47525
50 1952 1360.1876621433942 2424.66511778393 21027.993896484375 1.089111328125 308.37617028682297 67577
60 1906.9 1537.4759538576384 3052.642858725533 35142.51806640625 1.089111328125 544.1059924510797 87097
70 3210.7 1566.153294352553 4158.102060192924 35142.51806640625 1.089111328125 722.53008108644 106166
80 3684.3 1326.0119007273047 3769.6359720152814 36698.041015625 1.089111328125 918.4194485575666 138273
90 3705.9 1326.4348297502152 3519.3365396234612 56381.60302734375 1.089111328125 1004.1736270180708 175116
100 3728.4 1197.668341476323 3200.7302432082624 59374.712890625 1.089111328125 1060.4605501336619 212175
110 3660.6 1232.4536065718162 3138.205490021882 59374.712890625 1.089111328125 1080.9675484476927 249459
120 3686.2 1163.2734470703715 2833.690390405888 59374.712890625 1.089111328125 1100.3522989194093 286065
130 3650.5 1074.239748294059 2382.826761868946 59374.712890625 1.089111328125 1107.5347251740761 322927
140 3669.2 1169.989157147418 2690.175588399182 59374.712890625 1.089111328125 1104.1531867161618 359432
150 3715.9 1373.3582297091941 3093.312126923447 59374.712890625 1.089111328125 1110.2514120876708 396124
160 3675.3 1257.6718430949218 3354.9016904333 59374.712890625 1.089111328125 1132.8158474243867 433283
170 3697.2 1079.2019086088967 2461.4897625684193 59374.712890625 1.089111328125 1142.5785728515439 470036
180 3667 1498.0673604290541 3246.031952335137 59374.712890625 1.089111328125 1137.9570244136905 507008
190 3667.3 1602.8351029828286 3773.0234037750442 59374.712890625 1.089111328125 1162.2457505009763 543678
200 3642.2 1278.1186089478288 2978.1171300350948 59374.712890625 1.089111328125 1190.087062609626 580351
