10 929.9671875 929.9671875
20 1945.396875 2875.3640625
30 2103.865625 4979.2296875
40 2107.76328125 7086.99296875
50 2021.6140625 9108.60703125
60 1980.8265625 11089.43359375
70 3301.56015625 14390.99375
80 3818.48828125 18209.48203125
90 3843.71328125 22053.1953125
100 3864.31953125 25917.51484375
110 3787.79921875 29705.3140625
120 3825.4953125 33530.809375
130 3792.16875 37322.978125
140 3803.3296875 41126.3078125
150 3844.29296875 44970.60078125
160 3815.0296875 48785.63046875
170 3830.32421875 52615.9546875
180 3782.72734375 56398.68203125
190 3783.86171875 60182.54375
200 3819.69140625 64002.23515625
