20 0.1 3522 0 3522 3522 0 0
30 0.1 6044.0 0.0 6044 3522 3522.0 1
40 0.1 8209.0 0.0 8209 3522 4783.0 2
50 0.1 9429.0 0.0 9429 3522 5925.0 3
60 0.1 11169.0 0.0 11169 3522 6801.0 4
70 0.1 10162.0 0.0 11169 3522 7674.6 5
80 0.1 10888.0 0.0 11169 3522 8089.166666666667 6
90 0.1 10468.0 0.0 11169 3522 8489.0 7
100 0.1 12481.0 0.0 12481 3522 8736.375 8
110 0.1 11089.0 0.0 12481 3522 9152.444444444445 9
120 0.1 11916.0 0.0 12481 3522 9346.1 10
130 0.1 13532.0 0.0 13532 3522 9579.727272727272 11
140 0.1 13447.0 0.0 13532 3522 9909.083333333334 12
150 0.1 11606.0 0.0 13532 3522 10181.23076923077 13
160 0.1 14020.0 0.0 14020 3522 10283.0 14
170 0.1 13633.0 0.0 14020 3522 10532.133333333333 15
180 0.1 13482.0 0.0 14020 3522 10725.9375 16
190 0.1 14433.0 0.0 14433 3522 10888.058823529413 17
200 0.1 14338.0 0.0 14433 3522 11085.0 18
