0 16 1.2464965820312504 0.8571844602976665 6.45703125 0.619140625 0 0
10 922.2 1.167257215888295 0.6432608425214754 7.208984375 0.18896484375 1.2464965820312504 160
20 1908.6 1.2594883157361751 3.632520469138137 253.030029296875 0.18896484375 1.1686085587344763 9382
30 2882 1.8564010334213437 9.676251814052822 304.764892578125 0.18896484375 1.229537708732173 28468
40 3676.1 2.1225583280982403 15.805519065190069 1001.6650390625 0.18896484375 1.5448952184644362 57288
50 4537.1 4.395251370945578 30.5716775783302 1003.03515625 0.18896484375 1.7706868119236783 94049
60 5540.4 17.525805885271485 73.98825316604409 1512.200927734375 0.18896484375 2.6247903738759275 139420
70 5793.9 106.92689368074568 257.85021005483884 7274.155029296875 0.0791015625 6.862337408088137 194824
80 5547.4 380.71255155937695 667.1530077033715 13954.130126953125 0.071044921875 29.79939831447675 252763
90 5632.9 628.9538505695227 1145.863947907133 15868.18994140625 0.06494140625 92.95390690075158 308237
100 5851.6 570.1867868787281 1343.1705305036705 31956.472900390625 0.06494140625 175.77112196446626 364566
110 5827.3 563.3603654803624 1478.7476911666674 32859.5048828125 0.06494140625 230.3223131002814 423082
120 5131.4 589.0485233845553 1370.2658318960564 35056.85302734375 0.06494140625 270.64001298154255 481355
130 5608 621.8093836850963 1490.1266864408374 56924.89892578125 0.06494140625 301.3134974584319 532669
140 5667.4 594.6800746813414 1585.8415258661435 61614.701171875 0.06494140625 331.84163304692777 588749
150 4944.1 674.2644750043704 1963.8394146672192 64576.087158203125 0.06494140625 354.92123486029476 645423
160 5601.5 645.6884483630863 1751.128076301448 66328.30004882813 0.06494140625 377.64316193661944 694864
170 2560.4 912.7901710876164 2773.708580324726 66336.61181640625 0.06494140625 397.63913561437386 750879
180 5356.5 616.7344676426319 2003.247474966106 66336.61181640625 0.06494140625 414.625891425199 776483
190 5664.1 456.289712737074 1208.6560104881573 70499.65283203125 0.06494140625 427.6684454522996 830048
