0 16.5 16.5
10 955.3765625 971.8765625
20 1981.2578125 2953.134375
30 2987.32578125 5940.46015625
40 3811.99921875 9752.459375
50 4705.5109375 14457.9703125
60 5751.60234375 20209.57265625
70 6103.2265625 26312.79921875
80 5982.26953125 32295.06875
90 5839.90546875 38134.97421875
100 6037.9578125 44172.93203125
110 5875.06796875 50048
120 5500.053125 55548.053125
130 5857.0625 61405.115625
140 5746.615625 67151.73125
150 5258.9109375 72410.6421875
160 5835.09921875 78245.74140625
170 2276.97734375 80522.71875
180 5687.08984375 86209.80859375
190 5969.58515625 92179.39375
200 5765.44453125 97944.83828125
