10 0.1 2.4555249310949634 0 2.4555249310949634 2.4555249310949634 0 0
20 0.1 18.281172379533036 0.0 18.281172379533036 2.4555249310949634 2.4555249310949634 1
30 0.1 25.41948409717005 0.0 25.41948409717005 2.4555249310949634 10.368348655314 2
40 0.1 25.56221889055472 0.0 25.56221889055472 2.4555249310949634 15.385393802599348 3
50 0.1 25.36340852130326 0.0 25.56221889055472 2.4555249310949634 17.92960007458819 4
60 0.1 25.525525525525527 0.0 25.56221889055472 2.4555249310949634 19.416361763931203 5
70 0.1 25.569176882662 0.0 25.569176882662 2.4555249310949634 20.434555724196922 6
80 0.1 25.41948409717005 0.0 25.569176882662 2.4555249310949634 21.168073032549074 7
90 0.1 25.55638909727432 0.0 25.569176882662 2.4555249310949634 21.699499415626697 8
100 0.1 25.857321652065078 0.0 25.857321652065078 2.4555249310949634 22.128042713587543 9
110 0.1 25.544158118588946 0.0 25.857321652065078 2.4555249310949634 22.5009706074353 10
120 0.1 25.56278139069535 0.0 25.857321652065078 2.4555249310949634 22.777624017540177 11
130 0.1 25.488232348522782 0.0 25.857321652065078 2.4555249310949634 23.009720465303108 12
140 0.1 27.87847842736788 0.0 27.87847842736788 2.4555249310949634 23.200375225550776 13
150 0.1 37.12609970674487 0.0 37.12609970674487 2.4555249310949634 23.534525454251998 14
160 0.1 37.872217403873954 0.0 37.872217403873954 2.4555249310949634 24.44063040441819 15
170 0.1 37.086477074869414 0.0 37.872217403873954 2.4555249310949634 25.280104591884175 16
180 0.1 38.22515795519816 0.0 38.22515795519816 2.4555249310949634 25.974597090883307 17
190 0.1 36.5767878077374 0.0 38.22515795519816 2.4555249310949634 26.655183805567464 18
200 0.1 38.30945558739255 0.0 38.30945558739255 2.4555249310949634 27.1773734898922 19
