20 0.1 3623 0 3623 3623 0 0
30 0.1 6510.0 0.0 6510 3623 3623.0 1
40 0.1 7905.0 0.0 7905 3623 5066.5 2
50 0.1 8210.0 0.0 8210 3623 6012.666666666667 3
60 0.1 10043.0 0.0 10043 3623 6562.0 4
70 0.1 9515.0 0.0 10043 3623 7258.2 5
80 0.1 11559.0 0.0 11559 3623 7634.333333333333 6
90 0.1 11569.0 0.0 11569 3623 8195.0 7
100 0.1 11311.0 0.0 11569 3623 8616.75 8
110 0.1 14903.0 0.0 14903 3623 8916.111111111111 9
120 0.1 15113.0 0.0 15113 3623 9514.8 10
130 0.1 16385.0 0.0 16385 3623 10023.727272727272 11
140 0.1 16492.0 0.0 16492 3623 10553.833333333334 12
150 0.1 14461.0 0.0 16492 3623 11010.615384615385 13
160 0.1 17077.0 0.0 17077 3623 11257.07142857143 14
170 0.1 17845.0 0.0 17845 3623 11645.066666666668 15
180 0.1 16841.0 0.0 17845 3623 12032.5625 16
190 0.1 15055.0 0.0 17845 3623 12315.411764705883 17
200 0.1 20317.0 0.0 20317 3623 12467.611111111111 18
