10 511.1 1.9447701935011548 31.223608186364373 1000.169921875 0.3310546875 0 0
20 1353.2 5.64397563703166 67.98374657059372 1004.038818359375 0.3310546875 1.9447701935011548 5111
30 1666.5 233.30093321343892 609.0364660179042 7023.875 0.3310546875 4.629834188665816 18643
40 1683.1 844.6047515733142 1502.4764653377574 15032.412841796875 0.3310546875 112.56015777674341 35308
50 1653.3 1426.0250562145152 2568.7607371053123 15051.639892578125 0.3310546875 348.87160521896675 52139
60 1671.9 1906.0741303751543 3753.7164541364414 31081.88818359375 0.3310546875 608.1996866103549 68672
70 1686.9 2443.1566277529428 5100.204693736306 31105.58203125 0.259765625 862.3150245886393 85391
80 1706.2 2590.024731765842 5649.452068444817 31105.58203125 0.259765625 1123.0935988481606 102260
90 1723.6 2897.730311126586 5977.098698467096 31108.720947265625 0.259765625 1332.85189145004 119322
100 1582.9 3395.8471843332213 6741.140851664548 31108.720947265625 0.259765625 1530.3668260678942 136558
110 1679.1 3224.8728415706387 6525.260252465025 31111.759033203125 0.259765625 1724.1411545275519 152387
120 1594.3 2916.055503670552 5954.765576546124 31111.759033203125 0.259765625 1873.0895151722013 169178
130 1659 3627.8068124505544 6987.341708043843 31111.759033203125 0.259765625 1962.9118840802626 185121
140 1677.5 3140.917987291588 6667.237668563842 31115.90478515625 0.259765625 2099.8434686823075 201711
150 1674.2 4036.682150327998 7691.466951363734 31115.90478515625 0.259765625 2179.7754782832462 218486
160 1710.5 3097.815884212973 6616.327875964211 31115.90478515625 0.259765625 2311.9380248481675 235228
170 1512.6 3855.3587841945437 7650.666414460193 31124.451904296875 0.259765625 2365.2106478678875 252333
180 1640.7 3538.369826278175 7098.107822224026 31124.451904296875 0.259765625 2449.485174842403 267459
190 1675.7 3744.728751227916 7630.006069979136 31124.451904296875 0.259765625 2512.4209631231647 283866
200 1581.7 3708.4016865907934 7402.346367789198 31132.888916015625 0.259765625 2581.110922325459 300623
