20 0.1 2396 0 2396 2396 0 0
30 0.1 4854.0 0.0 4854 2396 2396.0 1
40 0.1 6701.0 0.0 6701 2396 3625.0 2
50 0.1 8074.0 0.0 8074 2396 4650.333333333333 3
60 0.1 7394.0 0.0 8074 2396 5506.25 4
70 0.1 7869.0 0.0 8074 2396 5883.8 5
80 0.1 7855.0 0.0 8074 2396 6214.666666666667 6
90 0.1 10484.0 0.0 10484 2396 6449.0 7
100 0.1 8973.0 0.0 10484 2396 6953.375 8
110 0.1 10566.0 0.0 10566 2396 7177.777777777777 9
120 0.1 10550.0 0.0 10566 2396 7516.6 10
130 0.1 12120.0 0.0 12120 2396 7792.363636363636 11
140 0.1 10469.0 0.0 12120 2396 8153.0 12
150 0.1 12329.0 0.0 12329 2396 8331.153846153846 13
160 0.1 12372.0 0.0 12372 2396 8616.714285714286 14
170 0.1 12985.0 0.0 12985 2396 8867.066666666668 15
180 0.1 13990.0 0.0 13990 2396 9124.4375 16
190 0.1 12624.0 0.0 13990 2396 9410.64705882353 17
200 0.1 13062.0 0.0 13990 2396 9589.166666666666 18
