10 551.0296875 551.0296875
20 1465.603125 2016.6328125
30 1781.1703125 3797.803125
40 1811.5734375 5609.3765625
50 1780.0921875 7389.46875
60 1800.3609375 9189.8296875
70 1822.03125 11011.8609375
80 1838.41875 12850.2796875
90 1860.0890625 14710.36875
100 1705.9171875 16416.2859375
110 1809.95625 18226.2421875
120 1720.1484375 19946.390625
130 1785.80625 21732.196875
140 1807.584375 23539.78125
150 1807.0453125 25346.8265625
160 1844.240625 27191.0671875
170 1627.321875 28818.3890625
180 1772.5453125 30590.934375
190 1803.05625 32393.990625
200 1706.7796875 34100.7703125
