10 0.1 5.046681806712087 0 5.046681806712087 5.046681806712087 0 0
20 0.1 33.27342747111682 0.0 33.27342747111682 5.046681806712087 5.046681806712087 1
30 0.1 58.624229979466115 0.0 58.624229979466115 5.046681806712087 19.160054638914453 2
40 0.1 76.45429362880887 0.0 76.45429362880887 5.046681806712087 32.31477975243167 3
50 0.1 80.29472888720952 0.0 80.29472888720952 5.046681806712087 43.34965822152597 4
60 0.1 80.61312607944733 0.0 80.61312607944733 5.046681806712087 50.73867235466268 5
70 0.1 81.20048019207682 0.0 81.20048019207682 5.046681806712087 55.71774797546013 6
80 0.1 79.75690607734806 0.0 81.20048019207682 5.046681806712087 59.358138292119655 7
100 0.1 80.65984072810012 0.0 81.20048019207682 5.046681806712087 61.90798426527321 8
110 0.1 79.85943334065452 0.0 81.20048019207682 5.046681806712087 63.99152387225398 9
120 0.1 68.21667078901805 0.0 81.20048019207682 5.046681806712087 65.57831481909403 10
130 0.1 80.05261899067209 0.0 81.20048019207682 5.046681806712087 65.8181653618144 11
140 0.1 78.90999808098253 0.0 81.20048019207682 5.046681806712087 67.00436983088586 12
150 0.1 78.47831239630244 0.0 81.20048019207682 5.046681806712087 67.9201873885856 13
170 0.1 77.45676100628931 0.0 81.20048019207682 5.046681806712087 68.67433917485108 14
180 0.1 81.00966702470463 0.0 81.20048019207682 5.046681806712087 69.25983396361363 15
190 0.1 75.80760947595118 0.0 81.20048019207682 5.046681806712087 69.99419852993182 16
200 0.1 80.6108597285068 0.0 81.20048019207682 5.046681806712087 70.33616387969766 17
