10 832.70703125 832.70703125
20 1953.80859375 2786.515625
30 2549.76796875 5336.28359375
40 3034.38359375 8370.6671875
50 3324.33046875 11694.99765625
60 3133.3765625 14828.37421875
70 3250.12265625 18078.496875
80 3182.915625 21261.4125
90 3126.628125 24388.040625
100 3038.87578125 27426.91640625
110 2647.253125 30074.16953125
120 3081.41640625 33155.5859375
130 3184.3921875 36339.978125
140 3115.334375 39455.3125
150 3051.0140625 42506.3265625
160 2915.49375 45421.8203125
170 3267.10546875 48688.92578125
180 3183.92890625 51872.8546875
190 2957.26796875 54830.12265625
200 3109.73828125 57939.8609375
200 76.89765625 58016.75859375
