10 962.0359375 962.0359375
20 2151.83125 3113.8671875
30 2554.25625 5668.1234375
40 2719.865625 8387.9890625
50 2828.671875 11216.6609375
60 2683.821875 13900.4828125
70 2788.5703125 16689.053125
80 2764.1578125 19453.2109375
90 2636.21875 22089.4296875
100 2707.7671875 24797.196875
110 2063.5328125 26860.7296875
120 2740.046875 29600.7765625
130 2711.5265625 32312.303125
140 2648.65 34960.953125
150 2731.071875 37692.025
160 2524.85 40216.875
170 2669.4609375 42886.3359375
180 2556.803125 45443.1390625
190 2559.465625 48002.6046875
200 2560.5 50563.1046875
200 71.4953125 50634.6
