10 0.1 3.5390625 0 3.5390625 3.5390625 0 0
20 0.1 3.078125 0.0 3.5390625 3.078125 3.5390625 1
30 0.1 2.6015625 0.0 3.5390625 2.6015625 3.30859375 2
40 0.1 2.51953125 0.0 3.5390625 2.51953125 3.0729166666666665 3
50 0.1 2.359375 0.0 3.5390625 2.359375 2.9345703125 4
60 0.1 2.4609375 0.0 3.5390625 2.359375 2.81953125 5
70 0.1 2.46875 0.0 3.5390625 2.359375 2.759765625 6
80 0.1 2.30859375 0.0 3.5390625 2.30859375 2.7181919642857144 7
90 0.1 2.3515625 0.0 3.5390625 2.30859375 2.6669921875 8
100 0.1 2.4296875 0.0 3.5390625 2.30859375 2.6319444444444446 9
110 0.1 2.359375 0.0 3.5390625 2.30859375 2.61171875 10
120 0.1 2.30859375 0.0 3.5390625 2.30859375 2.588778409090909 11
130 0.1 2.5 0.0 3.5390625 2.30859375 2.5654296875 12
140 0.1 2.73046875 0.0 3.5390625 2.30859375 2.5603966346153846 13
150 0.1 2.62109375 0.0 3.5390625 2.30859375 2.572544642857143 14
160 0.1 2.6796875 0.0 3.5390625 2.30859375 2.57578125 15
170 0.1 3.3515625 0.0 3.5390625 2.30859375 2.582275390625 16
180 0.1 3.6015625 0.0 3.6015625 2.30859375 2.6275275735294117 17
190 0.1 3.73828125 0.0 3.73828125 2.30859375 2.681640625 18
200 0.1 3.73828125 0.0 3.73828125 2.30859375 2.737253289473684 19
