10 645.58125 645.58125
20 1707.2109375 2352.7921875
30 2689.5984375 5042.390625
40 3222.946875 8265.3375
50 3340.5703125 11605.9078125
60 3304.66875 14910.5765625
70 3215.83125 18126.4078125
80 3219.1734375 21345.58125
90 3261.759375 24607.340625
100 3234.0515625 27841.3921875
110 3220.575 31061.9671875
120 3204.834375 34266.8015625
130 3204.9421875 37471.74375
140 3166.5609375 40638.3046875
150 3163.21875 43801.5234375
160 3275.4515625 47076.975
170 3129.4734375 50206.4484375
180 3139.284375 53345.7328125
190 3296.475 56642.2078125
200 3296.1515625 59938.359375
200 133.5796875 60071.9390625
