10 0.1 925.96875 0 925.96875 925.96875 0 0
20 0.1 926.07421875 0.0 926.07421875 925.96875 925.96875 1
30 0.1 926.03515625 0.0 926.07421875 925.96875 926.021484375 2
40 0.1 925.81640625 0.0 926.07421875 925.81640625 926.0260416666666 3
50 0.1 925.62890625 0.0 926.07421875 925.62890625 925.9736328125 4
60 0.1 925.65625 0.0 926.07421875 925.62890625 925.9046875 5
70 0.1 925.42578125 0.0 926.07421875 925.42578125 925.86328125 6
80 0.1 925.12890625 0.0 926.07421875 925.12890625 925.80078125 7
90 0.1 925.03125 0.0 926.07421875 925.03125 925.716796875 8
100 0.1 924.65625 0.0 926.07421875 924.65625 925.640625 9
110 0.1 924.5625 0.0 926.07421875 924.5625 925.5421875 10
120 0.1 923.96875 0.0 926.07421875 923.96875 925.453125 11
130 0.1 923.87890625 0.0 926.07421875 923.87890625 925.3294270833334 12
140 0.1 923.52734375 0.0 926.07421875 923.52734375 925.2178485576923 13
150 0.1 923.41796875 0.0 926.07421875 923.41796875 925.0970982142857 14
160 0.1 922.22265625 0.0 926.07421875 922.22265625 924.98515625 15
170 0.1 922.12109375 0.0 926.07421875 922.12109375 924.8125 16
180 0.1 921.88671875 0.0 926.07421875 921.88671875 924.6541819852941 17
190 0.1 921.6484375 0.0 926.07421875 921.6484375 924.5004340277778 18
200 0.1 921.54296875 0.0 926.07421875 921.54296875 924.3503289473684 19
