10 89.2 46.11843338354817 22.87592411175112 137.26806640625 18.85107421875 0 0
20 59.6 1686.2199494022639 1466.3800228733414 6607.572998046875 18.85107421875 46.11843338354817 892
30 7.1 5856.381282322843 3731.0734086594152 16935.14404296875 18.85107421875 703.0408147996467 1488
40 1.6 19347.053192138672 1581.3358588632886 22729.068115234375 18.85107421875 937.734319093519 1559
50 1.8 26370.69371202257 3758.9158068194015 34410.19091796875 18.85107421875 1124.7496219308032 1575
60 0.9 34859.724500868055 7060.3200560136465 43859.19677734375 18.85107421875 1410.0145269035913 1593
70 0.1 41966.1640625 0.0 43859.19677734375 18.85107421875 1597.9342458584479 1602
80 1.6 57073.4997253418 4639.9651786244585 64355.661865234375 18.85107421875 1623.1171715082555 1603
90 0.9 46182.28347439236 17236.495796795167 67838.791015625 18.85107421875 2171.1135401687475 1619
100 0.5 73989.584765625 2136.0278227052945 76449.10498046875 18.85107421875 2414.418533662613 1628
110 0.7 57025.00530133928 29745.916405314456 93948.70703125 18.85107421875 2633.5709103679483 1633
120 0.5 96177.68159179688 1216.3284234959583 97902.94897460938 18.85107421875 2865.7294717928257 1640
130 1.1 77931.91836825284 30871.262357116728 107344.169921875 18.85107421875 3149.352426564875 1645
140 0.4 90380.41748046875 29094.783016668734 114589.32397460938 18.85107421875 3646.096524003623 1656
150 0.2 104044.50695800781 2432.6009521484375 114589.32397460938 18.85107421875 3855.0948877541414 1660
160 1.3 109532.62161959134 34844.11362434651 144793.798828125 18.85107421875 3975.659763891631 1662
170 1.1 114089.64368785512 40908.37221031858 151483.08813476563 18.85107421875 4794.907826055271 1675
180 0.7 138871.48106166295 36403.289884246755 166927.82421875 18.85107421875 5507.981428949575 1686
190 0.9 145998.6331108941 45975.481955663854 173944.55200195313 18.85107421875 6059.395780650103 1693
200 0.1 182946.38818359375 0.0 182946.38818359375 18.85107421875 6799.379996849983 1702
