10 89.3 48.12396083032963 22.818516507278428 141.844970703125 20.8818359375 0 0
20 60.3 1707.500615412521 1468.2779267516817 6609.260009765625 20.8818359375 48.12396083032963 893
30 6.3 6228.781122116816 3785.321561608073 16937.091064453125 20.8818359375 716.9769840342477 1496
40 1.6 19349.214584350586 1581.1725015559018 22730.24609375 20.8818359375 939.7118529881938 1559
50 2 26658.030383300782 3950.4318190185772 34411.656982421875 20.8818359375 1126.72902359251 1575
60 0.7 36471.320556640625 6802.139790230713 43861.24609375 20.8818359375 1446.870733432112 1595
70 0.3 48874.831298828125 5572.540181591805 55614.4912109375 20.8818359375 1599.911400574721 1602
80 1.4 57753.64629255022 4401.994800088735 64357.324951171875 20.8818359375 1688.2757368331386 1605
90 0.9 46184.34019639757 17236.287072423336 67840.30200195313 20.8818359375 2173.0905532507045 1619
100 0.5 73991.28330078124 2135.9994015022125 76450.5498046875 20.8818359375 2416.395987395865 1628
110 0.7 57027.2598702567 29745.7740669102 93950.5830078125 20.8818359375 2635.5475100945346 1633
120 0.6 97520.94567871094 3199.0142179280006 104229.32202148438 20.8818359375 2867.7072579732753 1640
130 1 75304.08037109375 31181.187636455346 107345.72998046875 20.8818359375 3212.7372886685525 1646
140 0.4 90382.20324707031 29094.555657936493 114590.40795898438 20.8818359375 3648.071486026193 1656
150 0.2 104046.65759277344 2433.2945556640625 114590.40795898438 20.8818359375 3857.0693938841305 1660
160 1.3 115159.3443697416 29507.946604338216 144795.7880859375 20.8818359375 3977.6344819694364 1662
170 1.1 120737.35992986505 35216.36137081491 151484.18676757813 20.8818359375 4840.537304979011 1675
180 0.7 149321.00244140625 20672.772310877153 166929.13012695313 20.8818359375 5596.685020799739 1686
190 0.9 162249.61724175347 15773.007061207052 173946.44921875 20.8818359375 6190.937957565388 1693
200 0.2 181814.6416015625 1133.528564453125 182948.17016601563 20.8818359375 7016.160115942412 1702
