10 924.41953125 924.41953125
20 980.25625 1904.67578125
30 198.19609375 2102.871875
40 72.01640625 2174.88828125
50 141.70390625 2316.5921875
60 66.11171875 2382.70390625
70 47.06796875 2429.771875
80 136.45078125 2566.22265625
90 232.8734375 2799.09609375
100 151.125 2950.22109375
110 215.775 3165.99609375
120 76.840625 3242.83671875
130 253.4546875 3496.29140625
140 62.61328125 3558.9046875
150 1096.5390625 4655.44375
160 301.56015625 4957.00390625
170 182.37421875 5139.378125
180 275.40390625 5414.78203125
190 79.7546875 5494.53671875
200 127.234375 5621.77109375
