20 0.1 2534 0 2534 2534 0 0
30 0.1 4982.0 0.0 4982 2534 2534.0 1
40 0.1 7897.0 0.0 7897 2534 3758.0 2
50 0.1 10438.0 0.0 10438 2534 5137.666666666667 3
60 0.1 12110.0 0.0 12110 2534 6462.75 4
70 0.1 10734.0 0.0 12110 2534 7592.2 5
90 0.1 14532.0 0.0 14532 2534 8115.833333333333 6
100 0.1 13735.0 0.0 14532 2534 9032.42857142857 7
120 0.1 13301.0 0.0 14532 2534 9620.25 8
130 0.1 21028.0 0.0 21028 2534 10029.222222222223 9
140 0.1 11692.0 0.0 21028 2534 11129.1 10
150 0.1 13062.0 0.0 21028 2534 11180.272727272728 11
170 0.1 15298.0 0.0 21028 2534 11337.083333333334 12
180 0.1 19326.0 0.0 21028 2534 11641.76923076923 13
190 0.1 14870.0 0.0 21028 2534 12190.642857142857 14
200 0.1 16535.0 0.0 21028 2534 12369.266666666666 15
