10 0.1 1.2890625 0 1.2890625 1.2890625 0 0
20 0.1 1.25 0.0 1.2890625 1.25 1.2890625 1
30 0.1 1.2109375 0.0 1.2890625 1.2109375 1.26953125 2
40 0.1 1.640625 0.0 1.640625 1.2109375 1.25 3
50 0.1 2.30859375 0.0 2.30859375 1.2109375 1.34765625 4
60 0.1 2.55078125 0.0 2.55078125 1.2109375 1.53984375 5
70 0.1 3.08984375 0.0 3.08984375 1.2109375 1.7083333333333333 6
80 0.1 4.328125 0.0 4.328125 1.2109375 1.9056919642857142 7
100 0.1 5.12890625 0.0 5.12890625 1.2109375 2.20849609375 8
120 0.1 4.87109375 0.0 5.12890625 1.2109375 2.532986111111111 9
130 0.1 4.83984375 0.0 5.12890625 1.2109375 2.766796875 10
140 0.1 5.25 0.0 5.25 1.2109375 2.9552556818181817 11
150 0.1 6.03125 0.0 6.03125 1.2109375 3.146484375 12
160 0.1 6.26171875 0.0 6.26171875 1.2109375 3.368389423076923 13
180 0.1 6.37890625 0.0 6.37890625 1.2109375 3.5750558035714284 14
190 0.1 5.94140625 0.0 6.37890625 1.2109375 3.761979166666667 15
