20 0.1 3500 0 3500 3500 0 0
30 0.1 6323.0 0.0 6323 3500 3.5e3 1
40 0.1 8779.0 0.0 8779 3500 4911.5 2
50 0.1 11564.0 0.0 11564 3500 6200.666666666667 3
60 0.1 13673.0 0.0 13673 3500 7541.5 4
70 0.1 15401.0 0.0 15401 3500 8767.8 5
80 0.1 20696.0 0.0 20696 3500 9873.333333333334 6
100 0.1 27303.0 0.0 27303 3500 11419.42857142857 7
120 0.1 22732.0 0.0 27303 3500 13404.875 8
130 0.1 17473.0 0.0 27303 3500 14441.222222222223 9
140 0.1 20555.0 0.0 27303 3500 14744.4 10
150 0.1 17988.0 0.0 27303 3500 15272.636363636364 11
160 0.1 18083.0 0.0 27303 3500 15498.916666666666 12
180 0.1 14928.0 0.0 27303 3500 15697.692307692309 13
190 0.1 25788.0 0.0 27303 3500 15642.714285714286 14
