10 570.02890625 570.02890625
20 1494.628125 2064.65703125
30 2435.0859375 4499.74296875
40 3017.1078125 7516.85078125
50 3179.32578125 10696.1765625
60 3282.51875 13978.6953125
70 2513.571875 16492.2671875
80 3327.528125 19819.7953125
90 3143.459375 22963.2546875
100 3292.06484375 26255.31953125
110 3209.28515625 29464.6046875
120 3134.31640625 32598.92109375
130 3175.0109375 35773.93203125
140 2760.26015625 38534.1921875
150 3246.8828125 41781.075
160 2993.79609375 44774.87109375
170 3176.625 47951.49609375
180 3025.83046875 50977.3265625
190 3160.940625 54138.2671875
200 2926.32109375 57064.58828125
