10 0.1 2506.171875 0 2506.171875 2506.171875 0 0
20 0.1 2505.4609375 0.0 2506.171875 2505.4609375 2506.171875 1
30 0.1 2504.25390625 0.0 2506.171875 2504.25390625 2505.81640625 2
40 0.1 2504.3515625 0.0 2506.171875 2504.25390625 2505.2955729166665 3
50 0.1 2504.8203125 0.0 2506.171875 2504.25390625 2505.0595703125 4
60 0.1 2504.5859375 0.0 2506.171875 2504.25390625 2505.01171875 5
70 0.1 2505.3125 0.0 2506.171875 2504.25390625 2504.9407552083335 6
80 0.1 2506.37109375 0.0 2506.37109375 2504.25390625 2504.9938616071427 7
90 0.1 2506.03125 0.0 2506.37109375 2504.25390625 2505.166015625 8
100 0.1 2506.6875 0.0 2506.6875 2504.25390625 2505.262152777778 9
110 0.1 2506.87109375 0.0 2506.87109375 2504.25390625 2505.4046875 10
120 0.1 2506.671875 0.0 2506.87109375 2504.25390625 2505.537997159091 11
130 0.1 2506.7578125 0.0 2506.87109375 2504.25390625 2505.6324869791665 12
140 0.1 2506.32421875 0.0 2506.87109375 2504.25390625 2505.719050480769 13
150 0.1 2506.23828125 0.0 2506.87109375 2504.25390625 2505.762276785714 14
160 0.1 2506.05078125 0.0 2506.87109375 2504.25390625 2505.794010416667 15
170 0.1 2506.0390625 0.0 2506.87109375 2504.25390625 2505.81005859375 16
180 0.1 2505.8984375 0.0 2506.87109375 2504.25390625 2505.823529411765 17
190 0.1 2505.34765625 0.0 2506.87109375 2504.25390625 2505.827690972222 18
200 0.1 2505.29296875 0.0 2506.87109375 2504.25390625 2505.802425986842 19
