10 584.6 7.654288272028958 5.891783748179781 29.011962890625 1.5400390625 0 0
20 1037.5 173.67730748776316 306.7886467807919 3189.547119140625 1.5400390625 7.654288272028958 5846
30 1031.6 849.8161643339968 1306.1161458916583 7854.10205078125 1.5400390625 113.84310673964761 16221
40 1009.8 2006.5531365856798 2788.5611649129505 15869.548828125 1.5400390625 399.94545674693205 26537
50 980.1 2679.7843094673904 3867.0772227779016 31305.73095703125 1.5400390625 842.7876664101415 36635
60 989.3 3831.774482100074 5510.762912587312 32764.191162109375 1.5400390625 1230.5127955901762 46436
70 951.4 3899.3123576316834 6279.932432495552 34552.3720703125 1.5400390625 1687.3695099760594 56329
80 976.8 4893.463492728586 7583.560827618552 34608.341064453125 1.5400390625 2006.9847196808967 65843
90 991.9 4930.446879292582 7795.412547136236 43115.7001953125 1.5400390625 2379.88184648956 75611
100 984.6 5207.285136537241 8378.175105654107 56398.66015625 1.5400390625 2675.6734349424205 85530
110 949.5 4591.931193612397 7653.649435341166 59190.376953125 1.5400390625 2937.020616769113 95376
120 963.2 4621.980628308287 7502.6672665151245 59190.376953125 1.5400390625 3086.8558994223445 104871
130 954.7 4036.0135654678356 7205.799940380474 59190.376953125 1.5400390625 3215.990694044576 114503
140 964.4 4732.998104011606 7599.880825937199 59226.869873046875 1.5400390625 3279.100394596594 124050
150 954.9 5187.030105793762 8248.668799115614 59226.869873046875 1.5400390625 3383.9771243645596 133694
160 921.6 5278.219411028747 8460.231485678192 87299.36694335938 1.5400390625 3504.1739431945725 143243
170 942.4 5798.309112989237 8574.192126879849 87299.36694335938 1.5400390625 3611.4132864380654 152459
180 942.7 5013.725164524918 8273.57825378804 87299.36694335938 1.5400390625 3738.7231724014973 161883
190 924.4 5352.195705280126 8647.340275237995 87299.36694335938 1.5400390625 3808.8851231326134 171310
200 918.1 5062.394192069763 7690.824030669774 87299.36694335938 1.5400390625 3887.899506759515 180554
200 48.7 5801.805164752311 9433.050180523322 87299.36694335938 1.5400390625 3944.7315920670935 189735
