10 583.3828125 583.3828125
20 1622.20546875 2205.58828125
30 2573.0015625 4778.58984375
40 3618.80390625 8397.39375
50 4427.43125 12824.825
60 5522.22265625 18347.04765625
70 6312.29765625 24659.3453125
80 7160.67265625 31820.01796875
90 8246.78671875 40066.8046875
100 8519.1921875 48585.996875
110 8713.840625 57299.8375
120 8690.309375 65990.146875
130 8736.6890625 74726.8359375
140 8672.28359375 83399.11953125
150 8857.27109375 92256.390625
160 8382.44140625 100638.83203125
170 8717.96640625 109356.7984375
180 8742.89140625 118099.68984375
190 8533.0140625 126632.70390625
200 8700.684375 135333.38828125
