10 475.03125 475.03125
20 1319.2875 1794.31875
30 2091.99375 3886.3125
40 2947.809375 6834.121875
50 3602.64375 10436.765625
60 4490.94375 14927.709375
70 5143.1625 20070.871875
80 5833.6875 25904.559375
90 6703.25625 32607.815625
100 6878.503125 39486.31875
110 7037.296875 46523.615625
120 6939.675 53463.290625
130 7097.11875 60560.409375
140 7078.725 67639.134375
150 7219.209375 74858.34375
160 7028.94375 81887.2875
170 6928.36875 88815.65625
180 7055.94375 95871.6
190 7052.821875 102924.421875
200 6974.184375 109898.60625
