10 0.1 2.431077694235589 0 2.431077694235589 2.431077694235589 0 0
20 0.1 18.77166914314017 0.0 18.77166914314017 2.431077694235589 2.431077694235589 1
30 0.1 25.41948409717005 0.0 25.41948409717005 2.431077694235589 10.60137341868788 2
40 0.1 28.333333333333332 0.0 28.333333333333332 2.431077694235589 15.540743644848604 3
50 0.1 30.65241844769404 0.0 30.65241844769404 2.431077694235589 18.738891066969785 4
60 0.1 31.19932904668717 0.0 31.19932904668717 2.431077694235589 21.121596543114634 5
70 0.1 30.946363381072732 0.0 31.19932904668717 2.431077694235589 22.801218627043387 6
80 0.1 30.887706524782978 0.0 31.19932904668717 2.431077694235589 23.964810734761866 7
90 0.1 31.202902595590288 0.0 31.202902595590288 2.431077694235589 24.830172708514503 8
100 0.1 30.77569308316998 0.0 31.202902595590288 2.431077694235589 25.538253807078476 9
110 0.1 31.454747362576345 0.0 31.454747362576345 2.431077694235589 26.06199773468763 10
120 0.1 31.90370780298838 0.0 31.90370780298838 2.431077694235589 26.552247700859333 11
130 0.1 31.484049930651874 0.0 31.90370780298838 2.431077694235589 26.998202709370087 12
140 0.1 32.30429988974642 0.0 32.30429988974642 2.431077694235589 27.343267880237914 13
150 0.1 32.05833791964777 0.0 32.30429988974642 2.431077694235589 27.69762730948852 14
160 0.1 32.0 0.0 32.30429988974642 2.431077694235589 27.988341350165804 15
170 0.1 32.31824417009602 0.0 32.31824417009602 2.431077694235589 28.23907001578044 16
180 0.1 32.03856749311294 0.0 32.31824417009602 2.431077694235589 28.479021436622535 17
190 0.1 31.324965132496512 0.0 32.31824417009602 2.431077694235589 28.67677399531645 18
200 0.1 32.64802631578947 0.0 32.64802631578947 2.431077694235589 28.81615247622066 19
