10 0.1 1.37109375 0 1.37109375 1.37109375 0 0
20 0.1 1.16015625 0.0 1.37109375 1.16015625 1.37109375 1
30 0.1 1.12890625 0.0 1.37109375 1.12890625 1.265625 2
40 0.1 1.109375 0.0 1.37109375 1.109375 1.2200520833333333 3
50 0.1 1.08984375 0.0 1.37109375 1.08984375 1.1923828125 4
60 0.1 1.078125 0.0 1.37109375 1.078125 1.171875 5
70 0.1 1.0703125 0.0 1.37109375 1.0703125 1.15625 6
80 0.1 1.05859375 0.0 1.37109375 1.05859375 1.1439732142857142 7
90 0.1 1.05078125 0.0 1.37109375 1.05078125 1.13330078125 8
100 0.1 1.0390625 0.0 1.37109375 1.0390625 1.1241319444444444 9
110 0.1 1.0390625 0.0 1.37109375 1.0390625 1.115625 10
120 0.1 1.03125 0.0 1.37109375 1.03125 1.1086647727272727 11
130 0.1 1.03125 0.0 1.37109375 1.03125 1.1022135416666667 12
140 0.1 1.01953125 0.0 1.37109375 1.01953125 1.0967548076923077 13
150 0.1 1.01953125 0.0 1.37109375 1.01953125 1.0912388392857142 14
160 0.1 1.01953125 0.0 1.37109375 1.01953125 1.0864583333333333 15
170 0.1 1.01171875 0.0 1.37109375 1.01171875 1.082275390625 16
180 0.1 1.01171875 0.0 1.37109375 1.01171875 1.078125 17
190 0.1 1.01171875 0.0 1.37109375 1.01171875 1.0744357638888888 18
200 0.1 1.078125 0.0 1.37109375 1.01171875 1.0711348684210527 19
