10 635.99765625 635.99765625
20 1217.0109375 1853.00859375
30 1522.8265625 3375.83515625
40 1957.2546875 5333.08984375
50 1923.61328125 7256.703125
60 1916.2796875 9172.9828125
70 1925.01015625 11097.99296875
80 1920.4015625 13018.39453125
90 1933.828125 14952.22265625
100 1902.0703125 16854.29296875
110 1877.34375 18731.63671875
120 1872.1875 20603.82421875
130 1876.875 22480.69921875
140 1847.8125 24328.51171875
150 1843.59375 26172.10546875
160 1823.90625 27996.01171875
170 1827.5390625 29823.55078125
180 1831.0546875 31654.60546875
190 1818.1640625 33472.76953125
200 1817.34375 35290.11328125
200 86.484375 35376.59765625
