10 972.0375 972.0375
20 1604.034375 2576.071875
30 1695.5671875 4271.6390625
40 1675.2984375 5946.9375
50 1694.7046875 7641.6421875
60 1730.60625 9372.2484375
70 1734.271875 11106.5203125
80 1684.03125 12790.5515625
90 1727.5875 14518.1390625
100 1716.80625 16234.9453125
110 1709.259375 17944.2046875
120 1716.4828125 19660.6875
130 1688.4515625 21349.1390625
140 1707.4265625 23056.565625
150 1692.009375 24748.575
160 1649.746875 26398.321875
170 1726.725 28125.046875
180 1657.509375 29782.55625
190 1677.13125 31459.6875
200 1673.3578125 33133.0453125
201 79.4578125 33212.503125
