10 0.1 4.68436873747495 0 4.68436873747495 4.68436873747495 0 0
20 0.1 21.121541501976285 0.0 21.121541501976285 4.68436873747495 4.68436873747495 1
30 0.1 28.20962888665998 0.0 28.20962888665998 4.68436873747495 12.902955119725618 2
40 0.1 28.564319482458323 0.0 28.564319482458323 4.68436873747495 18.00517970870374 3
50 0.1 46.780584447746406 0.0 46.780584447746406 4.68436873747495 20.644964652142384 4
60 0.1 46.60391757822437 0.0 46.780584447746406 4.68436873747495 25.872088611263187 5
70 0.1 46.41123882503193 0.0 46.780584447746406 4.68436873747495 29.32739343909005 6
80 0.1 46.4952092788704 0.0 46.780584447746406 4.68436873747495 31.767942779938892 7
90 0.1 46.490335707019334 0.0 46.780584447746406 4.68436873747495 33.60885109230533 8
100 0.1 45.95755432036382 0.0 46.780584447746406 4.68436873747495 35.040127160606886 9
110 0.1 46.96437531359759 0.0 46.96437531359759 4.68436873747495 36.13186987658258 10
120 0.1 46.61749745676501 0.0 46.96437531359759 4.68436873747495 37.1166430981294 11
130 0.1 46.80306905370844 0.0 46.96437531359759 4.68436873747495 37.90838096134903 12
140 0.1 46.283956945156326 0.0 46.96437531359759 4.68436873747495 38.592587737684376 13
150 0.1 46.075 0.0 46.96437531359759 4.68436873747495 39.14197125250381 14
160 0.1 45.412251227707415 0.0 46.96437531359759 4.68436873747495 39.60417316900355 15
170 0.1 46.32145603691361 0.0 46.96437531359759 4.68436873747495 39.96717804767255 16
180 0.1 46.08247422680412 0.0 46.96437531359759 4.68436873747495 40.34095910586319 17
190 0.1 46.24040920716113 0.0 46.96437531359759 4.68436873747495 40.65993216813769 18
200 0.1 45.73908469226723 0.0 46.96437531359759 4.68436873747495 40.95364148598103 19
