10 876.8 1.025544465893374 0.9326674866799267 47.260009765625 0.22607421875 0 0
20 1745.9 1.0495255178203244 0.6230029241867835 47.260009765625 0.217041015625 1.025544465893374 8768
30 2830 1.043324358505407 0.5411536994191253 47.260009765625 0.091796875 1.0415083651419585 26227
40 3643.9 1.0818974245700024 0.5635119700454269 47.260009765625 0.091796875 1.0424508819168699 54527
50 4642.3 1.1469295373437647 0.5984292098477663 47.260009765625 0.091796875 1.0582523084689606 90966
60 5441 1.3279670018436318 1.6055660342239269 215.552001953125 0.091796875 1.0882158644745725 137389
70 6356.9 1.6832209236961013 10.68029763336536 1019.053955078125 0.091796875 1.156229041729149 191799
80 7240.4 2.3184786297578044 15.945403053110832 1027.708984375 0.091796875 1.2874136339441375 255368
90 8074.1 3.7038603337465688 22.49515600606916 1035.015869140625 0.091796875 1.5151732655078243 327772
100 8729.3 9.366819318720372 28.470564650245915 1040.0419921875 0.091796875 1.9477587219722805 408513
110 8707.6 53.773773822805346 119.41215864911074 3030.72900390625 0.091796875 3.2539794144849394 495806
120 8842 141.62454380604115 262.4525974983222 7175.8759765625 0.091796875 10.801067191940595 582882
130 8921.8 294.69071805189316 566.9548383891323 12190.52587890625 0.091796875 28.032375607852913 671302
140 8743.6 350.64593962108614 979.4000891803746 18799.488037109375 0.091796875 59.314556216084625 760520
150 8798.8 372.05895147034266 978.7209391766894 28539.39599609375 0.091796875 89.3548541081919 847956
160 8840.7 403.9711196169161 1239.8101832314505 33864.300048828125 0.091796875 115.9318374733301 935944
170 8888.3 331.678210779238 1111.022825837475 40740.337158203125 0.091796875 140.7911765245616 1024351
180 8902.8 354.86616196293465 1276.4728409045551 44006.60693359375 0.091796875 156.0320084302152 1113234
190 8876 412.9711184198642 1408.6511066674561 61601.828857421875 0.091796875 170.7557600090815 1202262
200 8652.6 409.14837958975 1445.5697119879308 63155.903076171875 0.091796875 187.40848568884613 1291022
