10 0.1 1942.7734375 0 1942.7734375 1942.7734375 0 0
20 0.1 1942.26953125 0.0 1942.7734375 1942.26953125 1942.7734375 1
30 0.1 1946.31640625 0.0 1946.31640625 1942.26953125 1942.521484375 2
40 0.1 1946.65234375 0.0 1946.65234375 1942.26953125 1943.7864583333333 3
50 0.1 1947.12890625 0.0 1947.12890625 1942.26953125 1944.5029296875 4
60 0.1 1947.03515625 0.0 1947.12890625 1942.26953125 1945.028125 5
70 0.1 1926.93359375 0.0 1947.12890625 1926.93359375 1945.3626302083333 6
80 0.1 1862.1953125 0.0 1947.12890625 1862.1953125 1942.7299107142858 7
90 0.1 1838.28125 0.0 1947.12890625 1838.28125 1932.6630859375 8
110 0.1 1831.0390625 0.0 1947.12890625 1831.0390625 1922.1762152777778 9
120 0.1 1835.4140625 0.0 1947.12890625 1831.0390625 1913.0625 10
140 0.1 1826.4609375 0.0 1947.12890625 1826.4609375 1906.0035511363637 11
160 0.1 1817.66796875 0.0 1947.12890625 1817.66796875 1899.375 12
170 0.1 1828.66796875 0.0 1947.12890625 1817.66796875 1893.08984375 13
180 0.1 1828.15625 0.0 1947.12890625 1817.66796875 1888.48828125 14
190 0.1 1835.35546875 0.0 1947.12890625 1817.66796875 1884.4661458333333 15
