10 901.3 1.8175532206517637 62.52834409629124 5937.3818359375 0.27099609375 0 0
20 1818 2.629498633457093 75.18918094065634 6992.30517578125 0.10009765625 1.8175532206517637 9013
30 2888.6 5.006322773954088 188.0590004053594 15376.969970703125 0.10009765625 2.3603829049381932 27193
40 3753 4.004920061346794 160.70660341059116 30030.298828125 0.10009765625 3.7232927117534564 56079
50 4499.6 6.446545980953531 40.715953317245486 30030.298828125 0.10009765625 3.8362035903040015 93609
60 5350.7 38.044672030900834 117.8218593222786 30030.298828125 0.10009765625 4.6836114486761105 138605
70 5330.4 173.94983915042482 378.0474037916346 30030.298828125 0.10009765625 13.975328096116659 192112
80 5395.7 526.8153832321418 921.9290602094974 30030.298828125 0.06396484375 48.72156035986003 245416
90 5399.9 571.5738787100652 1262.890745199903 30030.298828125 0.06396484375 134.8900137632054 299373
100 5460.8 608.303046659331 1485.5898661147885 31946.448974609375 0.06396484375 201.61995281685276 353372
110 5188.3 637.293861312838 1605.7601594379 33862.174072265625 0.06396484375 256.0543623186667 407980
120 5350 598.3823261536191 1721.1902443102758 54920.531982421875 0.06396484375 299.06684413676163 459863
130 5276.7 621.7145521341145 1772.6906804327389 58013.220947265625 0.06396484375 330.25993418785976 513363
140 5398.8 677.8636985157617 2085.51772555427 62848.954833984375 0.06396484375 357.42540117454126 566130
150 5294.1 647.1474746338356 2531.443577397291 67321.83618164063 0.06396484375 385.32303162045287 620118
160 5326.9 743.4215967606317 2351.8708686138525 67321.83618164063 0.06396484375 405.91743395007256 673059
170 5314.4 569.1411400226087 1967.6459179232027 84360.24194335938 0.06396484375 430.67003779951204 726328
180 5382.3 570.9841161400968 1935.9459713688602 84360.24194335938 0.06396484375 440.1109263196183 779472
190 5467.5 515.552298690598 2086.476481303167 93596.0810546875 0.06396484375 448.5641004004751 833295
200 5338.7 573.5873716724033 1616.4586887295761 93596.0810546875 0.06396484375 452.6887664832397 887970
