20 0.1 3229 0 3229 3229 0 0
30 0.1 5976.0 0.0 5976 3229 3229.0 1
40 0.1 8643.0 0.0 8643 3229 4602.5 2
50 0.1 11104.0 0.0 11104 3229 5949.333333333333 3
60 0.1 13233.0 0.0 13233 3229 7238.0 4
70 0.1 15539.0 0.0 15539 3229 8437.0 5
80 0.1 20070.0 0.0 20070 3229 9620.666666666666 6
90 0.1 20443.0 0.0 20443 3229 11113.42857142857 7
110 0.1 27153.0 0.0 27153 3229 12279.625 8
120 0.1 21699.0 0.0 27153 3229 13932.222222222223 9
140 0.1 19686.0 0.0 27153 3229 14708.9 10
160 0.1 27538.0 0.0 27538 3229 15161.363636363636 11
170 0.1 30468.0 0.0 30468 3229 16192.75 12
180 0.1 17334.0 0.0 30468 3229 17290.846153846152 13
190 0.1 17750.0 0.0 30468 3229 17293.92857142857 14
