10 933.8390625 933.8390625
20 1888.55859375 2822.39765625
30 2993.509375 5815.90703125
40 3890.7125 9706.61953125
50 4665.11484375 14371.734375
60 5581.1859375 19952.9203125
70 5663.746875 25616.6671875
80 5750.7265625 31367.39375
90 5480.05 36847.44375
100 5706.07734375 42553.52109375
110 5443.56015625 47997.08125
120 5583.2390625 53580.3203125
130 5557.60625 59137.9265625
140 5500.34140625 64638.26796875
150 5569.165625 70207.43359375
160 5468.265625 75675.69921875
170 5512.59453125 81188.29375
180 5564.3515625 86752.6453125
190 5645.84609375 92398.49140625
200 5612.084375 98010.57578125
