10 1076.89453125 1076.89453125
20 2128.62890625 3205.5234375
30 3357.784375 6563.3078125
40 4314.86328125 10878.17109375
50 5116.990625 15995.16171875
60 5608.578125 21603.73984375
70 4504.76953125 26108.509375
80 3730.94921875 29839.45859375
90 3761.0859375 33600.54453125
100 3768.565625 37369.11015625
110 3544.56328125 40913.6734375
120 3764.38828125 44678.06171875
130 3605.31640625 48283.378125
140 3670.8046875 51954.1828125
150 3810.69453125 55764.87734375
160 3563.053125 59327.93046875
170 3907.4765625 63235.40703125
180 3830.95234375 67066.359375
190 4279.9 71346.259375
200 3771.38671875 75117.64609375
