0 0.1 3.359375 0 3.359375 3.359375 0 0
10 0.1 2.8515625 0.0 3.359375 2.8515625 3.359375 1
20 0.1 2.5703125 0.0 3.359375 2.5703125 3.10546875 2
30 0.1 2.25 0.0 3.359375 2.25 2.9270833333333335 3
40 0.1 2.140625 0.0 3.359375 2.140625 2.7578125 4
50 0.1 1.80859375 0.0 3.359375 1.80859375 2.634375 5
60 0.1 1.83984375 0.0 3.359375 1.80859375 2.4967447916666665 6
70 0.1 1.94140625 0.0 3.359375 1.80859375 2.4029017857142856 7
80 0.1 2.03125 0.0 3.359375 1.80859375 2.34521484375 8
90 0.1 2.26171875 0.0 3.359375 1.80859375 2.310329861111111 9
100 0.1 2.21875 0.0 3.359375 1.80859375 2.30546875 10
110 0.1 2.48828125 0.0 3.359375 1.80859375 2.297585227272727 11
120 0.1 2.71875 0.0 3.359375 1.80859375 2.3134765624999996 12
130 0.1 2.69140625 0.0 3.359375 1.80859375 2.3446514423076916 13
140 0.1 2.8984375 0.0 3.359375 1.80859375 2.3694196428571423 14
150 0.1 3.0703125 0.0 3.359375 1.80859375 2.4046874999999996 15
160 0.1 3.2109375 0.0 3.359375 1.80859375 2.4462890624999996 16
180 0.1 3.30859375 0.0 3.359375 1.80859375 2.4912683823529407 17
190 0.1 3.41015625 0.0 3.41015625 1.80859375 2.536675347222222 18
200 0.1 3.4296875 0.0 3.4296875 1.80859375 2.582648026315789 19
