10 634.8 0.9694991517382445 0.5076588937685858 6.005126953125 0.22412109375 0 0
20 1497.2 0.985588577193052 0.5049646700347509 9.65087890625 0.126220703125 0.9694991517382445 6348
30 2512 1.0155333597948657 0.5521598031260065 17.757080078125 0.126220703125 0.9807979734037875 21320
40 3369.1 1.118753873959755 1.0151213193201716 77.041015625 0.126220703125 0.9995867956721743 46440
50 4344.4 1.4304952422137625 5.870142429739412 1004.458984375 0.126220703125 1.0496904763274373 80131
60 5203.5 1.4052049692739756 5.609415926422009 1004.458984375 0.126220703125 1.183566116620098 123575
70 6037.1 1.7528972100959674 11.170959342182275 1004.458984375 0.126220703125 1.249239926185866 175610
80 6913 2.846804212285722 18.51034653491268 1008.142822265625 0.126220703125 1.378090528085751 235981
90 7824.5 5.079519757652296 35.14250758655588 1208.903076171875 0.126220703125 1.7108618047317716 305111
100 8582.3 15.0644729553986 72.37870437163922 2748.25390625 0.126220703125 2.3984228224966335 383356
110 8931.9 63.80741559429472 183.6514818898386 6348.593017578125 0.126220703125 4.715317697493267 469179
120 8478.4 217.9210864958136 457.8814421738445 7720.0439453125 0.126220703125 14.16574919777511 558498
130 9169.6 390.44473514480023 853.000812069273 16033.14306640625 0.126220703125 41.020522870094396 643282
140 8943.8 358.61045835458407 961.4222756421766 27024.885009765625 0.126220703125 84.6147563964604 734978
150 8938.5 343.6819162907237 1023.3074893658555 31736.982177734375 0.126220703125 114.33958899520988 824416
160 9079.3 367.42540534394516 1000.8399175194352 33161.52490234375 0.126220703125 136.7730990540843 913801
170 9023.9 372.6934378206529 1011.3090980448047 53294.422119140625 0.126220703125 157.61894806868654 1004594
180 9033.7 353.6178241487624 1317.3014668388587 63284.446044921875 0.126220703125 175.34595016008103 1094833
190 8947 369.9651118953777 1279.4127187954782 63284.446044921875 0.126220703125 188.93433518544913 1185170
200 8912.7 356.5881184150753 1160.5486401353903 76698.23193359375 0.126220703125 201.64131409105175 1274640
