10 63.6 12.615039369595129 2.024878686527289 28.010009765625 9.54296875 0 0
20 153 12.395610096252037 1.7140758301179935 28.010009765625 9.156005859375 12.615039369595129 636
30 251.3 12.582467361128368 2.2804742563952543 46.92919921875 8.762939453125 12.46004085241372 2166
40 337.6 13.629817293718528 5.207736848837711 143.126953125 8.762939453125 12.525793751836655 4679
50 437.5 17.04109670758935 20.04691841080063 1014.2060546875 8.762939453125 12.988510508806637 8055
60 533.1 16.480311439355326 18.302616376068983 1014.28515625 8.762939453125 14.414903479013745 12430
70 609.7 20.15752716339743 36.066669182956296 1025.943115234375 8.762939453125 15.034839847268966 17761
80 696 33.45543609268359 66.48463280074355 1045.053955078125 8.762939453125 16.343961507359303 23858
90 782.2 55.73274260998625 119.41947356393428 1430.655029296875 8.762939453125 20.20845184138023 30818
100 853.1 158.24173911231821 252.81989345874373 4366.3330078125 8.762939453125 27.39973037119484 38640
110 859.3 637.7571775014009 646.3254617716758 6627.642822265625 8.762939453125 51.06285340378952 47171
120 768.1 1973.782745993056 1364.7650101209845 10127.27099609375 8.762939453125 141.47000366149655 55764
130 946.3 3791.82765622317 2422.2851065104333 17559.175048828125 8.762939453125 363.2998432682222 63445
140 910.3 3610.504158919321 3069.025224963838 27206.66015625 8.762939453125 808.3011969467303 72908
150 847.9 3274.4798796336863 3138.2483108568017 36393.862060546875 8.762939453125 1119.338174459948 82011
160 893.5 3739.7558025409207 3748.699114122075 40286.738037109375 8.762939453125 1321.2770242573636 90490
170 909.5 3684.163332440344 3462.0044556067683 54265.0791015625 8.762939453125 1538.617812630143 99425
180 887.5 3692.308208544235 4196.148623790215 64380.260009765625 8.762939453125 1718.4347726621534 108520
190 882.8 3577.929493940848 4088.06876175062 64380.260009765625 8.762939453125 1867.658561950057 117395
200 906.7 3752.7842463300535 4381.660134362408 86582.9111328125 8.762939453125 1987.2744147472074 126223
