10 657.59296875 657.59296875
20 1553.56328125 2211.15625
30 2606.5 4817.65625
40 3488.64296875 8306.29921875
50 4506.94375 12813.24296875
60 5396.34921875 18209.5921875
70 6252.49609375 24462.08828125
80 7162.109375 31624.19765625
90 8107.903125 39732.10078125
100 8906.6328125 48638.73359375
110 9323.25703125 57961.990625
120 8975.56171875 66937.55234375
130 9408.26796875 76345.8203125
140 9254.4328125 85600.253125
150 9354.68984375 94954.94296875
160 9429.57421875 104384.5171875
170 9328.50546875 113713.02265625
180 9412.60390625 123125.6265625
190 9287.728125 132413.3546875
200 9218.18359375 141631.53828125
