0 0.1 31.72721503014792 0 31.72721503014792 31.72721503014792 0 0
10 0.1 2.094901564866229 0.0 31.72721503014792 2.094901564866229 31.72721503014792 1
20 0.1 14.632316158079039 0.0 31.72721503014792 2.094901564866229 16.911058297507076 2
30 0.1 25.630875804057396 0.0 31.72721503014792 2.094901564866229 16.151477584364397 3
40 0.1 35.04950495049505 0.0 35.04950495049505 2.094901564866229 18.521327139287646 4
50 0.1 43.684210526315795 0.0 43.684210526315795 2.094901564866229 21.826962701529126 5
60 0.1 52.389291968976735 0.0 52.389291968976735 2.094901564866229 25.46983733899357 6
70 0.1 59.07491201608849 0.0 59.07491201608849 2.094901564866229 29.31547371470545 7
80 0.1 64.27316093396936 0.0 64.27316093396936 2.094901564866229 33.03540350237833 8
90 0.1 69.74178992228629 0.0 69.74178992228629 2.094901564866229 36.50626543922178 9
100 0.1 73.45709984947315 0.0 73.45709984947315 2.094901564866229 39.82981788752823 10
110 0.1 75.35723238906994 0.0 75.35723238906994 2.094901564866229 42.886843520432315 11
120 0.1 80.75942915392457 0.0 80.75942915392457 2.094901564866229 45.592709259485446 12
130 0.1 88.36744882675987 0.0 88.36744882675987 2.094901564866229 48.29784155905769 13
140 0.1 90.73259125032358 0.0 90.73259125032358 2.094901564866229 51.159956363893556 14
150 0.1 89.64321110009911 0.0 90.73259125032358 2.094901564866229 53.79813202298889 15
160 0.1 90.24326445200104 0.0 90.73259125032358 2.094901564866229 56.038449465308275 16
170 0.1 90.56785370548604 0.0 90.73259125032358 2.094901564866229 58.05049740570197 17
180 0.1 90.44652128764278 0.0 90.73259125032358 2.094901564866229 59.857017200134415 18
190 0.1 91.73970783532536 0.0 91.73970783532536 2.094901564866229 61.46699109947696 19
200 0.1 86.73548387096774 0.0 91.73970783532536 2.094901564866229 62.98062693626938 20
