0 0.1 1095.140625 0 1095.140625 1095.140625 0 0
10 0.1 1109.79296875 0.0 1109.79296875 1095.140625 1095.140625 1
20 0.1 1119.203125 0.0 1119.203125 1095.140625 1102.466796875 2
30 0.1 1123.33984375 0.0 1123.33984375 1095.140625 1108.0455729166667 3
40 0.1 1124.75390625 0.0 1124.75390625 1095.140625 1111.869140625 4
50 0.1 1125.24609375 0.0 1125.24609375 1095.140625 1114.44609375 5
60 0.1 1125.85546875 0.0 1125.85546875 1095.140625 1116.24609375 6
70 0.1 1125.9140625 0.0 1125.9140625 1095.140625 1117.618861607143 7
80 0.1 1126.19140625 0.0 1126.19140625 1095.140625 1118.65576171875 8
90 0.1 1126.1484375 0.0 1126.19140625 1095.140625 1119.4930555555557 9
100 0.1 1126.30078125 0.0 1126.30078125 1095.140625 1120.15859375 10
110 0.1 1125.234375 0.0 1126.30078125 1095.140625 1120.7169744318182 11
120 0.1 1122.74609375 0.0 1126.30078125 1095.140625 1121.0934244791667 12
130 0.1 1114.0234375 0.0 1126.30078125 1095.140625 1121.2205528846155 13
140 0.1 1101.51171875 0.0 1126.30078125 1095.140625 1120.7064732142858 14
150 0.1 1100.94140625 0.0 1126.30078125 1095.140625 1119.4268229166667 15
160 0.1 1100.76171875 0.0 1126.30078125 1095.140625 1118.271484375 16
170 0.1 1101.55078125 0.0 1126.30078125 1095.140625 1117.2414981617646 17
180 0.1 1101.23046875 0.0 1126.30078125 1095.140625 1116.3697916666667 18
190 0.1 1094.25 0.0 1126.30078125 1094.25 1115.5729851973683 19
200 0.1 1093.515625 0.0 1126.30078125 1093.515625 1114.5068359375 20
