0 0.1 3.12890625 0 3.12890625 3.12890625 0 0
10 0.1 2.640625 0.0 3.12890625 2.640625 3.12890625 1
20 0.1 2.23828125 0.0 3.12890625 2.23828125 2.884765625 2
30 0.1 1.890625 0.0 3.12890625 1.890625 2.6692708333333335 3
40 0.1 1.6796875 0.0 3.12890625 1.6796875 2.474609375 4
50 0.1 1.80859375 0.0 3.12890625 1.6796875 2.315625 5
60 0.1 1.83984375 0.0 3.12890625 1.6796875 2.2311197916666665 6
70 0.1 2.01953125 0.0 3.12890625 1.6796875 2.1752232142857144 7
80 0.1 2.171875 0.0 3.12890625 1.6796875 2.15576171875 8
90 0.1 2.30078125 0.0 3.12890625 1.6796875 2.1575520833333335 9
100 0.1 2.41015625 0.0 3.12890625 1.6796875 2.171875 10
110 0.1 2.5 0.0 3.12890625 1.6796875 2.1935369318181817 11
120 0.1 2.66015625 0.0 3.12890625 1.6796875 2.2190755208333335 12
130 0.1 2.859375 0.0 3.12890625 1.6796875 2.2530048076923075 13
140 0.1 3.19921875 0.0 3.19921875 1.6796875 2.2963169642857144 14
150 0.1 3.25 0.0 3.25 1.6796875 2.3565104166666666 15
160 0.1 3.37109375 0.0 3.37109375 1.6796875 2.412353515625 16
170 0.1 3.421875 0.0 3.421875 1.6796875 2.46875 17
180 0.1 4.01953125 0.0 4.01953125 1.6796875 2.521701388888889 18
190 0.1 3.859375 0.0 4.01953125 1.6796875 2.600534539473684 19
200 0.1 3.87890625 0.0 4.01953125 1.6796875 2.6634765625 20
