10 0.1 750 0 750 750 0 0
20 0.1 4777.0 0.0 4777 750 750.0 1
30 0.1 8782.0 0.0 8782 750 2763.5 2
40 0.1 12556.0 0.0 12556 750 4769.666666666667 3
50 0.1 16520.0 0.0 16520 750 6716.25 4
60 0.1 20394.0 0.0 20394 750 8677.0 5
70 0.1 24043.0 0.0 24043 750 10629.833333333334 6
80 0.1 27056.0 0.0 27056 750 12546.0 7
90 0.1 31020.0 0.0 31020 750 14359.75 8
100 0.1 33996.0 0.0 33996 750 16210.888888888889 9
110 0.1 36458.0 0.0 36458 750 17989.4 10
120 0.1 36869.0 0.0 36869 750 19668.363636363636 11
130 0.1 40499.0 0.0 40499 750 21101.75 12
140 0.1 38258.0 0.0 40499 750 22593.846153846152 13
150 0.1 38265.0 0.0 40499 750 23712.714285714286 14
160 0.1 35620.0 0.0 40499 750 24682.866666666665 15
170 0.1 49478.0 0.0 49478 750 25366.4375 16
180 0.1 38320.0 0.0 49478 750 26784.764705882353 17
190 0.1 39389.0 0.0 49478 750 27425.61111111111 18
200 0.1 35638.0 0.0 49478 750 28055.263157894737 19
