10 739.8 739.8
20 1473.103125 2212.903125
30 2387.8125 4600.715625
40 3074.540625 7675.25625
50 3916.940625 11592.196875
60 4590.84375 16183.040625
70 5363.634375 21546.675
80 6109.0875 27655.7625
90 6812.521875 34468.284375
100 7365.346875 41833.63125
110 7347.0375 49180.66875
120 7460.4375 56641.10625
130 7527.76875 64168.875
140 7377.4125 71546.2875
150 7423.9875 78970.275
160 7459.340625 86429.615625
170 7499.334375 93928.95
180 7511.0625 101440.0125
190 7504.228125 108944.240625
200 7285.359375 116229.6
