10 0.1 2.73828125 0 2.73828125 2.73828125 0 0
20 0.1 2.48046875 0.0 2.73828125 2.48046875 2.73828125 1
30 0.1 2.33984375 0.0 2.73828125 2.33984375 2.609375 2
40 0.1 2.2109375 0.0 2.73828125 2.2109375 2.51953125 3
50 0.1 2.01953125 0.0 2.73828125 2.01953125 2.4423828125 4
60 0.1 1.7109375 0.0 2.73828125 1.7109375 2.3578125 5
70 0.1 1.671875 0.0 2.73828125 1.671875 2.25 6
80 0.1 1.640625 0.0 2.73828125 1.640625 2.1674107142857144 7
90 0.1 2.109375 0.0 2.73828125 1.640625 2.1015625 8
100 0.1 3.01953125 0.0 3.01953125 1.640625 2.1024305555555554 9
110 0.1 2.94921875 0.0 3.01953125 1.640625 2.194140625 10
120 0.1 3.73828125 0.0 3.73828125 1.640625 2.262784090909091 11
130 0.1 4.5390625 0.0 4.5390625 1.640625 2.3857421875 12
140 0.1 4.75 0.0 4.75 1.640625 2.5513822115384617 13
150 0.1 5.328125 0.0 5.328125 1.640625 2.7084263392857144 14
160 0.1 5.53125 0.0 5.53125 1.640625 2.883072916666667 15
170 0.1 5.8203125 0.0 5.8203125 1.640625 3.048583984375 16
180 0.1 5.87109375 0.0 5.87109375 1.640625 3.211626838235294 17
190 0.1 5.8203125 0.0 5.87109375 1.640625 3.359375 18
200 0.1 6.390625 0.0 6.390625 1.640625 3.4888980263157894 19
