10 0.1 1.3595166163141994 0 1.3595166163141994 1.3595166163141994 0 0
20 0.1 13.61111111111111 0.0 13.61111111111111 1.3595166163141994 1.3595166163141994 1
30 0.1 27.96184738955823 0.0 27.96184738955823 1.3595166163141994 7.485313863712655 2
40 0.1 43.016194331983804 0.0 43.016194331983804 1.3595166163141994 14.310825038994514 3
50 0.1 57.10640469507528 0.0 57.10640469507528 1.3595166163141994 21.487167362241834 4
60 0.1 74.11910669975185 0.0 74.11910669975185 1.3595166163141994 28.61101482880852 5
70 0.1 83.5824552805685 0.0 83.5824552805685 1.3595166163141994 36.19569680729908 6
80 0.1 89.75535168195718 0.0 89.75535168195718 1.3595166163141994 42.96523373205186 7
90 0.1 91.68874969886774 0.0 91.68874969886774 1.3595166163141994 48.81399847579002 8
110 0.1 90.46546546546547 0.0 91.68874969886774 1.3595166163141994 53.57785972279866 9
120 0.1 90.21978021978022 0.0 91.68874969886774 1.3595166163141994 57.266620297065344 10
130 0.1 91.13551676799374 0.0 91.68874969886774 1.3595166163141994 60.26236210822124 11
140 0.1 90.85598741855763 0.0 91.68874969886774 1.3595166163141994 62.83512499653562 12
150 0.1 91.32102613282187 0.0 91.68874969886774 1.3595166163141994 64.99057595207577 13
160 0.1 90.48140043763676 0.0 91.68874969886774 1.3595166163141994 66.87132239355763 14
170 0.1 90.37230258477591 0.0 91.68874969886774 1.3595166163141994 68.44532759649624 15
190 0.1 91.39645482057934 0.0 91.68874969886774 1.3595166163141994 69.81576353326372 16
200 0.1 90.13030888030889 0.0 91.68874969886774 1.3595166163141994 71.08521596192934 17
