10 57.2 12.729436274175049 2.5124085431508445 38.824951171875 9.27587890625 0 0
20 147.3 13.269022416518165 4.249447474540791 102.337158203125 9.27587890625 12.729436274175049 572
30 238.9 16.13277908267712 21.568704932118298 461.074951171875 8.64111328125 13.118096610444688 2045
40 322.3 29.489029655018637 83.56545255758526 2638.489990234375 8.64111328125 14.742380874351609 4434
50 438.7 53.37077798662954 135.9833897626769 3758.26806640625 8.64111328125 20.94957024617998 7657
60 499.8 155.5941753654581 258.21292443138174 3758.26806640625 8.64111328125 32.758922484419124 12044
70 508.7 800.5364398720069 769.1160847570984 5781.76708984375 8.64111328125 68.78348497118317 17042
80 447.7 3064.0445193183514 1822.232276894957 13932.055908203125 8.64111328125 236.9983741022099 22129
90 520.8 5759.301581223069 3030.3851531436676 24678.858154296875 8.64111328125 712.706319382698 26606
100 561.4 5983.501000480783 4441.113371925857 31589.591064453125 8.64111328125 1538.8416096217327 31814
110 499.8 5945.63127335896 5213.582292269438 35417.007080078125 8.64111328125 2205.51676779964 37428
120 539.8 6246.866098229384 5956.638467208381 46058.093017578125 8.64111328125 2646.1214040789378 42426
130 519.2 6745.4449247998045 6422.471939268949 53965.201171875 8.64111328125 3052.545372358967 47824
140 539.2 7015.232399190563 6573.8651927569235 62041.43212890625 8.64111328125 3414.2009947422634 53016
150 504 7111.7282275972 7586.112461319931 75571.85302734375 8.64111328125 3746.6342458856893 58408
160 566.6 7217.607664722961 7413.6612375509585 76572.35205078125 8.64111328125 4013.9409169836913 63448
170 486 6885.142643882215 7399.781451722854 79774.62280273438 8.64111328125 4276.579105956847 69114
180 556.3 7469.03344375471 8738.652463012944 102647.32788085938 8.64111328125 4447.9584932323405 73974
190 536.3 7998.973786453108 9928.970248941918 108538.4560546875 8.64111328125 4659.259396582428 79537
200 546.9 7961.312029485797 9183.73593143641 111373.13989257813 8.64111328125 4870.223922764719 84900
