10 57.6 14.92570071750217 2.778768529631385 40.157958984375 10.491943359375 0 0
20 148.1 15.420402243522114 5.0635410940061405 104.0791015625 10.491943359375 14.92570071750217 576
30 240.5 18.28772830447635 22.64123475291545 462.919921875 9.87890625 15.281876196372144 2057
40 331.5 31.727758236708162 83.93106605835037 2639.77685546875 9.87890625 16.9020183568362 4462
50 440.8 56.95788579757331 139.07603000846555 3759.818115234375 9.87890625 23.22159244733068 7777
60 503.7 166.93273928204732 267.7526435294986 3759.818115234375 9.87890625 35.42590767817759 12185
70 511.6 852.2722627999158 806.5746806722983 6403.87109375 9.87890625 73.88833427141252 17222
80 447.5 3202.3317654504217 1857.029153387652 13933.470947265625 9.87890625 252.15909165129537 22338
90 517.4 5832.874802620765 3124.2368176058367 24680.007080078125 9.87890625 744.5330414238344 26813
100 566.3 5983.668456470795 4485.038769068912 31591.989013671875 9.87890625 1567.5886662849628 31987
110 502.1 5920.451650188358 5188.270511463653 35418.89404296875 9.87890625 2231.8186756295145 37650
120 529 6296.724221657532 6023.126619513539 47303.11083984375 9.87890625 2665.8517698916585 42671
130 515.9 6740.9790839298585 6411.40354580327 53966.64794921875 9.87890625 3066.329559550787 47961
140 542.2 7011.0999113763255 6592.378900847114 62042.60888671875 9.87890625 3423.210525218551 53120
150 510.3 7081.175382530035 7568.444848316767 75573.13208007813 9.87890625 3755.511031722385 58542
160 556.9 7265.593238133254 7455.37120803682 76573.57299804688 9.87890625 4022.1598679573044 63645
170 490.2 6886.362902637793 7349.822568601846 79776.24682617188 9.87890625 4283.128464462489 69214
180 551.7 7496.094607833248 8831.969002614993 102649.47192382813 9.87890625 4455.305257812581 74116
190 532.6 7994.1005172242585 9913.471546771621 108540.05200195313 9.87890625 4665.972127628662 79633
200 554.4 8034.480837030677 9366.996143003116 112009.87915039063 9.87890625 4874.609373864919 84959
