10 0.1 3.55078125 0 3.55078125 3.55078125 0 0
20 0.1 3.0 0.0 3.55078125 3.0 3.55078125 1
30 0.1 2.69921875 0.0 3.55078125 2.69921875 3.275390625 2
40 0.1 2.578125 0.0 3.55078125 2.578125 3.0833333333333335 3
50 0.1 3.078125 0.0 3.55078125 2.578125 2.95703125 4
60 0.1 2.98828125 0.0 3.55078125 2.578125 2.98125 5
70 0.1 3.48046875 0.0 3.55078125 2.578125 2.982421875 6
80 0.1 4.48828125 0.0 4.48828125 2.578125 3.0535714285714284 7
90 0.1 4.33984375 0.0 4.48828125 2.578125 3.23291015625 8
100 0.1 4.26953125 0.0 4.48828125 2.578125 3.3559027777777777 9
110 0.1 4.7890625 0.0 4.7890625 2.578125 3.447265625 10
120 0.1 5.671875 0.0 5.671875 2.578125 3.569247159090909 11
130 0.1 5.69140625 0.0 5.69140625 2.578125 3.7444661458333335 12
140 0.1 5.51953125 0.0 5.69140625 2.578125 3.894230769230769 13
150 0.1 5.55078125 0.0 5.69140625 2.578125 4.010323660714286 14
160 0.1 5.1484375 0.0 5.69140625 2.578125 4.113020833333334 15
170 0.1 4.921875 0.0 5.69140625 2.578125 4.177734375 16
180 0.1 4.87109375 0.0 5.69140625 2.578125 4.221507352941177 17
190 0.1 4.80859375 0.0 5.69140625 2.578125 4.257595486111111 18
200 0.1 4.609375 0.0 5.69140625 2.578125 4.2865953947368425 19
