20 0.1 3614 0 3614 3614 0 0
30 0.1 6682.0 0.0 6682 3614 3614.0 1
40 0.1 9399.0 0.0 9399 3614 5148.0 2
50 0.1 8068.0 0.0 9399 3614 6565.0 3
60 0.1 13477.0 0.0 13477 3614 6940.75 4
70 0.1 10502.0 0.0 13477 3614 8248.0 5
80 0.1 11739.0 0.0 13477 3614 8623.666666666666 6
90 0.1 12731.0 0.0 13477 3614 9068.714285714286 7
100 0.1 10291.0 0.0 13477 3614 9526.5 8
110 0.1 14003.0 0.0 14003 3614 9611.444444444445 9
120 0.1 16039.0 0.0 16039 3614 10050.6 10
130 0.1 11679.0 0.0 16039 3614 10595.0 11
140 0.1 15939.0 0.0 16039 3614 10685.333333333334 12
150 0.1 17803.0 0.0 17803 3614 11089.461538461539 13
160 0.1 14980.0 0.0 17803 3614 11569.0 14
170 0.1 16541.0 0.0 17803 3614 11796.4 15
180 0.1 16044.0 0.0 17803 3614 12092.9375 16
190 0.1 18042.0 0.0 18042 3614 12325.35294117647 17
200 0.1 22326.0 0.0 22326 3614 12642.944444444445 18
