20 0.1 4966 0 4966 4966 0 0
30 0.1 9791.0 0.0 9791 4966 4966.0 1
40 0.1 13698.0 0.0 13698 4966 7378.5 2
50 0.1 17120.0 0.0 17120 4966 9485.0 3
60 0.1 19277.0 0.0 19277 4966 11393.75 4
70 0.1 15487.0 0.0 19277 4966 12970.4 5
80 0.1 19871.0 0.0 19871 4966 13389.833333333334 6
90 0.1 14651.0 0.0 19871 4966 14315.714285714286 7
100 0.1 18774.0 0.0 19871 4966 14357.625 8
120 0.1 17838.0 0.0 19871 4966 14848.333333333334 9
130 0.1 21302.0 0.0 21302 4966 15147.3 10
140 0.1 19952.0 0.0 21302 4966 15706.818181818182 11
150 0.1 19793.0 0.0 21302 4966 16060.583333333334 12
160 0.1 20786.0 0.0 21302 4966 16347.692307692309 13
180 0.1 22880.0 0.0 22880 4966 16664.714285714286 14
190 0.1 21732.0 0.0 22880 4966 17079.066666666666 15
200 0.1 17763.0 0.0 22880 4966 17369.875 16
