10 894.5 3.0221249814404056 15.237160686319516 1006.51611328125 1.182861328125 0 0
20 1926.1 8.028451781611826 136.57328403326028 12485.3291015625 1.113037109375 3.0221249814404056 8945
30 2829.2 22.96779354380779 182.59649309815802 12853.97705078125 0.783935546875 6.440789822187116 28206
40 3250.4 108.97123952232342 447.21498724003925 27077.39404296875 0.783935546875 14.716870201883603 56498
50 3484.2 383.0828992167956 576.413113403826 27077.39404296875 0.783935546875 49.13906319071055 89002
60 3403.1 828.8720076111681 1190.1800811796309 27077.39404296875 0.783935546875 143.09009137795303 123844
70 3451.5 1087.3852585040113 1931.1970026741835 27077.39404296875 0.783935546875 290.9149172929652 157875
80 3408.7 1142.883591648575 2129.6105064753474 38522.40283203125 0.783935546875 433.8026652367214 192390
90 3410.1 1184.4351216460598 2305.408768347844 38522.40283203125 0.783935546875 540.5262686869652 226477
100 3445.5 1233.294457487007 2361.2230918387118 38522.40283203125 0.783935546875 624.7925374999812 260578
110 3412.4 1366.9660589441464 2639.0592380493576 46049.052001953125 0.783935546875 695.8555496143989 295033
120 3461.4 1490.8846579080157 3005.0791660201908 52642.254150390625 0.783935546875 765.4301751589514 329157
130 3336.9 1499.1524461428796 2979.370856004651 58100.72607421875 0.783935546875 834.4595410673832 363771
140 3476.3 1565.8375495388527 2969.8895356542157 58100.72607421875 0.783935546875 890.3092100744442 397140
150 3165.5 1593.2774922319252 3204.0275090536347 65598.85717773438 0.783935546875 944.6811215101167 431903
160 3473.2 1716.207402001845 3610.577113009489 65598.85717773438 0.783935546875 988.9718426608656 463558
170 3450.2 1537.055370686166 3473.4261557089653 86598.45385742188 0.783935546875 1039.6618935288961 498290
180 3396.9 1529.9923516044164 3404.1978051553947 86598.45385742188 0.783935546875 1071.8715921521489 532792
190 3458.4 1585.5582896754775 3701.533003341593 90169.98999023438 0.783935546875 1099.3292049339636 566761
200 3328.6 1708.8569312466677 3587.245029398256 90169.98999023438 0.783935546875 1127.2927643993296 601345
