20 0.1 3429 0 3429 3429 0 0
30 0.1 6521.0 0.0 6521 3429 3429.0 1
40 0.1 9089.0 0.0 9089 3429 4975.0 2
50 0.1 11406.0 0.0 11406 3429 6346.333333333333 3
60 0.1 12921.0 0.0 12921 3429 7611.25 4
70 0.1 11073.0 0.0 12921 3429 8673.2 5
80 0.1 14253.0 0.0 14253 3429 9073.166666666666 6
90 0.1 10896.0 0.0 14253 3429 9813.142857142857 7
100 0.1 13539.0 0.0 14253 3429 9948.5 8
120 0.1 13463.0 0.0 14253 3429 10347.444444444445 9
130 0.1 15650.0 0.0 15650 3429 10659.0 10
140 0.1 14945.0 0.0 15650 3429 11112.727272727272 11
150 0.1 14962.0 0.0 15650 3429 11432.083333333334 12
160 0.1 16256.0 0.0 16256 3429 11703.615384615385 13
180 0.1 17349.0 0.0 17349 3429 12028.785714285714 14
190 0.1 16683.0 0.0 17349 3429 12383.466666666667 15
200 0.1 13855.0 0.0 17349 3429 12652.1875 16
