0 1 50.6133056640625 16.34900321249642 83.8310546875 26.62890625 0 0
10 90.2 33.92884762377012 51.81477457874951 1070.568115234375 16.97705078125 50.6133056640625 10
20 193.7 83.92260906040298 430.4301321068246 12525.986083984375 16.83203125 34.111791242632975 912
30 279.3 232.37046954369754 591.2601966043538 12886.18505859375 16.83203125 67.97755260206452 2849
40 303.4 1026.693923135455 1336.726654736713 27780.6640625 16.83203125 149.3581653312352 5642
50 282.4 3260.3828939378404 1928.4199397945542 33028.055908203125 16.83203125 456.1627629773858 8676
60 262 6789.587835180853 2633.1286485328433 33028.055908203125 16.83203125 1144.7816890497618 11500
70 335.5 9985.640054926207 4568.053421190831 33028.055908203125 16.83203125 2192.1890617738027 14120
80 354.3 10860.762797571813 6144.135542710421 40094.635986328125 16.83203125 3688.4424570256665 17475
90 366.2 11449.01571346931 7199.72183818119 69668.67919921875 16.83203125 4897.479043121156 21018
100 268.1 12405.439737606655 7731.316861955656 69668.67919921875 16.83203125 5869.5911698154405 24680
110 355.5 12861.089608743177 7229.936993247216 69668.67919921875 16.83203125 6510.014034851376 27361
120 313.4 14444.417563121335 8866.0562988189 69668.67919921875 16.83203125 7240.317879630305 30916
130 331.9 14944.175300765944 8894.295807913197 73887.119140625 16.83203125 7903.3912543163815 34050
140 346.5 15262.357965466612 9443.494406491804 73887.119140625 16.83203125 8528.732105025956 37369
150 308.7 15671.466163786015 9678.583215026261 73887.119140625 16.83203125 9100.119027845833 40834
160 382.7 16396.857992514568 10565.104915046515 73887.119140625 16.83203125 9561.988033757521 43921
170 328.6 16216.73975731262 11257.600430647111 81183.43090820313 16.83203125 10109.802546033705 47748
180 348.2 15285.545800556883 11079.738461031882 92139.31005859375 16.83203125 10503.018748492115 51034
190 348.2 15635.495794639171 10567.862973406987 106639.4140625 16.83203125 10808.484285128874 54516
200 327.8 16195.947650679003 11597.750448182023 106639.4140625 16.83203125 11098.281417376795 57998
