0 0.5 1.212353515625 0.17100822366493124 1.43896484375 0.95703125 0 0
10 96.1 1.107693198816338 0.27739328605307045 3.828857421875 0.58984375 1.212353515625 5
20 183.4 0.99763766655875 0.2714934244181807 4.401123046875 0.55908203125 1.1082349188826355 966
30 283.3 0.9307730769336837 0.23133999783132006 5.053955078125 0.43212890625 1.0357937186104904 2800
40 382 0.9202591980939137 0.24643628825083375 5.053955078125 0.43212890625 0.9829757747314928 5633
50 353.8 185.05976456231886 505.39659593864087 3010.14697265625 0.43212890625 0.9576317228161695 9453
60 252.7 2320.364817007572 2596.472628370854 7023.944091796875 0.43212890625 51.09644674753794 12991
70 259 2458.357124664423 3628.7917424251937 15048.31494140625 0.43212890625 420.6312561074494 15518
80 258.3 4574.555543457213 7679.016774129032 31090.823974609375 0.43212890625 712.0886229929453 18108
90 253.6 4916.018226118115 7724.414414990488 31090.823974609375 0.4130859375 1194.2669640861357 20691
100 249.2 6154.924118017503 9196.365959744537 31090.823974609375 0.4130859375 1600.6199670789072 23227
110 259.7 5537.883254152922 8693.148612396246 31114.55517578125 0.4130859375 2041.901741025755 25719
120 264.7 5440.594350989932 7718.31774902048 31114.55517578125 0.4130859375 2362.5354459837736 28316
130 251.4 4946.639678348116 7241.112513610338 31114.55517578125 0.4130859375 2625.676030602554 30963
140 246.8 5172.628912482108 8810.16367909362 31114.55517578125 0.4130859375 2799.9718937453786 33477
150 265.2 5769.789912573359 7640.497383418551 31114.55517578125 0.4130859375 2962.879600581997 35945
160 249.4 7397.957716194648 9620.320667108825 31114.55517578125 0.4130859375 3155.742417572983 38597
170 243.4 6957.479494394196 9600.886740876258 31114.55517578125 0.4130859375 3413.2217915177016 41091
180 254.7 6266.216175068858 8315.67215277209 31114.55517578125 0.4130859375 3611.423359554494 43525
190 252.8 6800.695237654671 9587.896699125995 31114.55517578125 0.4130859375 3758.1883643538317 46072
200 253.5 8330.957079211343 10530.370589359225 31114.55517578125 0.4130859375 3916.4488041831432 48600
200 4 999.9295959472656 1025.6476773501936 31114.55517578125 0.4130859375 4135.296530343238 51135
