0 0.8 15.41046142578125 6.91273377980968 27.345947265625 10.546875 0 0
10 96.4 13.426895584802908 2.481688123165738 28.093994140625 9.035888671875 15.41046142578125 8
20 183.2 18.998263163337512 8.535558794972435 66.199951171875 9.035888671875 13.443221229584623 972
30 246.4 700.2910666527692 436.493334863115 1410.8740234375 9.035888671875 17.07262095235042 2804
40 231.7 3419.1188692990995 1127.7959158063122 5278.6708984375 9.035888671875 336.63417186461925 5268
50 248.7 6818.506152206325 1071.605774697817 8739.533935546875 9.035888671875 1278.244856631355 7585
60 258.7 10848.941362838836 1165.470291288863 14387.5771484375 9.035888671875 2646.258145163419 10072
70 251.4 13893.731474737557 2543.401089652214 19405.598876953125 9.035888671875 4322.562867821314 12659
80 260.6 13987.36235293478 3572.073270845285 27037.998046875 9.035888671875 5908.400729667187 15173
90 245.3 16231.253527249795 7449.264280571706 43541.617919921875 9.035888671875 7092.594103323488 17779
100 250 16890.31723476561 7817.654253300494 46084.373046875 9.035888671875 8200.597838341837 20232
110 258 17787.09731672418 8559.327653090997 55468.00390625 9.035888671875 9156.268192514784 22732
120 261.2 17262.417811628886 8704.832803366702 55468.00390625 9.035888671875 10035.990819745357 25312
130 253.2 17238.695102492802 9190.27769595197 85183.0 9.035888671875 10711.947964237543 27924
140 255.6 25322.993802113917 22625.76126845887 92288.52514648438 9.035888671875 11254.557753903366 30456
150 250.4 29367.16053094346 27411.880973240637 99131.01220703125 9.035888671875 12343.825975738644 33012
160 246.1 26267.448819355406 22494.885171369504 100602.98291015625 9.035888671875 13544.02953825224 35516
170 251.1 29153.685058593775 26137.759330987083 119062.1728515625 9.035888671875 14368.537394343952 37977
180 245.6 29576.924133698398 26929.9283983255 119062.1728515625 9.035888671875 15285.488238666498 40488
190 252.9 29541.849664979993 27820.655426338617 119062.1728515625 9.035888671875 16102.826319846601 42944
200 269.4 34421.89875586151 30812.803575669706 141013.96899414063 9.035888671875 16850.24324944971 45473
200 4.8 19805.78105163574 20411.278119495004 141013.96899414063 9.035888671875 17833.03312497182 48167
