10 55.8 12.938537378892244 3.2382272709574695 34.970947265625 9.210205078125 0 0
20 150.4 13.197321952657484 7.343476475383651 269.43505859375 8.97607421875 12.938537378892244 558
30 241.4 17.378317541392658 35.38678713395625 1022.64013671875 8.97607421875 13.127291985557093 2062
40 339.2 25.08327865600592 59.87313549865256 1031.02099609375 8.97607421875 15.419958583364744 4476
50 426.1 48.28919525612011 108.4421631204659 1277.888916015625 8.97607421875 19.585945071214116 7868
60 496.6 178.20163193701566 272.46343212191226 2133.10009765625 8.97607421875 29.669591623929463 12129
70 486.5 976.7636439732136 822.4684831107951 5418.93701171875 8.97607421875 72.81730219396667 17095
80 408.6 3220.4177601011816 1887.872019393715 14887.715087890625 8.97607421875 273.07681734679164 21960
90 494.4 5888.948221496796 3508.1765650967213 22927.64404296875 8.97607421875 735.444746859747 26046
100 530.1 6517.142468144271 4992.464912624018 32375.7939453125 8.97607421875 1557.610644846374 30990
110 576.8 6453.882148520461 5475.758808701871 38566.030029296875 8.97607421875 2282.045854548563 36291
120 487.7 6646.524036913539 7073.750255942661 49174.631103515625 8.97607421875 2854.1743346272597 42059
130 520.9 6506.429736524975 5898.183646197414 58529.72216796875 8.97607421875 3248.2277157856493 46936
140 592.1 6685.766008549419 6570.51432468412 68693.39501953125 8.97607421875 3573.704258618733 52145
150 507.9 7165.893837090769 7695.487159248619 74834.44091796875 8.97607421875 3891.0417301397533 58066
160 591.6 7513.336304660105 7982.787644942231 88402.46411132813 8.97607421875 4154.450928828553 63145
170 76.8 18791.85149288176 14875.401904217822 91834.48608398438 8.97607421875 4442.1844670544615 69061
180 7.9 53188.973985116696 18102.34005201416 94087.1689453125 8.97607421875 4600.006350166569 69829
190 4.7 67730.00014544548 11459.379058746597 105081.453125 8.97607421875 4654.9146359587685 69908
200 0.4 79574.74450683594 3227.7486403543003 105081.453125 8.97607421875 4697.292293294854 69955
