10 661.634375 661.634375
20 1733.6265625 2395.2609375
30 2768.29609375 5163.55703125
40 3900.00078125 9063.5578125
50 4814.33125 13877.8890625
60 5500.5875 19378.4765625
70 4781.2671875 24159.74375
80 3497.1625 27656.90625
90 3317.25234375 30974.15859375
100 3524.07421875 34498.2328125
110 3783.30703125 38281.53984375
120 3726.91953125 42008.459375
130 3362.77578125 45371.23515625
140 3713.50078125 49084.7359375
150 3463.16640625 52547.90234375
160 3523.49140625 56071.39375
170 391.46484375 56462.85859375
180 53.17578125 56516.034375
190 20.45546875 56536.48984375
200 2.6546875 56539.14453125
