0 0.1 35.3251953125 0 35.3251953125 35.3251953125 0 0
10 95.5 46.97916138334424 299.68226330136207 5776.330078125 19.97412109375 35.3251953125 1
20 174.6 111.38615607996853 512.1072989654748 14469.14306640625 19.97412109375 46.96697104226595 956
30 235.1 958.3130044811392 1074.6009866008196 27925.3291015625 19.97412109375 88.59387595560004 2702
40 225.3 3096.5624782191453 1661.5828268110884 27925.3291015625 19.97412109375 493.2464924534315 5053
50 200.3 6887.618742418601 2379.9034590442384 27925.3291015625 19.97412109375 1296.0484245544653 7306
60 276.8 10466.24540084222 3457.409189012335 30091.80712890625 19.97412109375 2499.1760802298186 9309
70 267.2 12891.358665603355 5859.420409959259 33761.473876953125 19.97412109375 4325.19643954547 12077
80 202.7 15557.545261648413 7777.959250915939 40418.68994140625 19.97412109375 5877.083717871233 14749
90 294.2 17195.115642908047 8899.431142156755 50754.494873046875 19.97412109375 7046.748450181458 16776
100 260.9 17873.41287960167 10103.166299546969 59451.501953125 19.97412109375 8560.92312717718 19718
110 267.8 18478.741064981827 10858.18209454328 69984.27612304688 19.97412109375 9649.125114191806 22327
120 260.5 21338.230320859857 12265.306067942834 75410.71801757813 19.97412109375 10594.764446973875 25005
130 264.4 22146.109413504782 13366.829104004006 80978.333984375 19.97412109375 11608.409090272427 27610
140 258.6 20873.55180841552 14205.192832479765 93707.14794921875 19.97412109375 12529.334576311507 30254
150 269.3 21928.11628890291 14138.669868757352 101743.2509765625 19.97412109375 13186.403570289003 32840
160 292.9 22312.424760343787 14914.283490821459 109266.19702148438 19.97412109375 13848.926643241675 35533
170 247.1 24965.679055164936 16016.794153805953 117787.85693359375 19.97412109375 14493.448144593453 38462
180 274.2 23767.058811090294 16685.515749821672 122845.2490234375 19.97412109375 15125.624691145675 40933
190 290.5 25976.053682531445 17603.824690224686 123657.2578125 19.97412109375 15668.150446311976 43675
200 243.1 27837.730128298874 19347.938553736432 133193.3701171875 19.97412109375 16311.011307222616 46580
