10 1107.534375 1107.534375
20 1969.953125 3077.4875
30 2533.4578125 5610.9453125
40 2599.725 8210.6703125
50 2571.7796875 10782.45
60 2554.64375 13337.09375
70 2493.7609375 15830.8546875
80 1958.2828125 17789.1375
90 2673.728125 20462.865625
100 2563.784375 23026.65
110 2319.575 25346.225
120 2052.796875 27399.021875
130 2464.565625 29863.5875
140 2460.2125 32323.8
150 2523.4484375 34847.2484375
160 2294.6984375 37141.946875
170 2347.346875 39489.29375
180 2501.6421875 41990.9359375
190 2374.25 44365.1859375
200 2134.3671875 46499.553125
