10 58.6 24.254890728322323 10.629861053871839 139.40185546875 15.508056640625 0 0
20 149.2 30.230800434347763 72.11311411794992 2598.177978515625 15.489013671875 24.254890728322323 586
30 222.9 268.34864267012944 278.7565633057937 2969.97314453125 15.489013671875 28.545582394053774 2078
40 240.2 1511.8038679721647 602.2468014454106 5004.0341796875 15.489013671875 152.6507649701793 4307
50 198.9 4682.909392405298 1806.480385106761 12263.067138671875 15.489013671875 639.263636249173 6709
60 201.5 9378.980545566448 2593.3989760145973 20678.412109375 15.489013671875 1563.937286398004 8698
70 280.2 13049.757872620301 4062.5583787088312 26842.7900390625 15.489013671875 3033.8628130688166 10713
80 283.3 14652.887955051243 5959.77429467714 38731.4228515625 15.489013671875 5110.410201663952 13515
90 268.3 15572.26979659255 7396.042106019903 49000.391845703125 15.489013671875 6764.058322250336 16348
100 270.7 15735.056300523676 7319.062417940423 56394.767822265625 15.489013671875 8005.844428375089 19031
110 265.8 17520.747486857956 8582.439969087867 62025.01806640625 15.489013671875 8968.351399481271 21738
120 272.8 18090.078828157228 8934.147870715473 67557.11499023438 15.489013671875 9900.154514756203 24396
130 326.6 18676.249950962567 9580.773252337038 81865.748046875 15.489013671875 10723.857269768665 27124
140 269.2 18162.11484975375 10485.249149641522 86128.64111328125 15.489013671875 11578.497430899934 30390
150 265.6 17745.952392210453 11029.385514772554 100785.4169921875 15.489013671875 12114.229795676987 33082
160 299 18420.10713919447 10531.050122499719 107058.30908203125 15.489013671875 12532.771829825313 35738
170 265 17454.467590838747 10962.01377913767 121686.84497070313 15.489013671875 12987.304275988652 38728
180 254.3 18250.17447222229 10298.145399503348 121686.84497070313 15.489013671875 13273.39791957589 41378
190 273 19728.175252010424 10944.79099665449 121686.84497070313 15.489013671875 13561.550347193199 43921
200 262.4 20968.948012003104 10940.327712625742 121686.84497070313 15.489013671875 13922.419052904783 46651
200 6 20173.10751953125 9902.343680101667 121686.84497070313 15.489013671875 14297.661914166558 49275
