10 0.1 1371.83984375 0 1371.83984375 1371.83984375 0 0
20 0.1 1372.25 0.0 1372.25 1371.83984375 1371.83984375 1
30 0.1 1372.84765625 0.0 1372.84765625 1371.83984375 1372.044921875 2
40 0.1 1373.06640625 0.0 1373.06640625 1371.83984375 1372.3125 3
50 0.1 1372.5859375 0.0 1373.06640625 1371.83984375 1372.5009765625 4
60 0.1 1370.73828125 0.0 1373.06640625 1370.73828125 1372.51796875 5
70 0.1 1370.9375 0.0 1373.06640625 1370.73828125 1372.2213541666667 6
80 0.1 1370.67578125 0.0 1373.06640625 1370.67578125 1372.0379464285713 7
90 0.1 1370.3515625 0.0 1373.06640625 1370.3515625 1371.86767578125 8
100 0.1 1370.0859375 0.0 1373.06640625 1370.0859375 1371.69921875 9
110 0.1 1369.6796875 0.0 1373.06640625 1369.6796875 1371.537890625 10
120 0.1 1369.59375 0.0 1373.06640625 1369.59375 1371.3689630681818 11
130 0.1 1369.24609375 0.0 1373.06640625 1369.24609375 1371.2210286458333 12
140 0.1 1368.765625 0.0 1373.06640625 1368.765625 1371.069110576923 13
150 0.1 1368.5390625 0.0 1373.06640625 1368.5390625 1370.904575892857 14
160 0.1 1368.13671875 0.0 1373.06640625 1368.13671875 1370.746875 15
170 0.1 1367.7890625 0.0 1373.06640625 1367.7890625 1370.583740234375 16
180 0.1 1367.796875 0.0 1373.06640625 1367.7890625 1370.4193474264705 17
190 0.1 1367.42578125 0.0 1373.06640625 1367.42578125 1370.273654513889 18
200 0.1 1367.3359375 0.0 1373.06640625 1367.3359375 1370.1237664473683 19
