20 0.1 4819 0 4819 4819 0 0
30 0.1 8086.0 0.0 8086 4819 4819.0 1
40 0.1 10427.0 0.0 10427 4819 6452.5 2
50 0.1 9587.0 0.0 10427 4819 7777.333333333333 3
60 0.1 8.8e3 0.0 10427 4819 8229.75 4
70 0.1 10815.0 0.0 10815 4819 8343.8 5
80 0.1 11589.0 0.0 11589 4819 8755.666666666666 6
90 0.1 12454.0 0.0 12454 4819 9160.42857142857 7
100 0.1 13673.0 0.0 13673 4819 9572.125 8
110 0.1 11759.0 0.0 13673 4819 10027.777777777777 9
120 0.1 13724.0 0.0 13724 4819 10200.9 10
130 0.1 16294.0 0.0 16294 4819 10521.181818181818 11
140 0.1 15475.0 0.0 16294 4819 11002.25 12
150 0.1 15926.0 0.0 16294 4819 11346.307692307691 13
160 0.1 15843.0 0.0 16294 4819 11673.42857142857 14
170 0.1 18112.0 0.0 18112 4819 11951.4 15
180 0.1 14718.0 0.0 18112 4819 12336.4375 16
190 0.1 20256.0 0.0 20256 4819 12476.529411764706 17
200 0.1 15024.0 0.0 20256 4819 12908.722222222223 18
