10 901.6 3.0407805015475997 1.7379888632785592 36.347900390625 1.14794921875 0 0
20 1487.8 136.68417177483613 356.93862396672733 3698.613037109375 1.14794921875 3.0407805015475997 9016
30 1572.7 495.4031131337141 1067.2994775598036 8597.114990234375 1.14794921875 86.25608038285615 23894
40 1553.9 1272.961540396468 2446.4687993620514 16606.570068359375 1.14794921875 248.6612540047421 39621
50 1571.9 1871.4904107980008 3466.2403038545804 31137.696044921875 1.14794921875 537.2145924790175 55160
60 1605.2 2340.727950642949 4813.4622489001185 32653.114013671875 1.14794921875 833.1200311584021 70879
70 1608.6 2679.653210004537 5409.472552525767 34352.470947265625 1.14794921875 1111.5031433228307 86931
80 1562 2595.9957646446987 5234.746298642551 35105.77099609375 1.14794921875 1356.3681847494101 103017
90 1602.4 2738.2923005171187 5365.6505169537495 63258.095947265625 1.14794921875 1519.5801911046317 118637
100 1592.4 3347.876960085553 6591.583775365071 63258.095947265625 1.14794921875 1664.600968027614 134661
110 1585.4 3813.7486292614194 7216.00295299803 63258.095947265625 1.14794921875 1842.6033381011978 150585
120 1592.1 3237.154779804509 6542.392782980418 63258.095947265625 1.14794921875 2030.3630425337776 166439
130 1566.1 3471.816249408242 6707.158745355955 63258.095947265625 1.14794921875 2135.722393537766 182360
140 1583.7 3759.914276502666 7023.062263608386 63258.095947265625 1.14794921875 2241.3908119216117 198021
150 1569.4 3597.691060651166 6902.312277535105 63258.095947265625 1.14794921875 2353.843262185666 213858
160 1530.2 3907.2516092507954 7232.5419671816135 63258.095947265625 1.14794921875 2438.8825881297553 229552
170 1601.6 4333.206377972635 7653.634172101466 63258.095947265625 1.14794921875 2530.647406189473 244854
180 1537.4 4101.2317656299765 7426.315256668707 63258.095947265625 1.14794921875 2641.3147289635717 260870
190 1555.6 3773.024963943901 6861.45598812776 63258.095947265625 1.14794921875 2722.5645100328775 276244
200 1552.1 4321.595111861397 7555.319871476305 63290.93212890625 1.14794921875 2778.5650680213625 291800
201 73.7 5577.410714096422 8444.309771172366 63290.93212890625 1.14794921875 2856.4945596943726 307321
