10 0.1 4.75 0 4.75 4.75 0 0
20 0.1 4.1015625 0.0 4.75 4.1015625 4.75 1
30 0.1 3.7890625 0.0 4.75 3.7890625 4.42578125 2
40 0.1 3.51953125 0.0 4.75 3.51953125 4.213541666666667 3
50 0.1 3.44921875 0.0 4.75 3.44921875 4.0400390625 4
60 0.1 3.44921875 0.0 4.75 3.44921875 3.921875 5
70 0.1 3.28125 0.0 4.75 3.28125 3.8430989583333335 6
80 0.1 3.62109375 0.0 4.75 3.28125 3.7628348214285716 7
90 0.1 3.91015625 0.0 4.75 3.28125 3.7451171875 8
100 0.1 3.69140625 0.0 4.75 3.28125 3.763454861111111 9
120 0.1 3.8984375 0.0 4.75 3.28125 3.75625 10
130 0.1 4.1484375 0.0 4.75 3.28125 3.7691761363636362 11
140 0.1 4.2109375 0.0 4.75 3.28125 3.80078125 12
150 0.1 3.94921875 0.0 4.75 3.28125 3.832331730769231 13
160 0.1 3.8203125 0.0 4.75 3.28125 3.8406808035714284 14
170 0.1 3.46875 0.0 4.75 3.28125 3.8393229166666667 15
190 0.1 3.7109375 0.0 4.75 3.28125 3.816162109375 16
200 0.1 3.69140625 0.0 4.75 3.28125 3.8099724264705883 17
