10 0.1 1960.5625 0 1960.5625 1960.5625 0 0
20 0.1 1960.1875 0.0 1960.5625 1960.1875 1960.5625 1
30 0.1 1960.58984375 0.0 1960.58984375 1960.1875 1960.375 2
40 0.1 1959.72265625 0.0 1960.58984375 1959.72265625 1960.4466145833333 3
50 0.1 1959.90625 0.0 1960.58984375 1959.72265625 1960.265625 4
60 0.1 1959.82421875 0.0 1960.58984375 1959.72265625 1960.19375 5
70 0.1 1959.21484375 0.0 1960.58984375 1959.21484375 1960.1321614583333 6
80 0.1 1957.29296875 0.0 1960.58984375 1957.29296875 1960.0011160714287 7
90 0.1 1956.390625 0.0 1960.58984375 1956.390625 1959.66259765625 8
100 0.1 1950.72265625 0.0 1960.58984375 1950.72265625 1959.299045138889 9
110 0.1 1950.3359375 0.0 1960.58984375 1950.3359375 1958.44140625 10
120 0.1 1948.71875 0.0 1960.58984375 1948.71875 1957.7045454545455 11
130 0.1 1948.5 0.0 1960.58984375 1948.5 1956.9557291666667 12
140 0.1 1948.14453125 0.0 1960.58984375 1948.14453125 1956.3052884615386 13
150 0.1 1947.63671875 0.0 1960.58984375 1947.63671875 1955.722377232143 14
160 0.1 1947.19140625 0.0 1960.58984375 1947.19140625 1955.1833333333334 15
170 0.1 1946.83984375 0.0 1960.58984375 1946.83984375 1954.683837890625 16
180 0.1 1946.76171875 0.0 1960.58984375 1946.76171875 1954.2224264705883 17
190 0.1 1946.03125 0.0 1960.58984375 1946.03125 1953.8079427083333 18
200 0.1 1945.7890625 0.0 1960.58984375 1945.7890625 1953.3986430921052 19
