20 0.1 4938 0 4938 4938 0 0
30 0.1 13385.0 0.0 13385 4938 4938.0 1
40 0.1 18963.0 0.0 18963 4938 9161.5 2
50 0.1 20660.0 0.0 20660 4938 12428.666666666666 3
60 0.1 24413.0 0.0 24413 4938 14486.5 4
70 0.1 26396.0 0.0 26396 4938 16471.8 5
80 0.1 29012.0 0.0 29012 4938 18125.833333333332 6
90 0.1 31943.0 0.0 31943 4938 19681.0 7
100 0.1 35597.0 0.0 35597 4938 21213.75 8
110 0.1 36035.0 0.0 36035 4938 22811.88888888889 9
120 0.1 40739.0 0.0 40739 4938 24134.2 10
130 0.1 42756.0 0.0 42756 4938 25643.727272727272 11
140 0.1 36329.0 0.0 42756 4938 27069.75 12
150 0.1 35174.0 0.0 42756 4938 27782.0 13
160 0.1 36627.0 0.0 42756 4938 28310.0 14
170 0.1 34243.0 0.0 42756 4938 28864.466666666667 15
180 0.1 38035.0 0.0 42756 4938 29200.625 16
190 0.1 40515.0 0.0 42756 4938 29720.29411764706 17
200 0.1 33357.0 0.0 42756 4938 30320.0 18
