10 570.2 0.9440308259437478 0.7821671477799411 30.778076171875 0.158935546875 0 0
20 1522.6 0.9337469271568778 0.7019354711284063 30.778076171875 0.14501953125 0.9440308259437478 5702
30 2490.2 0.9234874928469595 0.5718160690497612 30.778076171875 0.1240234375 0.9365488571493631 20928
40 3481.9 1.9388282346630887 5.605363556134302 232.287841796875 0.10498046875 0.9294518880492442 45830
50 4338.8 1.1347895393923797 0.9346338480421742 232.287841796875 0.10498046875 1.365235034929521 80649
60 5181.8 1.386577070415039 6.684814374629074 999.446044921875 0.10498046875 1.284625465523896 124037
70 6034.8 3.578127330234629 11.383179060531148 1005.375 0.10498046875 1.3146668533846293 175855
80 7009.5 7.964558245311174 29.50817653252245 1025.60302734375 0.10498046875 1.8929631191261473 236203
90 7554.1 11.543426357328967 55.10299034556998 2530.4169921875 0.10498046875 3.2824219480115446 306298
100 7842.9 21.432346634027688 89.8833697440875 4026.60400390625 0.09912109375 4.916735190200654 381839
110 7971 67.02793129243881 197.93939859765317 4026.60400390625 0.09912109375 7.730971439359646 460268
120 7652.5 165.1300866272523 609.042224290595 11834.150146484375 0.09912109375 16.484218182539813 539978
130 7536 338.4435782916488 1438.7880291254025 19120.427978515625 0.093994140625 34.93526397263592 616503
140 7560.8 355.1046664066737 1753.091888609176 31741.89306640625 0.0810546875 67.99439065968352 691863
150 7571.4 452.1868086809666 2550.9625683185895 37200.77294921875 0.076904296875 96.27928185254738 767471
160 7627.6 405.0190495879084 2351.0095843642907 47310.60205078125 0.076904296875 128.2380838785404 843185
170 7427.6 517.163348981305 2871.7109043287123 58081.5458984375 0.076904296875 151.19908487852598 919461
180 7527.7 354.8825831679634 2240.1507170659247 63145.262939453125 0.076904296875 178.55276264286206 993737
190 7505.6 431.2107640032424 2532.4388192851425 64905.926025390625 0.075927734375 190.96941939353889 1069014
200 7090.7 393.83821213231334 2137.247816211238 81486.82202148438 0.075927734375 206.73030322147417 1144070
