10 57.5 12.523234969429346 4.26360609777058 72.95703125 9.035888671875 0 0
20 156.3 11.969013821827016 3.0888376344430206 72.95703125 8.87890625 12.523234969429346 575
30 250.8 11.721187025736375 2.2944211907040497 72.95703125 8.470947265625 12.1180676851906 2138
40 350.1 21.78185445899386 38.26522075846086 361.981201171875 8.470947265625 11.903823885381906 4646
50 440.8 13.898226369314312 5.654215873670494 361.981201171875 8.470947265625 16.148697463167032 8147
60 519.4 16.380217812545098 22.397008466265817 1022.383056640625 8.470947265625 15.358567906679356 12555
70 611.9 38.99900791687513 51.94391114292906 1089.56396484375 8.470947265625 15.657539657824023 17749
80 705.1 81.9122980118071 106.87626622587504 1327.122802734375 8.470947265625 21.64155357927256 23868
90 752.7 120.29352508054322 191.36650267954573 4030.073974609375 8.470947265625 35.386144898325604 30919
100 780.2 224.083775594399 299.50225189496604 4281.301025390625 8.470947265625 52.009404811750976 38446
110 796.8 688.045693546891 462.5012369804925 7218.23291015625 8.470947265625 81.03821126492127 46248
120 764.9 1665.1358463358695 1330.8549300807986 11508.402099609375 8.470947265625 170.24869560206778 54216
130 750 3402.4492949544265 3418.063531115954 20341.05908203125 8.470947265625 355.07681838494744 61865
140 756.7 3522.580333364394 4502.603069534418 31755.10205078125 8.470947265625 684.5699860382465 69365
150 757.8 4516.761159494643 6946.958579804133 35392.22119140625 8.470947265625 963.7155210330076 76932
160 760.6 3984.5873521097 6414.0549071972755 49759.85302734375 8.470947265625 1282.3166315319104 84510
170 746 5178.385438288049 7806.694616413345 57458.43603515625 8.470947265625 1505.442593370404 92116
180 746.9 3565.1051014113546 6454.577356222204 73852.01391601563 8.470947265625 1780.6108429796034 99576
190 744.7 5101.087313106355 10236.183775749309 77316.73193359375 8.470947265625 1905.1228483626362 107045
200 701.8 7993.121185868045 17397.070980690896 89457.2490234375 8.470947265625 2113.0006683757942 114492
