10 0.1 3.23828125 0 3.23828125 3.23828125 0 0
20 0.1 2.80859375 0.0 3.23828125 2.80859375 3.23828125 1
30 0.1 2.53125 0.0 3.23828125 2.53125 3.0234375 2
40 0.1 2.30078125 0.0 3.23828125 2.30078125 2.859375 3
50 0.1 2.1015625 0.0 3.23828125 2.1015625 2.7197265625 4
60 0.1 1.9296875 0.0 3.23828125 1.9296875 2.59609375 5
70 0.1 1.94140625 0.0 3.23828125 1.9296875 2.4850260416666665 6
80 0.1 1.80078125 0.0 3.23828125 1.80078125 2.4073660714285716 7
90 0.1 1.75 0.0 3.23828125 1.75 2.33154296875 8
100 0.1 1.7109375 0.0 3.23828125 1.7109375 2.2669270833333335 9
110 0.1 1.671875 0.0 3.23828125 1.671875 2.211328125 10
120 0.1 1.5703125 0.0 3.23828125 1.5703125 2.1622869318181817 11
130 0.1 1.55078125 0.0 3.23828125 1.55078125 2.1129557291666665 12
140 0.1 1.46875 0.0 3.23828125 1.46875 2.0697115384615383 13
150 0.1 1.3984375 0.0 3.23828125 1.3984375 2.0267857142857144 14
160 0.1 1.33984375 0.0 3.23828125 1.33984375 1.9848958333333333 15
170 0.1 1.28125 0.0 3.23828125 1.28125 1.944580078125 16
180 0.1 1.23828125 0.0 3.23828125 1.23828125 1.9055606617647058 17
190 0.1 1.19921875 0.0 3.23828125 1.19921875 1.8684895833333333 18
200 0.1 1.171875 0.0 3.23828125 1.171875 1.833264802631579 19
