0 21.6 1.0887168601707173 1.0153025369408857 13.265869140625 0.51708984375 0 0
10 901.4 1.0987485179304404 0.7237837490342476 23.52099609375 0.2939453125 1.0887168601707173 216
20 1934.8 1.6285610991567292 1.0330023701484095 23.52099609375 0.22509765625 1.0985137575755 9230
30 2790.1 7.965116285174622 6.905355768951214 85.846923828125 0.22509765625 1.4573686797153846 28578
40 2657.9 303.27331278886453 223.81893708889825 3780.5009765625 0.22509765625 4.672239090663138 56479
50 2612.5 512.5250454825822 664.4491704700072 8149.54296875 0.22509765625 100.2261645141563 83058
60 4526.4 529.3359787888044 1632.0380906709768 16776.4931640625 0.22509765625 198.87987677064427 109183
70 4521.4 593.5767022088703 2273.383217817987 31730.961181640625 0.22509765625 295.72711240325606 154447
80 4561.5 650.0463885866689 2779.4914955507766 31921.547119140625 0.22509765625 363.1762955360213 199661
90 4545.3 576.3601022009959 2365.242642227072 37860.984130859375 0.22509765625 416.5267223796802 245276
100 4552 636.7982552044031 2590.8705584581735 37860.984130859375 0.22509765625 441.515308358438 290729
110 4547.7 572.9362494859135 2087.067135435955 38303.248046875 0.22509765625 467.95190665442794 336249
120 4528.8 637.7890003112003 2673.7305291355556 38303.248046875 0.22509765625 480.45923641176034 381726
130 4423.7 651.7898274007405 2424.7148332913407 38303.248046875 0.22509765625 497.14522410180757 427014
140 4447 491.796936943757 1874.4339358421012 54560.18212890625 0.22509765625 511.6619324295032 471251
150 4356.7 710.0777887945941 2930.396294167367 54560.18212890625 0.22509765625 509.9489978209627 515721
160 4427.2 674.4503321011761 2823.412538979611 54560.18212890625 0.22509765625 525.53848130058 559288
170 4438.3 759.4577641724517 3156.270274870062 54560.18212890625 0.22509765625 536.4613811922958 603560
180 4475.1 694.1512894625065 2780.704440162624 85534.88989257813 0.22509765625 551.7362563986153 647943
190 4533.8 823.821755265659 3361.668153857087 85534.88989257813 0.22509765625 560.9368776608785 692694
200 4504 610.2423367000599 2274.4884642291163 85534.88989257813 0.22509765625 577.0861429784333 738032
