20 0.1 3207 0 3207 3207 0 0
30 0.1 5695.0 0.0 5695 3207 3207.0 1
40 0.1 8.4e3 0.0 8400 3207 4451.0 2
50 0.1 10730.0 0.0 10730 3207 5767.333333333333 3
60 0.1 13275.0 0.0 13275 3207 7008.0 4
70 0.1 16228.0 0.0 16228 3207 8261.4 5
80 0.1 17820.0 0.0 17820 3207 9589.166666666666 6
90 0.1 20876.0 0.0 20876 3207 10765.0 7
100 0.1 21167.0 0.0 21167 3207 12028.875 8
120 0.1 18835.0 0.0 21167 3207 13044.222222222223 9
140 0.1 40180.0 0.0 40180 3207 13623.3 10
150 0.1 17779.0 0.0 40180 3207 16037.545454545454 11
170 0.1 20446.0 0.0 40180 3207 16182.666666666666 12
180 0.1 29267.0 0.0 40180 3207 16510.615384615383 13
190 0.1 16708.0 0.0 40180 3207 17421.785714285714 14
200 0.1 19411.0 0.0 40180 3207 17374.2 15
