10 989.10390625 989.10390625
20 2016.52265625 3005.6265625
30 3160.0359375 6165.6625
40 4111.40078125 10277.06328125
50 5270.95234375 15548.015625
60 5787.22109375 21335.23671875
70 5162.4640625 26497.70078125
80 3992.32734375 30490.028125
90 4355.790625 34845.81875
100 3878.8828125 38724.7015625
110 3759.2046875 42483.90625
120 3729.10546875 46213.01171875
130 3678.58125 49891.59296875
140 4183.6875 54075.28046875
150 4058.5421875 58133.82265625
160 3846.0828125 61979.90546875
170 3879.70703125 65859.6125
180 4211.0984375 70070.7109375
190 4340.94765625 74411.65859375
200 3719.7015625 78131.36015625
200 115.96015625 78247.3203125
