10 99.1 12.688852504572402 4.150546227192054 48.1640625 8.315185546875 0 0
20 187.5 21.660551041666675 14.066116345364264 264.702880859375 8.25 12.688852504572402 991
30 197.3 1287.2889593001626 946.4304181792287 3967.973876953125 8.25 18.558334276048942 2866
40 232.8 4328.461612766958 777.140261966819 7809.119873046875 8.25 535.8564378455005 4839
50 231.2 6202.281906180737 2244.6432771199165 13798.906982421875 8.25 1767.7784201556933 7167
60 242.1 8446.371737430138 3900.8594795753934 24551.454833984375 8.25 2849.3874569412087 9479
70 231.4 8777.942902850997 5551.6989276553195 35506.994873046875 8.25 3988.068040391939 11900
80 246.1 8536.834222860994 6928.533419015047 38137.451904296875 8.25 4767.846458270809 14214
90 226.5 11550.431236418663 8758.993178017266 38689.4599609375 8.25 5324.097066286188 16675
100 232 12056.8168771678 9799.476642448259 58294.06201171875 8.25 6068.692995290943 18940
110 232.6 11484.924755565477 9539.182256590366 65856.5830078125 8.25 6722.147718054551 21260
120 228.1 8543.345499549596 6099.884525668626 65856.5830078125 8.25 7191.842426324304 23586
130 228.5 9141.791135611831 7201.738384988705 74011.09106445313 8.25 7311.02047209795 25867
140 223.9 11714.364716107755 9740.040420377734 74011.09106445313 8.25 7459.617764159942 28152
150 227.1 11551.118094615178 9223.49919868182 74011.09106445313 8.25 7773.0782763316765 30391
160 234.1 13114.998411990899 10071.085417152 89513.23413085938 8.25 8035.76667346969 32662
170 226.7 14687.650519533841 12372.410138484523 113597.8330078125 8.25 8375.46559927257 35003
180 227.6 13245.765659647366 10647.710492544009 127818.89819335938 8.25 8759.413096300535 37270
190 237.3 12600.575475976491 10248.258337821495 144710.90795898438 8.25 9017.617173430395 39546
200 224.3 11645.332634036788 10900.02732567812 144710.90795898438 8.25 9220.445486413573 41919
