20 0.1 5330 0 5330 5330 0 0
30 0.1 9030.0 0.0 9030 5330 5330.0 1
40 0.1 11876.0 0.0 11876 5330 7180.0 2
50 0.1 14947.0 0.0 14947 5330 8745.333333333334 3
60 0.1 15725.0 0.0 15725 5330 10295.75 4
70 0.1 13275.0 0.0 15725 5330 11381.6 5
80 0.1 17233.0 0.0 17233 5330 11697.166666666666 6
90 0.1 15268.0 0.0 17233 5330 12488.0 7
100 0.1 16748.0 0.0 17233 5330 12835.5 8
110 0.1 14278.0 0.0 17233 5330 13270.222222222223 9
120 0.1 18530.0 0.0 18530 5330 13371.0 10
130 0.1 17666.0 0.0 18530 5330 13840.0 11
140 0.1 20070.0 0.0 20070 5330 14158.833333333334 12
150 0.1 19288.0 0.0 20070 5330 14613.538461538461 13
160 0.1 18385.0 0.0 20070 5330 14947.42857142857 14
170 0.1 19270.0 0.0 20070 5330 15176.6 15
180 0.1 19937.0 0.0 20070 5330 15432.4375 16
190 0.1 18396.0 0.0 20070 5330 15697.411764705883 17
200 0.1 20925.0 0.0 20925 5330 15847.333333333334 18
