10 53.9 26.965059354707797 43.18005968921466 1020.8310546875 18.302001953125 0 0
20 151.7 54.07952305511495 326.03025187569534 9465.333984375 17.93505859375 26.965059354707797 539
30 228.4 301.5599024249874 874.3867130161757 16842.380859375 17.256103515625 46.97120791186619 2056
40 253.3 1317.5490208929648 1493.1395212727493 24914.986083984375 17.256103515625 180.95290797361014 4340
50 234.6 4362.2862059714325 1988.7490910702797 30957.162109375 17.256103515625 599.8381042524876 6873
60 221.2 7694.94551160926 3584.300059288846 38733.60400390625 17.256103515625 1557.285034139964 9219
70 295.4 11605.696592296055 5238.408268720704 42902.441162109375 17.256103515625 2744.9768350464537 11431
80 294.8 12993.26766027816 7232.968219534621 45078.323974609375 17.256103515625 4564.550429965837 14385
90 274 13868.645614200786 8320.064483752773 49487.655029296875 17.256103515625 5998.108290403195 17333
100 276.7 14747.340826929973 9559.301101912435 60413.781982421875 17.256103515625 7072.4505544995145 20073
110 305.1 15639.287407369004 9877.70107689129 66122.56616210938 17.256103515625 8002.241333125394 22840
120 225.7 16709.73484727199 10623.55754793315 81429.328125 17.256103515625 8902.19218757355 25891
130 272.8 17147.30238597342 11693.764158163465 81711.458984375 17.256103515625 9528.22685372885 28148
140 253.8 18607.1268363454 12985.929311674852 88068.81811523438 17.256103515625 10201.398185895036 30876
150 308 20375.14866864094 13652.410726289774 95209.24194335938 17.256103515625 10839.86527498473 33414
160 246 23631.19637381704 15804.069274485779 104388.60498046875 17.256103515625 11644.618737265137 36494
170 315.5 23680.127503157164 16364.520059714498 123084.22485351563 17.256103515625 12401.588008352 38954
180 285.9 23020.75629804247 17314.045590910744 123752.20190429688 17.256103515625 13246.628073566333 42109
190 309.8 23969.6513748317 18788.597674097455 134866.13208007813 17.256103515625 13868.052922209306 44968
200 256.1 23070.675455030087 19725.788219778835 134866.13208007813 17.256103515625 14519.131689034592 48066
