10 531.31640625 531.31640625
20 1518.2453125 2049.56171875
30 2326.878125 4376.43984375
40 2830.115625 7206.55546875
50 2975.5703125 10182.12578125
60 2914.253125 13096.37890625
70 2972.49453125 16068.8734375
80 2983.40859375 19052.28203125
90 2891.53203125 21943.8140625
100 2934.19609375 24878.01015625
110 2981.42421875 27859.434375
120 2494.06171875 30353.49609375
130 2871.1921875 33224.68828125
140 2919.6109375 36144.29921875
150 2962.671875 39106.97109375
160 2885.8765625 41992.84765625
170 2965.2515625 44958.09921875
180 2898.9734375 47857.07265625
190 2873.07734375 50730.15
200 2841.228125 53571.378125
