0 0.1 0.75 0 0.75 0.75 0 0
10 0.1 0.7109375 0.0 0.75 0.7109375 0.75 1
20 0.1 0.6796875 0.0 0.75 0.6796875 0.73046875 2
30 0.1 0.80078125 0.0 0.80078125 0.6796875 0.7135416666666666 3
40 0.1 0.828125 0.0 0.828125 0.6796875 0.7353515625 4
50 0.1 0.9296875 0.0 0.9296875 0.6796875 0.75390625 5
60 0.1 0.94140625 0.0 0.94140625 0.6796875 0.783203125 6
70 0.1 0.94921875 0.0 0.94921875 0.6796875 0.8058035714285714 7
80 0.1 0.9609375 0.0 0.9609375 0.6796875 0.82373046875 8
90 0.1 1.109375 0.0 1.109375 0.6796875 0.8389756944444444 9
100 0.1 1.1796875 0.0 1.1796875 0.6796875 0.866015625 10
110 0.1 1.1484375 0.0 1.1796875 0.6796875 0.89453125 11
120 0.1 1.19921875 0.0 1.19921875 0.6796875 0.9156901041666666 12
130 0.1 1.171875 0.0 1.19921875 0.6796875 0.9375 13
140 0.1 1.140625 0.0 1.19921875 0.6796875 0.9542410714285714 14
150 0.1 1.12109375 0.0 1.19921875 0.6796875 0.9666666666666667 15
160 0.1 1.1015625 0.0 1.19921875 0.6796875 0.976318359375 16
170 0.1 1.08984375 0.0 1.19921875 0.6796875 0.9836856617647058 17
180 0.1 1.0703125 0.0 1.19921875 0.6796875 0.9895833333333334 18
190 0.1 1.05859375 0.0 1.19921875 0.6796875 0.9938322368421053 19
200 0.1 1.05078125 0.0 1.19921875 0.6796875 0.9970703125 20
