10 86.8 20.754401281682043 9.938231129070724 66.52197265625 9.35986328125 0 0
20 117.8 1651.564908660732 1026.4014804850947 3435.93505859375 9.35986328125 20.754401281682043 868
30 143.1 5099.830114464592 923.3099973879973 7954.387939453125 9.35986328125 959.705905530226 2046
40 131.2 7848.343064284909 1574.2246077192403 14399.847900390625 9.35986328125 2663.622426377243 3477
50 155.5 8989.320646289707 2733.9690611788533 21953.47314453125 9.35986328125 4084.034511767692 4789
60 137.2 11146.650233855404 5210.439082631088 24746.81591796875 9.35986328125 5286.386330680323 6344
70 153.2 12970.902006383343 8453.138368574848 40133.427001953125 9.35986328125 6328.413556594814 7716
80 142 14247.414092759684 10182.296829288487 44158.192138671875 9.35986328125 7428.791184738849 9248
90 147.5 12097.620750794484 8382.143796948389 44158.192138671875 9.35986328125 8336.406907403789 10668
100 142.5 13051.716589740949 8982.984528459958 67602.9140625 9.35986328125 8793.278390480564 12143
110 149.7 12678.205528243978 8514.794876901004 69566.44799804688 9.35986328125 9240.527390623993 13568
120 139.2 13527.542361906197 9026.973826645217 69566.44799804688 9.35986328125 9582.127402042323 15065
130 139.9 14642.552853740395 10217.238779396646 69566.44799804688 9.35986328125 9915.846647599259 16457
140 137.8 13446.423552448068 9158.027250059984 69566.44799804688 9.35986328125 10286.179419910608 17856
150 152.4 17085.88023508627 12684.583234869691 124146.94604492188 9.35986328125 10512.591836185778 19234
160 139.4 15920.992596969732 11454.621527657759 124146.94604492188 9.35986328125 10995.186089963809 20758
170 141.4 16226.255344676845 12041.960562966346 128749.80615234375 9.35986328125 11305.161454299592 22152
180 146.5 13662.423148030877 9985.59226434298 133074.60083007813 9.35986328125 11600.435440593128 23566
190 136.1 16487.7628025837 11576.71047536289 133074.60083007813 9.35986328125 11721.11827353613 25031
200 136.3 15545.861960777009 11259.886859770742 138828.15600585938 9.35986328125 11966.927731100306 26392
200 6.9 23121.406158004982 12525.35044580225 138828.15600585938 9.35986328125 12142.682995198644 27755
