10 0.1 613 0 613 613 0 0
20 0.1 3308.0 0.0 3308 613 613.0 1
30 0.1 5619.0 0.0 5619 613 1960.5 2
40 0.1 7286.0 0.0 7286 613 3180.0 3
50 0.1 8752.0 0.0 8752 613 4206.5 4
60 0.1 7592.0 0.0 8752 613 5115.6 5
70 0.1 9764.0 0.0 9764 613 5528.333333333333 6
80 0.1 8817.0 0.0 9764 613 6133.428571428572 7
90 0.1 11308.0 0.0 11308 613 6468.875 8
100 0.1 10247.0 0.0 11308 613 7006.555555555556 9
110 0.1 10685.0 0.0 11308 613 7330.6 10
120 0.1 12321.0 0.0 12321 613 7635.545454545455 11
130 0.1 11660.0 0.0 12321 613 8026.0 12
140 0.1 12411.0 0.0 12411 613 8305.538461538461 13
150 0.1 11893.0 0.0 12411 613 8598.785714285714 14
160 0.1 11905.0 0.0 12411 613 8818.4 15
170 0.1 13171.0 0.0 13171 613 9011.3125 16
180 0.1 13110.0 0.0 13171 613 9256.0 17
190 0.1 13460.0 0.0 13460 613 9470.111111111111 18
200 0.1 15810.0 0.0 15810 613 9680.105263157895 19
