10 898.88359375 898.88359375
20 1572.1890625 2471.07265625
30 1593.7515625 4064.82421875
40 1470.9765625 5535.80078125
50 1471.553125 7007.35390625
60 1515.18359375 8522.5375
70 1506.02109375 10028.55859375
80 1549.62890625 11578.1875
90 1501.29140625 13079.47890625
100 1498.12890625 14577.6078125
110 1515.57734375 16093.18515625
120 1473.94453125 17567.1296875
130 1484.46796875 19051.59765625
140 1493.73671875 20545.334375
150 1488.34765625 22033.68203125
160 1513.834375 23547.51640625
170 1493.42890625 25040.9453125
180 1473.971875 26514.9171875
190 1481.05625 27995.9734375
200 1475.57734375 29471.55078125
200 59.33671875 29530.8875
