20 0.1 5102 0 5102 5102 0 0
30 0.1 9045.0 0.0 9045 5102 5102.0 1
40 0.1 12657.0 0.0 12657 5102 7073.5 2
50 0.1 1.66e4 0.0 16600 5102 8934.666666666666 3
60 0.1 19972.0 0.0 19972 5102 10851.0 4
70 0.1 23736.0 0.0 23736 5102 12675.2 5
80 0.1 27789.0 0.0 27789 5102 14518.666666666666 6
90 0.1 31781.0 0.0 31781 5102 16414.428571428572 7
100 0.1 32694.0 0.0 32694 5102 18335.25 8
110 0.1 34386.0 0.0 34386 5102 19930.666666666668 9
120 0.1 37470.0 0.0 37470 5102 21376.2 10
130 0.1 33763.0 0.0 37470 5102 22839.272727272728 11
140 0.1 43033.0 0.0 43033 5102 23749.583333333332 12
160 0.1 50314.0 0.0 50314 5102 25232.923076923078 13
170 0.1 37104.0 0.0 50314 5102 27024.428571428572 14
180 0.1 52150.0 0.0 52150 5102 27696.4 15
190 0.1 34493.0 0.0 52150 5102 29224.75 16
