10 92.3 12.93701647988895 2.0725515025948904 33.43310546875 9.18701171875 0 0
20 195.2 12.948812265865138 2.145092690006814 38.119873046875 9.053955078125 12.93701647988895 923
30 274.5 14.403842124174641 11.912596326193981 238.045166015625 9.053955078125 12.945025305706523 2875
40 374.4 15.236020927755245 8.802539903976562 238.045166015625 9.053955078125 13.65756127842805 5620
50 459.4 20.745391726130556 48.70536806579556 1034.0029296875 9.04296875 14.28867543125601 9364
60 546.9 28.097783119200276 70.20717115142912 1083.31005859375 9.04296875 16.41377606592098 13958
70 656 35.0504816194861 80.11518460507345 1300.5400390625 9.04296875 19.70300418011177 19427
80 735 85.36307992532979 182.51752497982048 3881.364013671875 9.04296875 23.577227907448343 25987
90 786.4 248.91085759548068 341.4679059833831 3881.364013671875 9.04296875 37.19950982638012 33337
100 762 424.4026591784054 530.005908620071 5072.0908203125 9.04296875 77.6086755955655 41201
110 774 1484.3548910766904 1147.7901592085375 11608.440185546875 9.04296875 131.73641068704745 48821
120 743.5 3360.699446406613 2045.7967167241302 19712.30419921875 9.04296875 316.8333332700258 56561
130 884.9 3443.8201552391165 3380.834893540812 29228.424072265625 9.04296875 670.4670689905478 63996
140 804.7 3553.2617435372317 2794.039836453705 37819.947021484375 9.04296875 1007.365983949894 72845
150 780.9 3982.40745528997 3205.68019549091 40589.527099609375 9.04296875 1260.6274087805239 80892
160 813.6 3689.9177793129625 3667.339266108645 56691.93994140625 9.04296875 1500.2456812147948 88701
170 838 3486.0952921937937 3858.305104079177 59040.819091796875 9.04296875 1684.2163968516556 96837
180 694.2 4731.449943083091 4356.48125594751 69328.29711914063 9.04296875 1827.7269050676957 105217
190 737.8 2252.995148987337 2652.5071348134593 77017.6728515625 9.04296875 2007.450737572469 112159
200 800 2956.1075779418998 2727.3115473249222 77017.6728515625 9.04296875 2022.6061009111752 119537
