10 89.9 23.93487284048248 49.34022464471925 1072.697021484375 15.64013671875 0 0
20 183.4 26.575285034845276 17.47792960512783 1072.697021484375 14.8388671875 23.93487284048248 899
30 264.2 385.1840517215896 394.41317341509847 3593.083984375 14.8388671875 25.706741104098054 2733
40 223 1587.837968574833 1522.192773705139 8331.173095703125 14.8388671875 202.40237917877946 5375
50 195.3 4131.357300617237 3076.7176691509553 18020.252197265625 14.8388671875 608.6510792909687 7605
60 240.4 7395.10896187019 4757.772915765232 24889.29296875 14.8388671875 1328.450749750291 9558
70 301.5 9025.447148534691 7018.729566990053 38401.343994140625 14.8388671875 2547.6654581549255 11962
80 277 10776.755784987048 9368.257110766615 43379.009033203125 14.8388671875 3851.6990961662086 14977
90 229.5 11853.505767250479 10480.999947492088 53370.5888671875 14.8388671875 4932.5807678872725 17747
100 281.7 13563.140923827428 10777.860531232925 61441.31591796875 14.8388671875 5725.09263663982 20042
110 274.2 14154.074812451552 11901.468659413735 77472.18994140625 14.8388671875 6691.00461988526 22859
120 268.4 17688.219370721137 18868.221682901753 84477.13012695313 14.8388671875 7490.33817982498 25601
130 269.3 22520.529987594433 23422.74029529292 92009.26318359375 14.8388671875 8458.028231667486 28285
140 271.1 23732.54861334248 24875.620345411255 100999.81298828125 14.8388671875 9680.518942130113 30978
150 251.4 23499.20981449198 24738.867928767 111893.6318359375 14.8388671875 10811.305027756185 33689
160 292.8 27272.79493554951 27305.837818483833 122521.88012695313 14.8388671875 11692.375453794186 36203
170 288.3 27891.436715328804 27013.486568726854 122521.88012695313 14.8388671875 12858.189469346551 39131
180 230.1 28087.443698264688 28379.177503504357 128628.64111328125 14.8388671875 13889.770652051528 42014
190 277.1 31836.937530836956 30039.355197220757 142624.00415039063 14.8388671875 14626.966763511224 44315
200 288.4 32383.269847938653 30513.276150452275 162359.56494140625 14.8388671875 15639.76948610944 47086
