10 933.38203125 933.38203125
20 1902.4515625 2835.83359375
30 2793.8328125 5629.66640625
40 2849.734375 8479.40078125
50 2929.5953125 11408.99609375
60 2933.88359375 14342.8796875
70 3231.87265625 17574.75234375
80 3100.54765625 20675.3
90 2979.271875 23654.571875
100 3157.471875 26812.04375
110 3136.26640625 29948.31015625
120 3153.49609375 33101.80625
130 3050.9171875 36152.7234375
140 3176.5671875 39329.290625
150 3160.62109375 42489.91171875
160 3095.25546875 45585.1671875
170 3106.71171875 48691.87890625
180 3077.4703125 51769.34921875
190 3055.1109375 54824.46015625
200 3153.125 57977.58515625
