10 56.3 1.1373076362677619 0.2720719142786927 3.0361328125 0.55908203125 0 0
20 156.4 1.038010541130517 0.32044068134224046 6.485107421875 0.47998046875 1.1373076362677619 563
30 248.1 0.9954824635983466 0.2819148348178672 6.485107421875 0.47998046875 1.064293693251941 2127
40 349.7 1.1662808495451469 1.549887230335274 35.703125 0.47998046875 1.0272449387444391 4608
50 426.5 2.1813724423908254 34.157860879434914 1000.375 0.47998046875 1.0872336592959597 8105
60 533.4 1.373227760592427 19.321422673545506 1000.375 0.455078125 1.464477144332306 12370
70 609.3 2.4463512496409834 36.14310404966872 1002.969970703125 0.455078125 1.4369848141883548 17704
80 692.6 5.403526594760679 64.45731040446579 1002.969970703125 0.43798828125 1.695423680062745 23797
90 803 25.767454260877155 154.0930091010753 1381.318115234375 0.386962890625 2.5313550925940045 30723
100 850.1 137.65800163216068 369.3545818310061 3136.807861328125 0.386962890625 7.346101726952988 38753
110 877.4 283.6341606994032 600.8429119297617 7028.916015625 0.386962890625 30.789227411427753 47254
120 924.3 610.7154867091147 1015.7868532290274 15226.203125 0.386962890625 70.38481255936622 56028
130 847.1 850.8556064843947 1511.9486782792183 15795.68505859375 0.386962890625 146.90082152454409 65271
140 825.2 688.3478899764832 1606.6861939081057 31080.911865234375 0.386962890625 227.7665558875244 73742
150 853.6 677.5477951321539 1603.7011093925287 31080.911865234375 0.386962890625 274.1201569912892 81994
160 696.4 582.4572904303044 1245.3929742310604 31581.9091796875 0.386962890625 312.159020563259 90530
170 938.7 555.6039088716462 988.3224774323146 31581.9091796875 0.386962890625 331.4664359052709 97494
180 866.4 686.4063759589802 1345.0659540450981 31581.9091796875 0.386962890625 351.1516789207307 106881
190 774.5 684.6215113581347 1249.0813627233556 31581.9091796875 0.386962890625 376.2903408718268 115545
200 896 752.1408304214475 1586.9709471916267 31581.9091796875 0.386962890625 395.65951043477963 123290
