20 0.1 3572 0 3572 3572 0 0
30 0.1 7719.0 0.0 7719 3572 3572.0 1
40 0.1 11618.0 0.0 11618 3572 5645.5 2
50 0.1 15431.0 0.0 15431 3572 7636.333333333333 3
60 0.1 18826.0 0.0 18826 3572 9585.0 4
70 0.1 23233.0 0.0 23233 3572 11433.2 5
80 0.1 26044.0 0.0 26044 3572 13399.833333333334 6
90 0.1 30137.0 0.0 30137 3572 15206.142857142857 7
100 0.1 33928.0 0.0 33928 3572 17072.5 8
110 0.1 37462.0 0.0 37462 3572 18945.333333333332 9
120 0.1 50409.0 0.0 50409 3572 20797.0 10
130 0.1 45936.0 0.0 50409 3572 23489.0 11
150 0.1 38640.0 0.0 50409 3572 25359.583333333332 12
160 0.1 58444.0 0.0 58444 3572 26381.153846153848 13
170 0.1 42731.0 0.0 58444 3572 28671.35714285714 14
190 0.1 41240.0 0.0 58444 3572 29608.666666666668 15
200 0.1 41044.0 0.0 58444 3572 30335.625 16
