20 0.1 2424 0 2424 2424 0 0
30 0.1 5189.0 0.0 5189 2424 2424.0 1
40 0.1 7737.0 0.0 7737 2424 3806.5 2
50 0.1 10175.0 0.0 10175 2424 5116.666666666667 3
60 0.1 12389.0 0.0 12389 2424 6381.25 4
70 0.1 15238.0 0.0 15238 2424 7582.8 5
80 0.1 17032.0 0.0 17032 2424 8858.666666666666 6
90 0.1 19754.0 0.0 19754 2424 10026.285714285714 7
100 0.1 2.22e4 0.0 22200 2424 11242.25 8
110 0.1 24559.0 0.0 24559 2424 12459.777777777777 9
120 0.1 33174.0 0.0 33174 2424 13669.7 10
130 0.1 29971.0 0.0 33174 2424 15442.818181818182 11
150 0.1 25464.0 0.0 33174 2424 16653.5 12
160 0.1 39037.0 0.0 39037 2424 17331.23076923077 13
170 0.1 28876.0 0.0 39037 2424 18881.64285714286 14
190 0.1 27375.0 0.0 39037 2424 19547.933333333334 15
200 0.1 27605.0 0.0 39037 2424 20037.125 16
