0 2.5 11.837822265625 4.306429177707604 25.455078125 8.72509765625 0 0
10 87.6 10.23485854336115 1.153962051428205 25.455078125 7.592041015625 11.837822265625 25
20 193 10.648604603505508 2.858876139484286 55.29296875 7.592041015625 10.279335894145387 901
30 291.6 10.850233289930545 1.844180947434512 55.29296875 7.592041015625 10.531080369265498 2831
40 385.6 11.850702689396385 7.442268044012113 248.01904296875 7.592041015625 10.69301701737047 5747
50 468.6 12.114905363466312 3.4757498722379783 248.01904296875 7.592041015625 11.157875494026925 9603
60 550 14.031561345880688 19.792043895135247 1007.533935546875 7.592041015625 11.471728245667554 14289
70 637.5 16.492081035539265 27.28737188303649 1011.31494140625 7.592041015625 12.183188251285435 19789
80 723.9 24.528529985419656 55.05759995593226 1222.6669921875 7.592041015625 13.233073265030205 26164
90 816.7 65.07493114319628 145.23262493886534 1633.2529296875 7.592041015625 15.680991451986444 33403
100 878.3 240.13520712398054 335.54931505947803 4049.864013671875 7.592041015625 25.385112343449297 41570
110 837.9 853.2201341628336 795.0303138951862 6200.384033203125 7.592041015625 62.84365666965441 50353
120 745.8 2540.817999547469 1739.7691547978554 14195.0048828125 7.592041015625 175.6027063344938 58732
130 871.4 3818.146803769441 2924.7515690718974 21109.518798828125 7.592041015625 442.1048313803069 66190
140 964.9 4028.6896241423615 3648.2298071424666 31071.47314453125 7.592041015625 834.8586195277878 74904
150 798.7 3320.539785354322 3203.517146250764 38951.09521484375 7.592041015625 1199.3314988286527 84553
160 814.8 3757.186814680367 3590.9848576357854 46650.818115234375 7.592041015625 1382.4100657670633 92540
170 940.4 3860.4167885985185 3689.079013856577 54295.261962890625 7.592041015625 1574.584713690804 100688
180 808.8 3676.199724176635 3881.763233620491 54295.261962890625 7.592041015625 1769.8392719914266 110092
190 827 3785.240381154587 4649.616205348551 78379.98291015625 7.592041015625 1900.306722806065 118180
200 863.5 3574.3760817111943 4108.231291656855 87727.58911132813 7.592041015625 2023.5839181761107 126450
