20 0.1 3391 0 3391 3391 0 0
30 0.1 6329.0 0.0 6329 3391 3391.0 1
40 0.1 8594.0 0.0 8594 3391 4860.0 2
50 0.1 11229.0 0.0 11229 3391 6104.666666666667 3
60 0.1 13520.0 0.0 13520 3391 7385.75 4
70 0.1 15620.0 0.0 15620 3391 8612.6 5
80 0.1 18081.0 0.0 18081 3391 9780.5 6
90 0.1 20164.0 0.0 20164 3391 10966.285714285714 7
100 0.1 22878.0 0.0 22878 3391 12116.0 8
110 0.1 26312.0 0.0 26312 3391 13311.777777777777 9
120 0.1 26048.0 0.0 26312 3391 14611.8 10
130 0.1 24104.0 0.0 26312 3391 15651.454545454546 11
140 0.1 26765.0 0.0 26765 3391 16355.833333333334 12
150 0.1 24736.0 0.0 26765 3391 17156.53846153846 13
160 0.1 25682.0 0.0 26765 3391 17697.928571428572 14
170 0.1 27539.0 0.0 27539 3391 18230.2 15
190 0.1 28916.0 0.0 28916 3391 18812.0 16
200 0.1 30571.0 0.0 30571 3391 19406.352941176472 17
