0 4.21875 4.21875
10 931.96875 936.1875
20 1928.41640625 2864.60390625
30 2853.46640625 5718.0703125
40 3760.2125 9478.2828125
50 4821.48359375 14299.76640625
60 5686.553125 19986.31953125
70 6679.91171875 26666.23125
80 7450.67265625 34116.90390625
90 8159.65546875 42276.559375
100 8922.83515625 51199.39453125
110 8719.740625 59919.13515625
120 8534.62734375 68453.7625
130 8425.140625 76878.903125
140 8281.95390625 85160.85703125
150 8657.88203125 93818.7390625
160 8052.23671875 101870.97578125
170 8359.98671875 110230.9625
180 7904.40546875 118135.36796875
190 8034.6625 126170.03046875
200 7936.71796875 134106.7484375
