10 576.7 2.062882107383595 0.5508949825988095 16.171875 0.882080078125 0 0
20 1538.8 2.5112836662750717 11.76059467158892 1001.2451171875 0.882080078125 2.062882107383595 5767
30 2407.3 16.00013063495994 69.0237260874739 2131.4990234375 0.882080078125 2.3890462855080123 21155
40 2991.3 94.83726654955653 198.3501249418166 11435.85888671875 0.882080078125 9.633665405176277 45228
50 3111.7 464.0489874279919 462.1579935049562 19563.760009765625 0.882080078125 43.55250227229072 75141
60 3202.7 928.4358221173134 1158.9361927202738 30270.3740234375 0.882080078125 166.692304720953 106258
70 3099.9 1127.2568985025257 1896.4610345132844 32944.184814453125 0.882080078125 343.11317199978464 138285
80 3178.3 1360.1883294620625 2390.7956305874686 43309.10400390625 0.882080078125 486.7042460402047 169284
90 3166.6 1200.9361604030232 2484.071124429664 53901.615966796875 0.882080078125 624.7773491520874 201067
100 3170.4 1205.4326686892784 2561.386242573609 53901.615966796875 0.882080078125 703.1703785766732 232733
110 3150.2 1653.3053726623468 3036.8638674547924 66389.7890625 0.882080078125 763.3878354595225 264437
120 3125.3 1485.9805375637095 3163.450450691558 87289.53198242188 0.882080078125 858.1174326297617 295939
130 3130.4 1482.105353145074 3149.6931894782097 87289.53198242188 0.882080078125 918.090187521387 327192
140 3168.5 1752.598795593466 3721.748115875271 100404.705078125 0.882080078125 967.3401951774944 358496
150 3199.6 1795.0417013644028 4049.3162246430243 100404.705078125 0.882080078125 1031.1078280304012 390181
160 3103.8 1837.1426027372825 4375.6553496230645 100404.705078125 0.882080078125 1089.004938036855 422177
170 3078.5 2026.5808356865798 4367.283666806 105047.31909179688 0.882080078125 1140.2404373847844 453215
180 3132.1 1646.8752146217553 4344.933746581966 109336.36694335938 0.882080078125 1196.6164480494967 484000
190 3154.3 1877.9327869783501 4491.211807732417 109336.36694335938 0.882080078125 1223.9829920634409 515321
200 3211.4 2089.6371309549245 4855.842490282894 109336.36694335938 0.882080078125 1261.7026780932417 546864
