10 0.1 448 0 448 448 0 0
20 0.1 2585.0 0.0 2585 448 448.0 1
30 0.1 5114.0 0.0 5114 448 1516.5 2
40 0.1 7552.0 0.0 7552 448 2715.6666666666665 3
50 0.1 10519.0 0.0 10519 448 3924.75 4
60 0.1 12614.0 0.0 12614 448 5243.6 5
70 0.1 13407.0 0.0 13407 448 6472.0 6
90 0.1 11833.0 0.0 13407 448 7462.714285714285 7
100 0.1 11573.0 0.0 13407 448 8009.0 8
110 0.1 13668.0 0.0 13668 448 8405.0 9
120 0.1 11041.0 0.0 13668 448 8931.3 10
130 0.1 14649.0 0.0 14649 448 9123.09090909091 11
140 0.1 14383.0 0.0 14649 448 9583.583333333334 12
150 0.1 14038.0 0.0 14649 448 9952.76923076923 13
170 0.1 14856.0 0.0 14856 448 10244.57142857143 14
180 0.1 13172.0 0.0 14856 448 10552.0 15
190 0.1 16223.0 0.0 16223 448 10715.75 16
200 0.1 14998.0 0.0 16223 448 11039.70588235294 17
