10 0.1 1330.00390625 0 1330.00390625 1330.00390625 0 0
20 0.1 1335.84765625 0.0 1335.84765625 1330.00390625 1330.00390625 1
30 0.1 1336.01953125 0.0 1336.01953125 1330.00390625 1332.92578125 2
40 0.1 1332.44140625 0.0 1336.01953125 1330.00390625 1333.95703125 3
50 0.1 1335.25 0.0 1336.01953125 1330.00390625 1333.578125 4
60 0.1 1343.8046875 0.0 1343.8046875 1330.00390625 1333.9125 5
70 0.1 1343.94140625 0.0 1343.94140625 1330.00390625 1335.5611979166667 6
80 0.1 1356.68359375 0.0 1356.68359375 1330.00390625 1336.7583705357142 7
90 0.1 1368.9140625 0.0 1368.9140625 1330.00390625 1339.2490234375 8
100 0.1 1368.83984375 0.0 1368.9140625 1330.00390625 1342.545138888889 9
110 0.1 1374.890625 0.0 1374.890625 1330.00390625 1345.174609375 10
120 0.1 1375.77734375 0.0 1375.77734375 1330.00390625 1347.876065340909 11
130 0.1 1375.00390625 0.0 1375.77734375 1330.00390625 1350.201171875 12
140 0.1 1374.19921875 0.0 1375.77734375 1330.00390625 1352.1090745192307 13
150 0.1 1374.1171875 0.0 1375.77734375 1330.00390625 1353.6869419642858 14
160 0.1 1372.09375 0.0 1375.77734375 1330.00390625 1355.0489583333333 15
170 0.1 1371.421875 0.0 1375.77734375 1330.00390625 1356.1142578125 16
180 0.1 1370.73828125 0.0 1375.77734375 1330.00390625 1357.014705882353 17
190 0.1 1370.48046875 0.0 1375.77734375 1330.00390625 1357.777126736111 18
200 0.1 1370.08984375 0.0 1375.77734375 1330.00390625 1358.4457236842106 19
