20 0.1 4844 0 4844 4844 0 0
30 0.1 8080.0 0.0 8080 4844 4844.0 1
40 0.1 10443.0 0.0 10443 4844 6462.0 2
50 0.1 8555.0 0.0 10443 4844 7789.0 3
60 0.1 10339.0 0.0 10443 4844 7980.5 4
70 0.1 8657.0 0.0 10443 4844 8452.2 5
80 0.1 11510.0 0.0 11510 4844 8486.333333333334 6
90 0.1 9277.0 0.0 11510 4844 8918.285714285714 7
100 0.1 10077.0 0.0 11510 4844 8963.125 8
110 0.1 12077.0 0.0 12077 4844 9086.888888888889 9
120 0.1 12504.0 0.0 12504 4844 9385.9 10
130 0.1 14479.0 0.0 14479 4844 9669.363636363636 11
140 0.1 11765.0 0.0 14479 4844 10070.166666666666 12
150 0.1 12635.0 0.0 14479 4844 10200.538461538461 13
160 0.1 17392.0 0.0 17392 4844 10374.42857142857 14
170 0.1 14632.0 0.0 17392 4844 10842.266666666666 15
180 0.1 17023.0 0.0 17392 4844 11079.125 16
190 0.1 16206.0 0.0 17392 4844 11428.764705882353 17
200 0.1 17621.0 0.0 17621 4844 11694.166666666666 18
