20 0.1 3414 0 3414 3414 0 0
30 0.1 5678.0 0.0 5678 3414 3414.0 1
40 0.1 7206.0 0.0 7206 3414 4546.0 2
50 0.1 6177.0 0.0 7206 3414 5432.666666666667 3
60 0.1 7314.0 0.0 7314 3414 5618.75 4
70 0.1 6446.0 0.0 7314 3414 5957.8 5
80 0.1 8201.0 0.0 8201 3414 6039.166666666667 6
90 0.1 6743.0 0.0 8201 3414 6348.0 7
100 0.1 7566.0 0.0 8201 3414 6397.375 8
110 0.1 9046.0 0.0 9046 3414 6527.222222222223 9
120 0.1 9103.0 0.0 9103 3414 6779.1 10
130 0.1 10980.0 0.0 10980 3414 6990.363636363636 11
140 0.1 9233.0 0.0 10980 3414 7322.833333333333 12
150 0.1 9781.0 0.0 10980 3414 7469.7692307692305 13
160 0.1 12907.0 0.0 12907 3414 7634.857142857143 14
170 0.1 11096.0 0.0 12907 3414 7986.333333333333 15
180 0.1 12969.0 0.0 12969 3414 8180.6875 16
190 0.1 12950.0 0.0 12969 3414 8462.35294117647 17
200 0.1 13708.0 0.0 13708 3414 8711.666666666666 18
