0 4.4296875 4.4296875
10 945.15 949.5796875
20 1438.73125 2388.3109375
30 1606.9015625 3995.2125
40 887.4015625 4882.6140625
50 433.0015625 5315.615625
60 0 5315.615625
70 250.625 5566.240625
80 74.2453125 5640.4859375
90 122.434375 5762.9203125
100 83.7125 5846.6328125
110 0 5846.6328125
120 139.9609375 5986.59375
130 664.871875 6651.465625
140 49.0203125 6700.4859375
150 827.1546875 7527.640625
160 353.8125 7881.453125
170 96.415625 7977.86875
180 301.0390625 8278.9078125
190 0 8278.9078125
200 901.2265625 9180.134375
