20 0.1 2530 0 2530 2530 0 0
30 0.1 4724.0 0.0 4724 2530 2530.0 1
40 0.1 6.4e3 0.0 6400 2530 3627.0 2
50 0.1 6487.0 0.0 6487 2530 4551.333333333333 3
60 0.1 6631.0 0.0 6631 2530 5035.25 4
70 0.1 9293.0 0.0 9293 2530 5354.4 5
80 0.1 8030.0 0.0 9293 2530 6010.833333333333 6
90 0.1 10206.0 0.0 10206 2530 6299.285714285715 7
100 0.1 8442.0 0.0 10206 2530 6787.625 8
110 0.1 9707.0 0.0 10206 2530 6971.444444444444 9
120 0.1 10387.0 0.0 10387 2530 7245.0 10
130 0.1 9708.0 0.0 10387 2530 7530.636363636364 11
140 0.1 13694.0 0.0 13694 2530 7712.083333333333 12
150 0.1 10161.0 0.0 13694 2530 8172.2307692307695 13
160 0.1 12615.0 0.0 13694 2530 8314.285714285714 14
170 0.1 12458.0 0.0 13694 2530 8601.0 15
180 0.1 13666.0 0.0 13694 2530 8842.0625 16
190 0.1 11890.0 0.0 13694 2530 9125.823529411764 17
200 0.1 12871.0 0.0 13694 2530 9279.388888888889 18
