10 663.86328125 663.86328125
20 1323.12890625 1986.9921875
30 1356.48203125 3343.47421875
40 1263.35703125 4606.83125
50 1232.62578125 5839.45703125
60 1212.021875 7051.47890625
70 1184.20078125 8235.6796875
80 1247.1765625 9482.85625
90 1272.0875 10754.94375
100 1215.67734375 11970.62109375
110 1244.296875 13214.91796875
120 1218.984375 14433.90234375
130 1243.828125 15677.73046875
140 1193.5546875 16871.28515625
150 1217.9296875 18089.21484375
160 1170.8203125 19260.03515625
170 1164.140625 20424.17578125
180 1193.5546875 21617.73046875
190 1197.7734375 22815.50390625
200 1214.765625 24030.26953125
