10 596.42890625 596.42890625
20 1198.53984375 1794.96875
30 1211.296875 3006.265625
40 1131.30078125 4137.56640625
50 1097.43125 5234.99765625
60 1083.95703125 6318.9546875
70 1050.784375 7369.7390625
80 1117.125 8486.8640625
90 1130.62421875 9617.48828125
100 1079.67421875 10697.1625
110 1102.41953125 11799.58203125
120 1075.9234375 12875.50546875
130 1102.18125 13977.68671875
140 1060.9734375 15038.66015625
150 1079.3546875 16118.01484375
160 1040.76484375 17158.7796875
170 1025.2453125 18184.025
180 1055.98515625 19240.01015625
190 1056.64609375 20296.65625
200 1078.59375 21375.25
