10 0.1 2.3526435618517585 0 2.3526435618517585 2.3526435618517585 0 0
20 0.1 17.807875595685978 0.0 17.807875595685978 2.3526435618517585 2.3526435618517585 1
30 0.1 31.65955310067788 0.0 31.65955310067788 2.3526435618517585 10.080259578768867 2
40 0.1 47.45720040281974 0.0 47.45720040281974 2.3526435618517585 17.273357419405205 3
50 0.1 60.56122448979592 0.0 60.56122448979592 2.3526435618517585 24.81931816525884 4
60 0.1 74.61166284695696 0.0 74.61166284695696 2.3526435618517585 31.967699430166256 5
70 0.1 85.36703937773457 0.0 85.36703937773457 2.3526435618517585 39.07502666629804 6
80 0.1 89.51418951418951 0.0 89.51418951418951 2.3526435618517585 45.688171339360395 7
90 0.1 88.92555922258893 0.0 89.51418951418951 2.3526435618517585 51.166423611214036 8
100 0.1 90.09843659525188 0.0 90.09843659525188 2.3526435618517585 55.361883123589024 9
120 0.1 90.2654867256637 0.0 90.2654867256637 2.3526435618517585 58.83553847075531 10
140 0.1 87.16481944941007 0.0 90.2654867256637 2.3526435618517585 61.69280649392879 11
150 0.1 88.39830906528887 0.0 90.2654867256637 2.3526435618517585 63.8154742402189 12
170 0.1 84.1337099811676 0.0 90.2654867256637 2.3526435618517585 65.70646153445506 13
180 0.1 89.47858472998138 0.0 90.2654867256637 2.3526435618517585 67.02269356636309 14
190 0.1 89.37986442380115 0.0 90.2654867256637 2.3526435618517585 68.51975297727098 15
200 0.1 91.52542372881356 0.0 91.52542372881356 2.3526435618517585 69.82350994267911 16
