10 0.1 4.578125 0 4.578125 4.578125 0 0
20 0.1 3.87890625 0.0 4.578125 3.87890625 4.578125 1
30 0.1 3.4296875 0.0 4.578125 3.4296875 4.228515625 2
40 0.1 3.30078125 0.0 4.578125 3.30078125 3.9622395833333335 3
50 0.1 3.01953125 0.0 4.578125 3.01953125 3.796875 4
60 0.1 3.01171875 0.0 4.578125 3.01171875 3.64140625 5
70 0.1 3.01171875 0.0 4.578125 3.01171875 3.5364583333333335 6
80 0.1 3.01171875 0.0 4.578125 3.01171875 3.4614955357142856 7
90 0.1 2.921875 0.0 4.578125 2.921875 3.4052734375 8
100 0.1 3.078125 0.0 4.578125 2.921875 3.3515625 9
120 0.1 3.2890625 0.0 4.578125 2.921875 3.32421875 10
140 0.1 3.28125 0.0 4.578125 2.921875 3.321022727272727 11
150 0.1 3.3203125 0.0 4.578125 2.921875 3.3177083333333335 12
170 0.1 3.390625 0.0 4.578125 2.921875 3.3179086538461537 13
180 0.1 3.3203125 0.0 4.578125 2.921875 3.3231026785714284 14
190 0.1 3.26171875 0.0 4.578125 2.921875 3.3229166666666665 15
200 0.1 3.5 0.0 4.578125 2.921875 3.319091796875 16
