10 0.1 0.83984375 0 0.83984375 0.83984375 0 0
20 0.1 0.7890625 0.0 0.83984375 0.7890625 0.83984375 1
30 0.1 0.8203125 0.0 0.83984375 0.7890625 0.814453125 2
40 0.1 0.8515625 0.0 0.8515625 0.7890625 0.81640625 3
50 0.1 0.87109375 0.0 0.87109375 0.7890625 0.8251953125 4
60 0.1 0.73828125 0.0 0.87109375 0.73828125 0.834375 5
70 0.1 0.7109375 0.0 0.87109375 0.7109375 0.818359375 6
80 0.1 0.671875 0.0 0.87109375 0.671875 0.8030133928571429 7
90 0.1 0.5703125 0.0 0.87109375 0.5703125 0.78662109375 8
100 0.1 0.48046875 0.0 0.87109375 0.48046875 0.7625868055555556 9
110 0.1 0.48828125 0.0 0.87109375 0.48046875 0.734375 10
120 0.1 0.48828125 0.0 0.87109375 0.48046875 0.7120028409090909 11
130 0.1 0.48828125 0.0 0.87109375 0.48046875 0.693359375 12
140 0.1 0.421875 0.0 0.87109375 0.421875 0.6775841346153846 13
150 0.1 0.4296875 0.0 0.87109375 0.421875 0.6593191964285714 14
160 0.1 0.359375 0.0 0.87109375 0.359375 0.6440104166666667 15
170 0.1 0.37890625 0.0 0.87109375 0.359375 0.626220703125 16
180 0.1 0.46875 0.0 0.87109375 0.359375 0.6116727941176471 17
190 0.1 0.62890625 0.0 0.87109375 0.359375 0.6037326388888888 18
200 0.1 0.609375 0.0 0.87109375 0.359375 0.6050575657894737 19
