10 53.4 36.08842462546821 21.728716330873837 114.162109375 17.7939453125 0 0
20 106 471.14612254016805 688.9672881187885 2445.18505859375 17.7939453125 36.08842462546821 534
30 71.9 5097.576788168788 1729.0890799304402 8580.18603515625 17.7939453125 325.3990643930854 1594
40 45.7 11373.233512761552 1777.9509848536786 16396.755126953125 17.7939453125 1808.838659462143 2313
50 14.3 19813.445140065014 3082.994046224985 25167.177978515625 17.7939453125 3386.791167750168 2770
60 3.3 32555.958954782196 3815.6349198958915 36849.4609375 17.7939453125 4193.180291691473 2913
70 5.9 34954.47765492584 1077.0190294937875 37852.416015625 17.7939453125 4510.889624984749 2946
80 6.9 46419.52814693727 1283.026515369981 50188.305908203125 17.7939453125 5108.6173100984015 3005
90 0.3 60568.195638020836 46.705385339693535 60625.56787109375 17.7939453125 6035.89539979973 3074
100 9.6 69996.3498357137 1877.6795309870404 74204.26293945313 17.7939453125 6089.063063340406 3077
110 9.9 73426.69018061475 3513.0354397258234 86586.50610351563 17.7939453125 8022.5958493939315 3173
120 5.1 82033.03981407017 5132.519449762211 91670.16284179688 17.7939453125 10001.509461493828 3272
130 8.6 93001.39277116643 9707.636293770367 103903.9228515625 17.7939453125 11107.018955319105 3323
140 4 95719.08263549804 15796.640693291392 114633.14013671875 17.7939453125 13172.996118171222 3409
150 8.1 110203.37672706887 18685.772562254184 125183.46899414063 17.7939453125 14130.329681723868 3449
160 2.5 127008.1165625 10731.916467518186 135006.21997070313 17.7939453125 16334.838693245947 3530
170 4.5 117927.11685655382 23809.37170007482 139522.76293945313 17.7939453125 17113.13178655997 3555
180 5.5 134120.53849431817 24111.118085197515 154621.1708984375 17.7939453125 18373.306599934895 3600
190 6 133333.25691324874 27816.577594974995 164617.7041015625 17.7939453125 20115.05701147828 3655
200 7.2 149011.1175265842 27929.01879112529 174309.8330078125 17.7939453125 21943.614748788164 3715
