20 0.1 2398 0 2398 2398 0 0
30 0.1 4760.0 0.0 4760 2398 2398.0 1
40 0.1 6441.0 0.0 6441 2398 3579.0 2
50 0.1 6557.0 0.0 6557 2398 4533.0 3
60 0.1 8712.0 0.0 8712 2398 5039.0 4
70 0.1 6277.0 0.0 8712 2398 5773.6 5
80 0.1 8325.0 0.0 8712 2398 5857.5 6
90 0.1 6964.0 0.0 8712 2398 6210.0 7
100 0.1 9869.0 0.0 9869 2398 6304.25 8
110 0.1 9990.0 0.0 9990 2398 6700.333333333333 9
120 0.1 11024.0 0.0 11024 2398 7029.3 10
130 0.1 10629.0 0.0 11024 2398 7392.454545454545 11
140 0.1 9790.0 0.0 11024 2398 7662.166666666667 12
150 0.1 12741.0 0.0 12741 2398 7825.846153846154 13
160 0.1 12450.0 0.0 12741 2398 8176.928571428572 14
170 0.1 12678.0 0.0 12741 2398 8461.8 15
180 0.1 13838.0 0.0 13838 2398 8725.3125 16
190 0.1 14447.0 0.0 14447 2398 9026.058823529413 17
200 0.1 15910.0 0.0 15910 2398 9327.222222222223 18
