10 87.1 1.596718368793054 2.4437488175262194 36.453125 0.600830078125 0 0
20 187.2 1.1856508173494238 1.416707831949953 36.453125 0.44677734375 1.596718368793054 871
30 270.8 2.196677271337244 33.321928298528924 1006.634033203125 0.44677734375 1.3161793763386334 2743
40 262.6 160.85318948436316 529.8662127473299 3008.8291015625 0.44677734375 1.7536015556921902 5451
50 165.3 1964.4631397872713 2157.3841330385567 7021.883056640625 0.44677734375 53.48017304271583 8077
60 151 3529.964027253207 4792.519334413082 15082.19287109375 0.44677734375 378.1312361494733 9730
70 177 5633.5185440667055 6100.280305044198 31099.903076171875 0.44677734375 801.5536128902775 11240
80 173.6 6946.010538268186 10221.315993496904 31104.1650390625 0.44677734375 1458.9385420357255 13010
90 155.1 8169.173607910473 10322.263095249102 31115.263916015625 0.44677734375 2104.9141954644215 14746
100 170.2 6330.2610711031475 9673.117941405659 31115.263916015625 0.416015625 2682.0551630476466 16297
110 166.8 5650.724677289415 8706.702684042924 31115.333984375 0.416015625 3027.0324648705514 17999
120 177.2 6014.647663882841 9168.47956914534 31115.333984375 0.416015625 3249.5533684305587 19667
130 184.2 6083.6148901658835 7849.022203622461 31115.333984375 0.416015625 3478.0970081311716 21439
140 176.5 5465.634183007257 6816.1165729426675 31115.333984375 0.416015625 3684.2463977067027 23281
150 159 7931.499450299725 9411.732249155373 31115.333984375 0.416015625 3809.7813909613337 25046
160 153.6 6790.587335109706 9252.80358714043 31115.333984375 0.416015625 4055.8217766929765 26636
170 162.1 7724.408279786061 9316.404170781281 31115.333984375 0.416015625 4204.927267880258 28172
180 181 9412.185616340419 10723.27548504109 31115.333984375 0.416015625 4396.417843528877 29793
190 155.4 8760.373697445342 11002.71222398667 31115.333984375 0.416015625 4683.6861303620535 31603
200 162.3 6959.073202174307 9404.214302840994 31115.333984375 0.416015625 4874.75204341955 33157
