10 0.1 2.515400410677618 0 2.515400410677618 2.515400410677618 0 0
20 0.1 15.525793650793652 0.0 15.525793650793652 2.515400410677618 2.515400410677618 1
30 0.1 25.87890625 0.0 25.87890625 2.515400410677618 9.020597030735635 2
40 0.1 32.888414308595834 0.0 32.888414308595834 2.515400410677618 14.640033437157092 3
50 0.1 28.3179012345679 0.0 32.888414308595834 2.515400410677618 19.20212865501678 4
60 0.1 12.067640276710224 0.0 32.888414308595834 2.515400410677618 21.025283170927004 5
70 0.1 3.79746835443038 0.0 32.888414308595834 2.515400410677618 19.532342688557538 6
80 0.1 5.34583227767925 0.0 32.888414308595834 2.515400410677618 17.284503497967943 7
90 0.1 0.7890048358360905 0.0 32.888414308595834 0.7890048358360905 15.792169595431856 8
100 0.1 0.6578947368421052 0.0 32.888414308595834 0.6578947368421052 14.125151288810105 9
110 0.1 12.797167425392008 0.0 32.888414308595834 0.6578947368421052 12.778425633613306 10
120 0.1 12.154975943276778 0.0 32.888414308595834 0.6578947368421052 12.780129432865918 11
130 0.1 5.304769191532772 0.0 32.888414308595834 0.6578947368421052 12.728033308733488 12
140 0.1 9.733163913595934 0.0 32.888414308595834 0.6578947368421052 12.157012992025743 13
150 0.1 7.439490445859873 0.0 32.888414308595834 0.6578947368421052 11.983880914995042 14
160 0.1 3.272820250575301 0.0 32.888414308595834 0.6578947368421052 11.68092155038603 15
170 0.1 3.2249808036856926 0.0 32.888414308595834 0.6578947368421052 11.15541521914786 16
180 0.1 0.791422006637733 0.0 32.888414308595834 0.6578947368421052 10.68891907706185 17
190 0.1 3.097232800203097 0.0 32.888414308595834 0.6578947368421052 10.139058128704955 18
200 0.1 3.065134099616858 0.0 32.888414308595834 0.6578947368421052 9.768435742994331 19
