10 51.6 45.248749489008006 27.241439715421805 136.533935546875 20.1240234375 0 0
20 103.6 507.43774885376416 490.3537215650314 2039.137939453125 20.1240234375 45.248749489008006 516
30 194.4 2365.8159275133403 540.8885594640059 4093.4140625 20.1240234375 353.77181865259524 1552
40 79.6 7176.800427614147 1895.5436236681887 10809.48486328125 20.1240234375 1472.5972613371744 3496
50 50 13786.596378417973 2717.461266275158 20388.30810546875 20.1240234375 2530.50632945378 4292
60 11.4 23737.05110034608 1077.7757405139475 28363.419189453125 20.1240234375 3704.9731542622308 4792
70 0 0 0 28363.419189453125 20.1240234375 4170.455601439882 4906
80 12.2 38101.12691310198 1339.312954395932 41841.450927734375 20.1240234375 4170.455601439882 4906
90 0 0 0 41841.450927734375 20.1240234375 4993.753513138923 5028
100 10.5 63391.41345098586 1928.7739071561364 69953.69287109375 20.1240234375 4993.753513138923 5028
110 4.7 67236.30598092584 2910.65795711463 74598.96508789063 20.1240234375 6188.328672592251 5133
120 8.4 78148.20427304217 5004.707395616133 90101.15795898438 20.1240234375 6742.238891413039 5180
130 5.8 90496.73100754312 4051.3004551882495 96449.77392578125 20.1240234375 7881.695785800736 5264
140 5.5 97963.63088156958 5638.027059068301 109024.11206054688 20.1240234375 8782.04754131766 5322
150 2.8 106573.33644321987 5440.807610714957 120126.97094726563 20.1240234375 9694.26384849896 5377
160 6 120876.22025146484 8248.206382003598 129052.96899414063 20.1240234375 10196.135084882342 5405
170 3.2 130820.61785888672 8220.18648874402 138393.55395507813 20.1240234375 11411.286980581328 5465
180 0.2 141587.15551757813 264.114501953125 141851.27001953125 20.1240234375 12106.411337158694 5497
190 2 144090.35583496094 5914.627301927637 151073.2958984375 20.1240234375 12153.503806400526 5499
200 0.3 144115.69596354166 5661.895459910753 152114.544921875 20.1240234375 12631.622494672169 5519
