10 0.1 3.46875 0 3.46875 3.46875 0 0
20 0.1 3.08984375 0.0 3.46875 3.08984375 3.46875 1
30 0.1 2.69140625 0.0 3.46875 2.69140625 3.279296875 2
40 0.1 2.421875 0.0 3.46875 2.421875 3.0833333333333335 3
50 0.1 2.359375 0.0 3.46875 2.359375 2.91796875 4
60 0.1 2.23828125 0.0 3.46875 2.23828125 2.80625 5
70 0.1 2.359375 0.0 3.46875 2.23828125 2.7115885416666665 6
80 0.1 2.4609375 0.0 3.46875 2.23828125 2.6612723214285716 7
90 0.1 3.1796875 0.0 3.46875 2.23828125 2.63623046875 8
100 0.1 3.23046875 0.0 3.46875 2.23828125 2.6966145833333335 9
110 0.1 3.62109375 0.0 3.62109375 2.23828125 2.75 10
130 0.1 3.51953125 0.0 3.62109375 2.23828125 2.829190340909091 11
140 0.1 3.41015625 0.0 3.62109375 2.23828125 2.88671875 12
150 0.1 3.3515625 0.0 3.62109375 2.23828125 2.926983173076923 13
160 0.1 3.609375 0.0 3.62109375 2.23828125 2.957310267857143 14
170 0.1 3.91015625 0.0 3.91015625 2.23828125 3.00078125 15
180 0.1 3.98828125 0.0 3.98828125 2.23828125 3.0576171875 16
190 0.1 3.91015625 0.0 3.98828125 2.23828125 3.112362132352941 17
200 0.1 3.7109375 0.0 3.98828125 2.23828125 3.1566840277777777 18
