10 57.2 12.829237717848557 2.468019453889151 27.77783203125 9.2470703125 0 0
20 145.6 14.995792430835763 14.738776484606728 299.4970703125 9.003173828125 12.829237717848557 572
30 254.3 13.942128111328904 7.476278164412364 299.4970703125 9.003173828125 14.384712896403475 2028
40 339.3 18.416473973299794 64.13550224867582 1880.657958984375 8.7470703125 14.13848819536549 4571
50 430.2 20.768345391678274 22.204894915729653 1880.657958984375 8.69091796875 15.961090624362361 7964
60 508.1 72.89191042609733 116.3071691662717 1880.657958984375 8.69091796875 17.647117854836274 12266
70 529.5 421.1212593229908 448.7067922834645 3564.702880859375 8.69091796875 33.82852046362035 17347
80 494.9 2210.661211347936 1278.297315967336 10356.62109375 8.69091796875 124.39980622726166 22642
90 477.6 4339.509609203232 2273.2681413366404 17831.96484375 8.69091796875 498.61269064399966 27591
100 610.4 5241.2729991347915 4069.9313942602057 28283.718994140625 8.69091796875 1065.3665968768569 32367
110 532.4 5153.639719240123 4160.724746790809 32091.092041015625 8.69091796875 1727.9366543066726 38471
120 543 5652.933737536692 4830.923785080675 45313.35302734375 8.69091796875 2144.38700520759 43795
130 533 6093.265163560492 5641.11373596897 47775.760986328125 8.69091796875 2531.4141003126592 49225
140 546.8 5179.137711475436 5395.708592246268 56980.18408203125 8.69091796875 2879.4054148963082 54555
150 499.8 5031.040988905338 5371.289281183076 66248.96704101563 8.69091796875 3088.9073757728834 60023
160 494.1 6216.125008844613 6000.829290981081 66248.96704101563 8.69091796875 3238.1942799797707 65021
170 515.1 7531.772684270957 7608.377783133986 69184.37182617188 8.69091796875 3448.5078177763057 69962
180 592.7 7949.463853800348 8697.504955794724 76433.3388671875 8.69091796875 3728.5245569201816 75113
190 558.1 7050.859151375769 8975.335264103252 98917.76489257813 8.69091796875 4037.2302234133795 81040
200 541.6 7069.9935373055505 9368.812716088161 98917.76489257813 8.69091796875 4231.39864731703 86621
