10 58.2 14.993730787559064 2.75874058904401 32.05908203125 10.512939453125 0 0
20 146.7 17.08434251448535 14.971558445145675 301.06298828125 10.2919921875 14.993730787559064 582
30 254.6 15.748662404721868 7.512511218271641 301.06298828125 10.2919921875 16.490523078140257 2049
40 342.8 20.157902079952805 63.822365679219565 1883.031982421875 9.947998046875 16.079472528733678 4595
50 437.6 22.462309340454347 22.04018125475925 1883.031982421875 9.85791015625 17.82206962477994 8023
60 512.3 80.77906765063831 122.25448238761496 1883.031982421875 9.85791015625 19.45975726054018 12399
70 534.4 464.5729784023259 487.7975919101439 4679.39892578125 9.85791015625 37.38800900854113 17522
80 495.8 2302.8147763971306 1312.0537098175369 10358.39111328125 9.85791015625 137.22516795371675 22866
90 471.5 4426.129583992675 2307.6967893129017 17834.090087890625 9.85791015625 523.1148056284741 27824
100 604.3 5231.897267620801 4110.137832338226 28285.77001953125 9.85791015625 1088.673509952123 32539
110 533.7 5177.727065099413 4157.015324240302 32092.362060546875 9.85791015625 1737.6160522669802 38582
120 541.7 5632.196706720092 4841.242161506124 45314.863037109375 9.85791015625 2155.655453789936 43919
130 534 6114.601024613407 5697.39393911832 47777.083984375 9.85791015625 2537.373144059164 49336
140 547.1 5147.7922348109 5416.211734839531 56981.912109375 9.85791015625 2886.7475840723264 54676
150 495.4 5085.827288692682 5295.805768061224 66251.76708984375 9.85791015625 3092.4132911598076 60147
160 496.6 6226.354339243185 6026.05724475875 66251.76708984375 9.85791015625 3244.1063979289484 65101
170 519.3 7497.539484539362 7622.498740672513 69185.53100585938 9.85791015625 3455.4732792934497 70067
180 591.9 7991.198061567173 8776.357533493829 76435.06201171875 9.85791015625 3734.379069937112 75260
190 568.5 6974.392535738581 8851.346721017522 98919.55493164063 9.85791015625 4044.7562809332844 81179
200 530 7065.587204912291 9426.456720138696 98919.55493164063 9.85791015625 4236.492582606798 86864
