10 0.1 2629.9765625 0 2629.9765625 2629.9765625 0 0
20 0.1 2630.4921875 0.0 2630.4921875 2629.9765625 2629.9765625 1
30 0.1 2630.2734375 0.0 2630.4921875 2629.9765625 2630.234375 2
40 0.1 2630.5703125 0.0 2630.5703125 2629.9765625 2630.2473958333335 3
50 0.1 2630.09765625 0.0 2630.5703125 2629.9765625 2630.328125 4
60 0.1 2628.83203125 0.0 2630.5703125 2628.83203125 2630.28203125 5
70 0.1 2628.171875 0.0 2630.5703125 2628.171875 2630.0403645833335 6
80 0.1 2627.96484375 0.0 2630.5703125 2627.96484375 2629.7734375 7
90 0.1 2627.43359375 0.0 2630.5703125 2627.43359375 2629.54736328125 8
100 0.1 2626.60546875 0.0 2630.5703125 2626.60546875 2629.3125 9
110 0.1 2626.59375 0.0 2630.5703125 2626.59375 2629.041796875 10
120 0.1 2626.0546875 0.0 2630.5703125 2626.0546875 2628.819247159091 11
130 0.1 2626.12890625 0.0 2630.5703125 2626.0546875 2628.5888671875 12
140 0.1 2626.1640625 0.0 2630.5703125 2626.0546875 2628.399639423077 13
150 0.1 2625.20703125 0.0 2630.5703125 2625.20703125 2628.2399553571427 14
160 0.1 2624.6015625 0.0 2630.5703125 2624.6015625 2628.0377604166665 15
170 0.1 2624.74609375 0.0 2630.5703125 2624.6015625 2627.822998046875 16
180 0.1 2624.77734375 0.0 2630.5703125 2624.6015625 2627.6420036764707 17
190 0.1 2624.671875 0.0 2630.5703125 2624.6015625 2627.482855902778 18
200 0.1 2623.8671875 0.0 2630.5703125 2623.8671875 2627.3349095394738 19
