10 60.2 23.44054608012358 2.8352654290612396 38.113037109375 17.086181640625 0 0
20 158.8 28.83769860255629 37.35782652606356 1043.451171875 16.218017578125 23.44054608012358 602
30 249.8 60.242482071594786 112.52603166386119 1149.8359375 16.218017578125 27.354097772188943 2190
40 264.9 632.915172146327 857.2652531799353 7232.623046875 16.218017578125 44.878667733775075 4688
50 240.1 2790.9751475825537 2171.154239306246 14272.618896484375 16.218017578125 257.18733615259066 7337
60 252.8 5931.92615924305 3986.2682313979417 25239.5 16.218017578125 881.9177258879923 9738
70 292.8 8496.856499677158 6310.269026986566 34322.537109375 16.218017578125 1922.7151594051606 12266
80 265.7 10194.891290069576 8833.327098237727 40230.02392578125 16.218017578125 3189.6024731024363 15194
90 258.5 11146.536619204844 9987.19526717691 49265.194091796875 16.218017578125 4232.292091985507 17851
100 252.1 12543.263809585416 10744.236750439346 56106.825927734375 16.218017578125 5106.89192085916 20436
110 282.4 14174.483378985793 11546.148495676918 74986.30297851563 16.218017578125 5923.509664095598 22957
120 258.8 16362.353627412735 16458.988149489905 85369.63916015625 16.218017578125 6827.305085950837 25781
130 284.1 20083.660057768757 20627.63686663896 90666.06396484375 16.218017578125 7697.152652847922 28369
140 250.8 21698.302875330162 23206.278448590874 96435.80883789063 16.218017578125 8824.67804654802 31210
150 257.3 22396.900874351733 23959.974580523514 112446.583984375 16.218017578125 9782.239321552044 33718
160 270 26341.2282973452 26178.630770487205 115676.18188476563 16.218017578125 10676.607737284694 36291
170 249.9 29287.171192207352 27692.82446110943 123860.86303710938 16.218017578125 11761.331789300886 38991
180 271.4 31670.078604915383 29607.657181396353 136447.09106445313 16.218017578125 12816.937300697928 41490
190 270.4 32591.297806418188 29709.56348263146 143976.82983398438 16.218017578125 13974.46660799243 44204
200 301.1 36822.01730463224 31847.230367381126 158274.72998046875 16.218017578125 15047.629214808821 46908
200 15.3 30774.960709316278 28548.28018079791 158274.72998046875 16.218017578125 16361.010543330192 49919
