10 0.1 2561.41015625 0 2561.41015625 2561.41015625 0 0
20 0.1 2559.06640625 0.0 2561.41015625 2559.06640625 2561.41015625 1
30 0.1 2560.05859375 0.0 2561.41015625 2559.06640625 2560.23828125 2
40 0.1 2555.69140625 0.0 2561.41015625 2555.69140625 2560.1783854166665 3
50 0.1 2548.83984375 0.0 2561.41015625 2548.83984375 2559.056640625 4
60 0.1 2545.91015625 0.0 2561.41015625 2545.91015625 2557.01328125 5
70 0.1 2546.27734375 0.0 2561.41015625 2545.91015625 2555.1627604166665 6
80 0.1 2545.171875 0.0 2561.41015625 2545.171875 2553.8934151785716 7
90 0.1 2545.65234375 0.0 2561.41015625 2545.171875 2552.80322265625 8
100 0.1 2545.7890625 0.0 2561.41015625 2545.171875 2552.0086805555557 9
110 0.1 2544.23046875 0.0 2561.41015625 2544.23046875 2551.38671875 10
120 0.1 2543.20703125 0.0 2561.41015625 2543.20703125 2550.736150568182 11
130 0.1 2544.00390625 0.0 2561.41015625 2543.20703125 2550.1087239583335 12
140 0.1 2543.80078125 0.0 2561.41015625 2543.20703125 2549.639122596154 13
150 0.1 2543.43359375 0.0 2561.41015625 2543.20703125 2549.222098214286 14
160 0.1 2542.36328125 0.0 2561.41015625 2542.36328125 2548.8361979166666 15
170 0.1 2536.671875 0.0 2561.41015625 2536.671875 2548.431640625 16
180 0.1 2537.70703125 0.0 2561.41015625 2536.671875 2547.7398897058824 17
200 0.1 2537.44921875 0.0 2561.41015625 2536.671875 2547.1825086805557 18
