20 0.1 3807 0 3807 3807 0 0
30 0.1 7766.0 0.0 7766 3807 3807.0 1
40 0.1 11714.0 0.0 11714 3807 5786.5 2
50 0.1 15173.0 0.0 15173 3807 7762.333333333333 3
60 0.1 17908.0 0.0 17908 3807 9615.0 4
70 0.1 15906.0 0.0 17908 3807 11273.6 5
80 0.1 17605.0 0.0 17908 3807 12045.666666666666 6
90 0.1 16883.0 0.0 17908 3807 12839.857142857143 7
100 0.1 17921.0 0.0 17921 3807 13345.25 8
110 0.1 16967.0 0.0 17921 3807 13853.666666666666 9
120 0.1 17145.0 0.0 17921 3807 14165.0 10
130 0.1 18224.0 0.0 18224 3807 14435.90909090909 11
140 0.1 17719.0 0.0 18224 3807 14751.583333333334 12
150 0.1 17676.0 0.0 18224 3807 14979.846153846154 13
160 0.1 19669.0 0.0 19669 3807 15172.42857142857 14
170 0.1 18153.0 0.0 19669 3807 15472.2 15
180 0.1 18156.0 0.0 19669 3807 15639.75 16
200 0.1 20560.0 0.0 20560 3807 15787.764705882353 17
