10 0.1 1403.46484375 0 1403.46484375 1403.46484375 0 0
20 0.1 1403.625 0.0 1403.625 1403.46484375 1403.46484375 1
30 0.1 1404.91015625 0.0 1404.91015625 1403.46484375 1403.544921875 2
40 0.1 1404.34765625 0.0 1404.91015625 1403.46484375 1404.0 3
50 0.1 1400.96875 0.0 1404.91015625 1400.96875 1404.0869140625 4
60 0.1 1398.5859375 0.0 1404.91015625 1398.5859375 1403.46328125 5
70 0.1 1395.15625 0.0 1404.91015625 1395.15625 1402.650390625 6
80 0.1 1332.92578125 0.0 1404.91015625 1332.92578125 1401.579799107143 7
90 0.1 1276.66796875 0.0 1404.91015625 1276.66796875 1392.998046875 8
110 0.1 1264.5859375 0.0 1404.91015625 1264.5859375 1380.072482638889 9
120 0.1 1270.265625 0.0 1404.91015625 1264.5859375 1368.523828125 10
130 0.1 1267.0625 0.0 1404.91015625 1264.5859375 1359.5912642045455 11
140 0.1 1266.70703125 0.0 1404.91015625 1264.5859375 1351.8805338541667 12
160 0.1 1271.19140625 0.0 1404.91015625 1264.5859375 1345.3287259615386 13
170 0.1 1276.76953125 0.0 1404.91015625 1264.5859375 1340.033203125 14
180 0.1 1276.75 0.0 1404.91015625 1264.5859375 1335.815625 15
190 0.1 1277.3203125 0.0 1404.91015625 1264.5859375 1332.1240234375 16
200 0.1 1276.12109375 0.0 1404.91015625 1264.5859375 1328.9002757352941 17
