10 99.1 1.2021917964808293 0.5491888769946569 8.595947265625 0.5888671875 0 0
20 187.7 1.3347108136737487 1.6364426795484466 27.303955078125 0.485107421875 1.2021917964808293 991
30 291 1.7613814835695865 26.18748669106658 1001.047119140625 0.485107421875 1.2889205953898635 2868
40 251.6 757.1739290416334 1244.8573787043472 7021.028076171875 0.485107421875 1.5268681870483947 5778
50 228.2 2539.0786037595485 2929.821483270639 15057.139892578125 0.485107421875 230.7537798231873 8294
60 235.9 4743.703739336046 4678.066062553171 15057.139892578125 0.485107421875 728.8246240197433 10576
70 238.5 3713.860870757991 5294.055888013311 31079.924072265625 0.466064453125 1461.0318009065745 12935
80 239.2 5622.964224212546 8851.19767006721 31099.481201171875 0.466064453125 1811.7496423945397 15320
90 238.3 6245.130484302061 9012.74665361654 31099.481201171875 0.38720703125 2326.4529666780013 17712
100 230.8 7656.357613125541 9381.966568055499 31099.481201171875 0.38720703125 2791.15605324173 20095
110 232.8 5289.900482072859 8482.133352016108 31099.481201171875 0.38720703125 3292.3784431096874 22403
120 225.6 4022.157467781228 6493.019759803507 31099.481201171875 0.376953125 3480.410924881806 24731
130 237.8 4636.8946592749535 6843.243157033368 31099.791015625 0.376953125 3525.6986634515283 26987
140 223.8 8030.959658107142 10443.274380110748 31112.597900390625 0.376953125 3615.6841590438357 29365
150 234.5 7020.271440960654 9401.92401410959 31113.56005859375 0.376953125 3928.356581500681 31603
160 238.2 9537.743452788005 10875.429968546925 31113.56005859375 0.376953125 4141.93441658474 33948
170 237.2 7942.943288870651 10068.52109740595 31113.56005859375 0.376953125 4495.714133739602 36330
180 235.4 8193.356526519845 10187.259109892771 31113.56005859375 0.376953125 4706.990748797502 38702
190 242.5 6994.765693862767 9240.608100218393 31113.56005859375 0.376953125 4906.88613657903 41056
200 234.1 6064.493485377011 8016.474586818045 31113.56005859375 0.376953125 5023.330282905312 43481
