10 0.1 3.03125 0 3.03125 3.03125 0 0
20 0.1 2.7109375 0.0 3.03125 2.7109375 3.03125 1
30 0.1 2.44921875 0.0 3.03125 2.44921875 2.87109375 2
40 0.1 2.23046875 0.0 3.03125 2.23046875 2.73046875 3
50 0.1 2.0390625 0.0 3.03125 2.0390625 2.60546875 4
60 0.1 1.87890625 0.0 3.03125 1.87890625 2.4921875 5
70 0.1 1.73828125 0.0 3.03125 1.73828125 2.3899739583333335 6
80 0.1 1.62890625 0.0 3.03125 1.62890625 2.296875 7
90 0.1 1.53125 0.0 3.03125 1.53125 2.21337890625 8
100 0.1 1.44921875 0.0 3.03125 1.44921875 2.1375868055555554 9
110 0.1 1.37890625 0.0 3.03125 1.37890625 2.06875 10
120 0.1 1.3203125 0.0 3.03125 1.3203125 2.0060369318181817 11
130 0.1 1.26953125 0.0 3.03125 1.26953125 1.9488932291666667 12
140 0.1 1.23046875 0.0 3.03125 1.23046875 1.8966346153846154 13
150 0.1 1.19921875 0.0 3.03125 1.19921875 1.8490513392857142 14
160 0.1 1.171875 0.0 3.03125 1.171875 1.8057291666666666 15
170 0.1 1.140625 0.0 3.03125 1.140625 1.76611328125 16
180 0.1 1.12109375 0.0 3.03125 1.12109375 1.7293198529411764 17
190 0.1 1.1015625 0.0 3.03125 1.1015625 1.6955295138888888 18
200 0.1 1.08984375 0.0 3.03125 1.08984375 1.664268092105263 19
