0 1.2 18.793924967447918 9.16022298633112 35.496826171875 10.844970703125 0 0
10 101.7 15.209454411719518 5.268630910782843 70.81591796875 9.656005859375 18.793924967447918 12
20 187.4 23.53893586996397 14.13362945450352 266.679931640625 9.656005859375 15.251255817617226 1029
30 196.9 1345.2176881308724 962.7588848261728 3970.366943359375 9.656005859375 20.601277318856567 2903
40 231.8 4356.485110792244 776.045790809764 7810.22607421875 9.656005859375 555.9398883387373 4872
50 233.6 6256.828897136527 2291.5112671384104 13800.358154296875 9.656005859375 1781.2060671492002 7190
60 243.7 8481.486133373519 3919.5878651617754 24552.802001953125 9.656005859375 2878.734403371161 9526
70 230.2 8703.14505983247 5546.471817698704 35508.7900390625 9.656005859375 4020.079046522189 11963
80 245.1 8612.838642370958 7028.424787365836 38319.405029296875 9.656005859375 4775.804105242152 14265
90 226.5 11623.572846388657 8842.725504585627 38691.486083984375 9.656005859375 5338.413081701993 16716
100 232.7 12079.446504770778 9773.904594735426 58295.60498046875 9.656005859375 6088.420292439851 18981
110 231 11359.387208088128 9482.628660683744 65858.6669921875 9.656005859375 6742.687140388701 21308
120 228.1 18963.830612001995 24948.889419202897 84870.6181640625 9.656005859375 7194.2316046272335 23618
130 229 26192.530475892978 30829.25348121277 94488.43798828125 9.656005859375 8230.814304184045 25899
140 224.3 22549.230595555142 26300.74519247528 98890.40795898438 9.656005859375 9689.97674461164 28189
150 229.9 31816.701329679683 33106.56702913895 108870.19702148438 9.656005859375 10637.772038633273 30432
160 233 33284.49883944137 34671.692010663486 112863.59106445313 9.656005859375 12125.36357082342 32731
170 226.6 33207.53425607573 31994.490934220637 131310.78515625 9.656005859375 13531.506726348927 35061
180 229.7 31722.27306517759 33686.31938913138 131310.78515625 9.656005859375 14725.973958710514 37327
190 233.8 35715.29530051225 33252.27974170476 144712.93701171875 9.656005859375 15711.24801099082 39624
200 227.8 36580.17990066757 38138.34420831989 164159.87622070313 9.656005859375 16825.81506124822 41962
