10 0.1 1.664564943253468 0 1.664564943253468 1.664564943253468 0 0
20 0.1 9.77766548762001 0.0 9.77766548762001 1.664564943253468 1.664564943253468 1
30 0.1 20.48162859980139 0.0 20.48162859980139 1.664564943253468 5.72111521543674 2
40 0.1 29.87141444114738 0.0 29.87141444114738 1.664564943253468 10.64128634355829 3
50 0.1 37.85661126271397 0.0 37.85661126271397 1.664564943253468 15.448818367955562 4
60 0.1 45.42721122525683 0.0 45.42721122525683 1.664564943253468 19.930376946907245 5
70 0.1 52.449999999999996 0.0 52.449999999999996 1.664564943253468 24.179849326632176 6
80 0.1 58.90032638714536 0.0 58.90032638714536 1.664564943253468 28.218442279970436 7
90 0.1 64.83488782455255 0.0 64.83488782455255 1.664564943253468 32.0536777933673 8
100 0.1 69.56521739130434 0.0 69.56521739130434 1.664564943253468 35.69603446349899 9
110 0.1 73.69346733668341 0.0 73.69346733668341 1.664564943253468 39.08295275627953 10
120 0.1 75.66844919786097 0.0 75.66844919786097 1.664564943253468 42.22936317267988 11
130 0.1 84.42604609532334 0.0 84.42604609532334 1.664564943253468 45.0159536747783 12
140 0.1 84.9009900990099 0.0 84.9009900990099 1.664564943253468 48.047499245589464 13
150 0.1 84.3558282208589 0.0 84.9009900990099 1.664564943253468 50.679891449405204 14
160 0.1 84.92563650113436 0.0 84.92563650113436 1.664564943253468 52.924953900835455 15
170 0.1 84.82693219535324 0.0 84.92563650113436 1.664564943253468 54.924996563354135 16
180 0.1 85.43922984356198 0.0 85.43922984356198 1.664564943253468 56.68393395347173 17
190 0.1 85.4038854805726 0.0 85.43922984356198 1.664564943253468 58.281450391810075 18
200 0.1 85.69617042860766 0.0 85.69617042860766 1.664564943253468 59.70894697542916 19
