0 55 1.0657799183238637 0.32976585307555895 2.81396484375 0.4560546875 0 0
10 808.7 0.9914277568358191 0.6677416483828463 28.841064453125 0.30712890625 1.0657799183238637 550
20 1813 1.7270354837458668 25.68877961025938 1000.260009765625 0.306884765625 0.9961624666677542 8637
30 2725.9 1.1940092821980794 0.9484749755009206 1000.260009765625 0.306884765625 1.49120217226144 26767
40 3623.4 11.976884193713065 29.49162571329671 1019.93994140625 0.306884765625 1.3412525000621813 54026
50 4006.7 45.255852392067446 45.27517314892174 1092.077880859375 0.306884765625 5.6108235036933145 90260
60 3982.9 218.80864854969764 380.585448934977 7145.904052734375 0.306884765625 17.79906824553872 130327
70 3980.3 560.7992340916722 1216.5237561941785 15161.0078125 0.306884765625 64.85007187711413 170156
80 4025.8 717.2404862659283 1941.812317693686 15177.06005859375 0.306884765625 158.86968762888498 209959
90 3988.6 676.9575002869477 2151.7321394483824 31212.992919921875 0.306884765625 248.70727504912458 250217
100 4011.1 750.804665478594 2627.25593646847 31221.293212890625 0.306884765625 307.5870125348997 290103
110 3985.5 765.0910816357775 2611.8694372939553 31221.293212890625 0.306884765625 361.42453389142764 330214
120 3961.9 798.8460176627215 2744.1166409299276 31221.293212890625 0.306884765625 404.89785983969966 370069
130 4014 788.9647138640239 2508.7967128254313 31221.293212890625 0.306884765625 442.99473371638214 409688
140 3990 809.3218619730488 2786.145970733417 31228.557861328125 0.306884765625 473.8670560331929 449828
150 3885.6 872.5143956134684 3000.3233235988755 31228.557861328125 0.306884765625 501.19783302981193 489728
160 4021.5 910.9607947977846 2965.332587529106 31228.557861328125 0.306884765625 528.4931661381742 528584
170 3947.1 857.3472220469671 2810.7773148932224 31228.557861328125 0.306884765625 555.5342398505861 568799
180 4000.8 904.5859546230328 2768.0062479629255 31228.557861328125 0.306884765625 575.1190627421859 608270
190 3925.6 901.768039470931 2951.362174819347 31228.557861328125 0.306884765625 595.451869671264 648278
200 3900.1 990.5181815062117 3007.1352505924374 31263.088134765625 0.306884765625 612.9415466351026 687534
