0 5.5 22.06289950284091 3.8567175704556957 40.23193359375 17.822998046875 0 0
10 80.8 21.444204500406087 6.946955187037442 120.39599609375 14.64306640625 22.06289950284091 55
20 181.1 32.19284696278829 84.38694862464817 1119.18408203125 14.137939453125 21.483634656992315 863
30 271 32.51881225135494 17.794719980368225 1119.18408203125 14.137939453125 28.736582856617037 2674
40 357.2 237.17337757208836 156.51039148651057 1390.90185546875 14.137939453125 30.640342451665273 5384
50 366.9 792.6434140188472 404.25045291019626 2493.047119140625 14.137939453125 113.01372358723376 8956
60 324.8 2991.0867012662834 1035.7413792702166 8466.449951171875 14.137939453125 310.523532236231 12625
70 335.7 6062.362574064004 2697.38491814763 18548.972900390625 14.137939453125 859.0316386439429 15873
80 402 8346.808210109075 4864.495571987644 25567.4140625 14.137939453125 1767.382234078428 19230
90 388.2 8313.735537843908 6051.034943894978 38269.9990234375 14.137939453125 2904.986209288888 23250
100 392.8 9183.368568373757 7710.033243507646 41621.824951171875 14.137939453125 3678.8607815080604 27132
110 368.9 9472.827283975592 8207.514035771183 52743.953857421875 14.137939453125 4374.987844830934 31060
120 371.7 10300.2048261025 8113.002094585306 65394.593017578125 14.137939453125 4916.181251576585 34749
130 424.1 10146.412403713804 8417.266048531728 77616.17504882813 14.137939453125 5436.443707421041 38466
140 376.6 11483.467838848523 12369.939524817033 81892.20703125 14.137939453125 5904.165093633549 42707
150 400.9 12263.820829586057 13083.871104472128 93670.05322265625 14.137939453125 6356.29114829926 46473
160 385.8 13269.652217123414 14687.15667622974 106588.15991210938 14.137939453125 6825.434337798067 50482
170 392.4 13188.724111201194 14769.924654893619 109747.77490234375 14.137939453125 7282.95720453412 54340
180 389 13044.241606018535 14054.327296898819 116585.27905273438 14.137939453125 7680.702456177701 58264
190 387.8 13762.802075107187 13934.889047053255 116585.27905273438 14.137939453125 8016.387485184376 62154
200 399.2 15187.17837585572 15902.927645548269 116585.27905273438 14.137939453125 8353.86924826471 66032
