10 0.1 1032 0 1032 1032 0 0
20 0.1 3436.0 0.0 3436 1032 1032.0 1
30 0.1 6030.0 0.0 6030 1032 2234.0 2
40 0.1 8581.0 0.0 8581 1032 3499.3333333333335 3
50 0.1 11009.0 0.0 11009 1032 4769.75 4
60 0.1 13128.0 0.0 13128 1032 6017.6 5
70 0.1 15120.0 0.0 15120 1032 7202.666666666667 6
80 0.1 12357.0 0.0 15120 1032 8333.714285714286 7
90 0.1 14011.0 0.0 15120 1032 8836.625 8
100 0.1 13993.0 0.0 15120 1032 9411.555555555555 9
110 0.1 14165.0 0.0 15120 1032 9869.7 10
120 0.1 15528.0 0.0 15528 1032 10260.181818181818 11
130 0.1 13130.0 0.0 15528 1032 10699.166666666666 12
150 0.1 16059.0 0.0 16059 1032 10886.153846153846 13
160 0.1 14461.0 0.0 16059 1032 11255.642857142857 14
170 0.1 16157.0 0.0 16157 1032 11469.333333333334 15
180 0.1 16773.0 0.0 16773 1032 11762.3125 16
190 0.1 16175.0 0.0 16773 1032 12057.058823529413 17
200 0.1 17209.0 0.0 17209 1032 12285.833333333334 18
