0 5.7 24.22667386239035 4.360238158750642 45.113037109375 19.281982421875 0 0
10 81.3 23.619471851456797 7.231984389030371 122.38720703125 15.9169921875 24.22667386239035 57
20 181.6 34.155307584922184 84.34475074420776 1121.129150390625 15.77001953125 23.659254052173132 870
30 270.1 34.44927244105198 18.094963912735793 1121.129150390625 15.77001953125 30.755617870293865 2686
40 360.9 240.97983773205868 157.67557911273062 1392.763916015625 15.77001953125 32.60758761145178 5387
50 373.9 826.9057008631562 430.0894756997586 2494.862060546875 15.77001953125 116.20201298776017 8996
60 328.3 3086.1885849868218 1062.857973577824 9481.508056640625 15.77001953125 324.86483897646104 12735
70 336.7 6211.5741876432785 2765.906140041819 18550.5400390625 15.77001953125 890.8172586388418 16018
80 408.1 8364.570828479642 4940.99555655081 25847.97998046875 15.77001953125 1814.9848407878198 19385
90 381.3 8406.829609244407 6197.545848073528 38271.858154296875 15.77001953125 2954.0311382296645 23466
100 389.7 9155.335611916518 7686.454391822496 41624.2109375 15.77001953125 3716.2115909581084 27279
110 366.1 9472.013953293552 8204.458194805511 52745.513916015625 15.77001953125 4396.10209357791 31176
120 374 10312.644685959422 8153.391300639532 65396.172119140625 15.77001953125 4929.5267087404945 34837
130 428.2 10149.013826786271 8448.94441530034 77617.45922851563 15.77001953125 5451.414394014072 38577
140 371.3 11585.94113317811 12640.514222914824 81894.1298828125 15.77001953125 5920.746874266308 42859
150 403.1 12495.044540976856 13508.074080182554 93672.19604492188 15.77001953125 6372.410240308985 46572
160 385.3 13346.563435439406 14933.965549417622 106590.88696289063 15.77001953125 6860.135056347406 50603
170 390.5 13415.35311230843 15195.97587570661 116587.11791992188 15.77001953125 7319.07821310959 54456
180 386.3 13174.810923987876 14264.515707179902 116587.11791992188 15.77001953125 7726.9868075711565 58361
190 388.8 13897.033859064553 14305.538885558575 116587.11791992188 15.77001953125 8065.199467665619 62224
200 399.1 15563.836375252524 16564.49031048954 116587.11791992188 15.77001953125 8408.165526985547 66112
