0 54.828125 54.828125
10 806.5703125 861.3984375
20 1810.478125 2671.8765625
30 2719.5328125 5391.409375
40 3613.496875 9004.90625
50 3998.8265625 13003.7328125
60 3974.8171875 16978.55
70 3969.1703125 20947.7203125
80 4012.471875 24960.1921875
90 3976.609375 28936.8015625
100 3999.4078125 32936.209375
110 3975.2703125 36911.4796875
120 3953.1078125 40864.5875
130 4005.2640625 44869.8515625
140 3980.59375 48850.4453125
150 3876.2828125 52726.728125
160 4013.1640625 56739.8921875
170 3937.1015625 60676.99375
180 3989.8125 64666.80625
190 3916.05 68582.85625
200 3891.0234375 72473.8796875
