0 0.1 2415.046875 0 2415.046875 2415.046875 0 0
10 0.1 2419.78125 0.0 2419.78125 2415.046875 2415.046875 1
20 0.1 2425.4765625 0.0 2425.4765625 2415.046875 2417.4140625 2
30 0.1 2430.01953125 0.0 2430.01953125 2415.046875 2420.1015625 3
40 0.1 2432.1953125 0.0 2432.1953125 2415.046875 2422.5810546875 4
50 0.1 2440.078125 0.0 2440.078125 2415.046875 2424.50390625 5
60 0.1 2429.2421875 0.0 2440.078125 2415.046875 2427.099609375 6
70 0.1 2424.59375 0.0 2440.078125 2415.046875 2427.405691964286 7
90 0.1 2424.48828125 0.0 2440.078125 2415.046875 2427.05419921875 8
100 0.1 2428.5234375 0.0 2440.078125 2415.046875 2426.769097222222 9
110 0.1 2426.41796875 0.0 2440.078125 2415.046875 2426.94453125 10
120 0.1 2422.3125 0.0 2440.078125 2415.046875 2426.896661931818 11
130 0.1 2413.98828125 0.0 2440.078125 2413.98828125 2426.5146484375 12
140 0.1 2401.22265625 0.0 2440.078125 2401.22265625 2425.551081730769 13
150 0.1 2394.19921875 0.0 2440.078125 2394.19921875 2423.8133370535716 14
170 0.1 2393.23046875 0.0 2440.078125 2393.23046875 2421.8390625 15
180 0.1 2393.37890625 0.0 2440.078125 2393.23046875 2420.051025390625 16
190 0.1 2389.1484375 0.0 2440.078125 2389.1484375 2418.4820772058824 17
200 0.1 2384.4921875 0.0 2440.078125 2384.4921875 2416.8524305555557 18
