10 57.6 22.012468973795563 3.5948454976285413 52.010986328125 15.820068359375 0 0
20 153.8 26.529403230148713 38.45865821925819 1050.630126953125 15.2548828125 22.012468973795563 576
30 235.6 153.00675604258396 251.41634166734593 2608.5859375 15.0029296875 25.298677529269142 2114
40 270.8 815.9899530002243 699.2876058828751 11754.073974609375 15.0029296875 92.60969161816617 4470
50 241.4 3735.4858720047755 1441.9653599413766 19798.699951171875 15.0029296875 365.5149225770145 7178
60 239.5 7530.83740733869 2488.32310958038 38413.906005859375 15.0029296875 1213.6289626018909 9592
70 303.6 10250.973448742032 4255.472030782442 38413.906005859375 15.0029296875 2475.80583964741 11987
80 305.4 11974.669304168829 6328.290634436839 44483.39501953125 15.0029296875 4047.090460642635 15023
90 360 12906.189329223636 7749.732801311098 56196.887939453125 15.0029296875 5386.407039064331 18077
100 251.2 12258.882867703775 8712.135511294546 61110.364990234375 15.0029296875 6635.252185743922 21677
110 305.2 14135.020390221833 8100.910459677334 61110.364990234375 15.0029296875 7219.259803796886 24189
120 322.6 15443.7386504881 8801.826600916613 72766.51611328125 15.0029296875 7994.080893689656 27241
130 283.6 14976.757888686343 9728.897870299088 89960.16796875 15.0029296875 8782.888322167411 30467
140 292.9 16262.874346513316 10636.88888899104 106490.10083007813 15.0029296875 9310.34272839651 33303
150 342.3 17188.085667611533 11394.42873770012 106490.10083007813 15.0029296875 9872.386366878078 36232
160 298.7 17913.392819404915 12090.05303883678 106490.10083007813 15.0029296875 10503.87391463777 39655
170 321.6 18813.46183169541 12610.385740343094 106490.10083007813 15.0029296875 11022.898185744647 42642
180 281.6 18508.42337998473 13000.189007865367 115871.93408203125 15.0029296875 11569.24675492293 45858
190 295.9 18532.098064333648 14171.956701169896 131434.76611328125 15.0029296875 11970.70793288599 48674
200 317 19115.48576798787 13941.599282457011 131434.76611328125 15.0029296875 12346.73011635303 51633
