10 0.1 1951.39453125 0 1951.39453125 1951.39453125 0 0
20 0.1 1955.390625 0.0 1955.390625 1951.39453125 1951.39453125 1
30 0.1 1955.62109375 0.0 1955.62109375 1951.39453125 1953.392578125 2
40 0.1 1955.62890625 0.0 1955.62890625 1951.39453125 1954.1354166666667 3
50 0.1 1954.7734375 0.0 1955.62890625 1951.39453125 1954.5087890625 4
60 0.1 1955.0546875 0.0 1955.62890625 1951.39453125 1954.56171875 5
70 0.1 1955.3125 0.0 1955.62890625 1951.39453125 1954.6438802083333 6
80 0.1 1955.3984375 0.0 1955.62890625 1951.39453125 1954.7393973214287 7
90 0.1 1955.1640625 0.0 1955.62890625 1951.39453125 1954.82177734375 8
100 0.1 1955.203125 0.0 1955.62890625 1951.39453125 1954.8598090277778 9
110 0.1 1955.5234375 0.0 1955.62890625 1951.39453125 1954.894140625 10
120 0.1 1955.5625 0.0 1955.62890625 1951.39453125 1954.9513494318182 11
130 0.1 1955.71484375 0.0 1955.71484375 1951.39453125 1955.0022786458333 12
140 0.1 1952.89453125 0.0 1955.71484375 1951.39453125 1955.0570913461538 13
150 0.1 1953.234375 0.0 1955.71484375 1951.39453125 1954.902622767857 14
160 0.1 1951.62109375 0.0 1955.71484375 1951.39453125 1954.79140625 15
170 0.1 1946.296875 0.0 1955.71484375 1946.296875 1954.59326171875 16
180 0.1 1949.87109375 0.0 1955.71484375 1946.296875 1954.1052389705883 17
190 0.1 1944.95703125 0.0 1955.71484375 1944.95703125 1953.8700086805557 18
200 0.1 1928.9140625 0.0 1955.71484375 1928.9140625 1953.4009046052631 19
