10 0.1 9.05859375 0 9.05859375 9.05859375 0 0
20 0.1 7.890625 0.0 9.05859375 7.890625 9.05859375 1
30 0.1 6.671875 0.0 9.05859375 6.671875 8.474609375 2
40 0.1 5.71875 0.0 9.05859375 5.71875 7.873697916666667 3
50 0.1 4.91015625 0.0 9.05859375 4.91015625 7.3349609375 4
60 0.1 4.16015625 0.0 9.05859375 4.16015625 6.85 5
70 0.1 3.51953125 0.0 9.05859375 3.51953125 6.401692708333333 6
80 0.1 3.05859375 0.0 9.05859375 3.05859375 5.989955357142857 7
90 0.1 2.8203125 0.0 9.05859375 2.8203125 5.62353515625 8
100 0.1 2.37890625 0.0 9.05859375 2.37890625 5.312065972222222 9
110 0.1 2.421875 0.0 9.05859375 2.37890625 5.01875 10
120 0.1 2.58984375 0.0 9.05859375 2.37890625 4.782670454545454 11
130 0.1 2.890625 0.0 9.05859375 2.37890625 4.599934895833333 12
140 0.1 2.6796875 0.0 9.05859375 2.37890625 4.468449519230769 13
150 0.1 2.9609375 0.0 9.05859375 2.37890625 4.340680803571429 14
160 0.1 2.80859375 0.0 9.05859375 2.37890625 4.248697916666667 15
170 0.1 3.33984375 0.0 9.05859375 2.37890625 4.15869140625 16
180 0.1 3.4296875 0.0 9.05859375 2.37890625 4.110523897058823 17
190 0.1 3.37109375 0.0 9.05859375 2.37890625 4.072699652777778 18
200 0.1 3.78125 0.0 9.05859375 2.37890625 4.035773026315789 19
