20 0.1 3515 0 3515 3515 0 0
30 0.1 8997.0 0.0 8997 3515 3515.0 1
40 0.1 11047.0 0.0 11047 3515 6256.0 2
50 0.1 18184.0 0.0 18184 3515 7853.0 3
60 0.1 23590.0 0.0 23590 3515 10435.75 4
70 0.1 26530.0 0.0 26530 3515 13066.6 5
80 0.1 28295.0 0.0 28295 3515 15310.5 6
90 0.1 32034.0 0.0 32034 3515 17165.428571428572 7
100 0.1 36268.0 0.0 36268 3515 19024.0 8
110 0.1 37907.0 0.0 37907 3515 20940.0 9
120 0.1 41530.0 0.0 41530 3515 22636.7 10
130 0.1 4.59e4 0.0 45900 3515 24354.272727272728 11
140 0.1 45776.0 0.0 45900 3515 26149.75 12
150 0.1 50190.0 0.0 50190 3515 27659.46153846154 13
160 0.1 48191.0 0.0 50190 3515 29268.785714285714 14
170 0.1 48978.0 0.0 50190 3515 30530.266666666666 15
180 0.1 48008.0 0.0 50190 3515 31683.25 16
190 0.1 51572.0 0.0 51572 3515 32643.529411764706 17
200 0.1 54927.0 0.0 54927 3515 33695.11111111111 18
