10 541.5 0.9230344312673132 0.8898238734871767 23.44580078125 0.129150390625 0 0
20 1424.5 0.8375870131241224 0.5201997111160602 23.44580078125 0.087158203125 0.9230344312673132 5415
30 2352.2 0.8390901856008458 0.6883332339008946 33.5400390625 0.087158203125 0.8611219963003879 19660
40 3276.8 0.82823085039854 0.46732432118859446 33.5400390625 0.087158203125 0.8491208789071539 43182
50 4327.4 0.8630304126304942 0.5368491877156991 33.5400390625 0.087158203125 0.8401080487008306 75950
60 5079.1 0.8712881982428604 0.5208257982795135 33.5400390625 0.087158203125 0.8484280377692418 119224
70 6027.5 0.9413213810076211 1.773506497874764 208.212158203125 0.087158203125 0.8552573787721861 170015
80 6940.9 1.0593890703846398 6.894634354583463 1002.09521484375 0.087158203125 0.8777833579060643 230290
90 7866 1.2811019047810634 9.518354182091164 1002.375 0.087158203125 0.919842460196781 299699
100 8418.7 1.937247379833175 19.179920784161165 1032.77197265625 0.087158203125 0.994947500412554 378359
110 9440 2.318111246399935 17.998822893424503 1032.77197265625 0.087158203125 1.16645346943787 462546
120 9751.8 11.849277252320574 39.81523074064658 1382.49609375 0.087158203125 1.3616546094859519 556946
130 10292.9 17.346184285709107 50.49458774092416 4057.566162109375 0.087158203125 2.9243562781551935 654464
140 10856.4 43.36908181617347 83.20132307203652 4168.0849609375 0.087158203125 4.884269209736971 757393
150 10942.6 45.45623606274889 83.63999258947767 5672.47509765625 0.087158203125 9.709064431445636 865957
160 11262.2 71.26419052912966 126.0247044506127 5672.47509765625 0.087158203125 13.719458300240756 975383
170 11467.9 75.49217758782281 120.96159434560958 7117.968994140625 0.087158203125 19.676051177187027 1088005
180 11419.2 81.97807893970796 160.2900669820305 7121.18115234375 0.087158203125 24.998261799965164 1202684
190 11574.5 132.73441181778614 170.9654963593102 7121.18115234375 0.087158203125 29.939227599950513 1316876
200 11145.8 262.4970996817456 480.796411492546 11415.5419921875 0.087158203125 38.2443052145418 1432621
