10 0.1 4.107142857142857 0 4.107142857142857 4.107142857142857 0 0
20 0.1 29.300179441168932 0.0 29.300179441168932 4.107142857142857 4.107142857142857 1
30 0.1 48.69383490073145 0.0 48.69383490073145 4.107142857142857 16.703661149155895 2
40 0.1 71.3022113022113 0.0 71.3022113022113 4.107142857142857 27.367052399681082 3
50 0.1 75.89220684632193 0.0 75.89220684632193 4.107142857142857 38.35084212531363 4
60 0.1 76.54464458648073 0.0 76.54464458648073 4.107142857142857 45.85911506951529 5
70 0.1 75.93824228028504 0.0 76.54464458648073 4.107142857142857 50.973369989009534 6
80 0.1 74.87816764132553 0.0 76.54464458648073 4.107142857142857 54.5397803163346 7
90 0.1 75.13076557299097 0.0 76.54464458648073 4.107142857142857 57.08207873195847 8
110 0.1 75.31230150328182 0.0 76.54464458648073 4.107142857142857 59.08748838096207 9
120 0.1 75.82519758251975 0.0 76.54464458648073 4.107142857142857 60.70996969319405 10
130 0.1 73.1811697574893 0.0 76.54464458648073 4.107142857142857 62.084081319496384 11
140 0.1 75.87266739846322 0.0 76.54464458648073 4.107142857142857 63.00883868932913 12
150 0.1 74.12373559162549 0.0 76.54464458648073 4.107142857142857 63.99836397464714 13
170 0.1 73.33613268948142 0.0 76.54464458648073 4.107142857142857 64.72160480443131 14
180 0.1 71.80334641602974 0.0 76.54464458648073 4.107142857142857 65.29590666343465 15
190 0.1 75.22512121911798 0.0 76.54464458648073 4.107142857142857 65.70262164797185 16
200 0.1 75.02113271344041 0.0 76.54464458648073 4.107142857142857 66.26276868156867 17
