10 0.1 4.73828125 0 4.73828125 4.73828125 0 0
20 0.1 4.6796875 0.0 4.73828125 4.6796875 4.73828125 1
30 0.1 4.26953125 0.0 4.73828125 4.26953125 4.708984375 2
40 0.1 4.5703125 0.0 4.73828125 4.26953125 4.5625 3
50 0.1 5.55859375 0.0 5.55859375 4.26953125 4.564453125 4
60 0.1 5.328125 0.0 5.55859375 4.26953125 4.76328125 5
70 0.1 5.5 0.0 5.55859375 4.26953125 4.857421875 6
80 0.1 6.26953125 0.0 6.26953125 4.26953125 4.94921875 7
90 0.1 6.078125 0.0 6.26953125 4.26953125 5.1142578125 8
110 0.1 5.98828125 0.0 6.26953125 4.26953125 5.221354166666667 9
120 0.1 5.609375 0.0 6.26953125 4.26953125 5.298046875 10
130 0.1 4.73828125 0.0 6.26953125 4.26953125 5.326349431818182 11
140 0.1 4.73046875 0.0 6.26953125 4.26953125 5.27734375 12
150 0.1 4.9609375 0.0 6.26953125 4.26953125 5.2352764423076925 13
170 0.1 5.359375 0.0 6.26953125 4.26953125 5.215680803571429 14
180 0.1 5.6015625 0.0 6.26953125 4.26953125 5.225260416666667 15
190 0.1 6.3515625 0.0 6.3515625 4.26953125 5.248779296875 16
200 0.1 6.73046875 0.0 6.73046875 4.26953125 5.313648897058823 17
