0 0.7 26.293701171875 4.504641481749229 32.825927734375 21.534912109375 0 0
10 97.6 23.74056206374872 5.098102839993952 65.85791015625 16.597900390625 26.293701171875 7
20 186.6 39.05517447288661 108.68072693555925 2312.0849609375 16.260986328125 23.758743115383393 983
30 264.8 264.9117318236934 446.261559737973 10935.54296875 16.260986328125 33.777395594534326 2849
40 291.2 1508.9091000399715 1128.1433518853312 17316.43212890625 16.260986328125 145.11880406002703 5497
50 251.7 3920.814347883613 1643.7338486837825 23638.0029296875 16.260986328125 617.3934314703729 8409
60 252 7944.430172002883 3104.0575090842303 29718.01904296875 16.260986328125 1378.395668941737 10926
70 341.9 11209.221888695854 5056.438125646807 36127.34619140625 16.260986328125 2608.9777712557407 13446
80 338.7 11957.42540498366 7168.0632937690425 49569.798095703125 16.260986328125 4352.48412391081 16865
90 304.9 12820.10997049813 7895.042746782074 58932.5830078125 16.260986328125 5624.355352381764 20252
100 331.4 13509.175603485559 7791.252880136977 61273.81591796875 16.260986328125 6565.9396547995475 23301
110 322.6 14256.822178140019 9043.0234280352 70164.16186523438 16.260986328125 7430.485359625602 26615
120 291.2 13686.218650398692 9433.3036887038 78357.380859375 16.260986328125 8168.455353142157 29841
130 314.8 15597.46605499151 8799.978217883761 78357.380859375 16.260986328125 8659.028025007667 32753
140 318.1 16420.85001714587 10231.788239135898 105673.48315429688 16.260986328125 9267.428986495903 35901
150 309.6 17234.655354186838 10867.079946645264 105673.48315429688 16.260986328125 9849.667160041206 39082
160 323.7 17445.114872877974 10950.842794741946 105673.48315429688 16.260986328125 10391.748895758283 42178
170 302 18507.927357492994 11632.812175406325 105673.48315429688 16.260986328125 10894.484680585683 45415
180 318.8 19656.21651651155 11928.366545635905 107349.95092773438 16.260986328125 11369.195052925108 48435
190 352 19952.352404577006 12927.140820335666 107349.95092773438 16.260986328125 11880.96353646759 51623
200 322.8 18681.328995828717 13329.289911375154 117997.90991210938 16.260986328125 12396.19282786895 55143
