10 58.7 25.848251836669522 14.624220793286428 275.490966796875 17.908935546875 0 0
20 153.3 31.004225878332925 40.257684986321955 1047.4189453125 16.765869140625 25.848251836669522 587
30 219 219.22890312856748 395.5773164097151 2582.14404296875 16.765869140625 29.57660476396669 2120
40 240.7 1571.0127391300082 1377.0667929236508 11408.286865234375 16.765869140625 125.94285381697732 4310
50 181.8 4121.327144543071 2824.8416239971884 16693.43505859375 16.765869140625 643.7756979361474 6717
60 247.6 7666.066608090008 4861.69166735796 25466.963134765625 16.765869140625 1384.5124911325609 8535
70 212.6 9837.356315892717 7002.119409542273 34502.462890625 16.765869140625 2797.020709603784 11011
80 250.4 11916.140849640573 9439.839907817257 47747.685791015625 16.765869140625 3936.3792769304396 13137
90 238.9 14682.17379153968 11281.781629357234 51970.14697265625 16.765869140625 5213.875791096169 15641
100 222.4 14963.599469411296 12412.879813184083 58499.760009765625 16.765869140625 6468.438404687936 18030
110 232.4 16075.060479641781 13150.582371251365 77547.90283203125 16.765869140625 7401.253562579945 20254
120 222.8 19219.43470969617 18723.07977762837 84867.02001953125 16.765869140625 8294.066357125595 22578
130 216.1 24600.4870268801 23739.748033479827 96643.7587890625 16.765869140625 9275.349945351318 24806
140 244.7 27650.13334956944 26644.345317512292 105606.67700195313 16.765869140625 10503.42949566035 26967
150 251 30755.67807111398 28395.1910968129 109581.40283203125 16.765869140625 11929.89255170562 29414
160 235.6 33751.03625415731 30184.04240548809 123743.53198242188 16.765869140625 13410.055490363526 31924
170 256.5 33678.186676870086 30382.66464416542 125639.5791015625 16.765869140625 14808.052884747953 34280
180 209.4 34934.23017412562 32296.81417194638 135597.48291015625 16.765869140625 16121.715340353685 36845
190 220.5 37282.336983927795 33792.25618890232 144641.15307617188 16.765869140625 17133.385030430945 38939
200 235.3 38479.883738844 34178.73717950933 163710.8671875 16.765869140625 18213.212928969264 41144
