10 593.8046875 593.8046875
20 1568.2296875 2162.034375
30 2424.59921875 4586.63359375
40 2864.440625 7451.07421875
50 2788.2671875 10239.34140625
60 2869.61796875 13108.959375
70 2807.21484375 15916.17421875
80 2848.2828125 18764.45703125
90 2630.3296875 21394.78671875
100 2859.0109375 24253.79765625
110 2771.840625 27025.63828125
120 2778.8375 29804.47578125
130 2710.9015625 32515.37734375
140 2832.06484375 35347.4421875
150 2752.12421875 38099.56640625
160 2790.4734375 40890.03984375
170 2874.50234375 43764.5421875
180 2822.90703125 46587.44921875
190 2794.64765625 49382.096875
200 2874.8140625 52256.9109375
