10 0.1 1041.8828125 0 1041.8828125 1041.8828125 0 0
20 0.1 1060.79296875 0.0 1060.79296875 1041.8828125 1041.8828125 1
30 0.1 1070.32421875 0.0 1070.32421875 1041.8828125 1051.337890625 2
40 0.1 1072.90625 0.0 1072.90625 1041.8828125 1057.6666666666667 3
50 0.1 1068.96484375 0.0 1072.90625 1041.8828125 1061.4765625 4
60 0.1 1056.703125 0.0 1072.90625 1041.8828125 1062.97421875 5
70 0.1 1048.8671875 0.0 1072.90625 1041.8828125 1061.9290364583333 6
80 0.1 1045.078125 0.0 1072.90625 1041.8828125 1060.0630580357142 7
100 0.1 1048.58203125 0.0 1072.90625 1041.8828125 1058.18994140625 8
110 0.1 1041.51171875 0.0 1072.90625 1041.51171875 1057.1223958333333 9
120 0.1 1041.07421875 0.0 1072.90625 1041.07421875 1055.561328125 10
130 0.1 1036.6875 0.0 1072.90625 1036.6875 1054.2443181818182 11
140 0.1 1034.93359375 0.0 1072.90625 1034.93359375 1052.78125 12
150 0.1 1027.328125 0.0 1072.90625 1027.328125 1051.4083533653845 13
170 0.1 1019.140625 0.0 1072.90625 1019.140625 1049.6883370535713 14
180 0.1 1013.55078125 0.0 1072.90625 1013.55078125 1047.6518229166666 15
190 0.1 1005.296875 0.0 1072.90625 1005.296875 1045.5205078125 16
200 0.1 999.50390625 0.0 1072.90625 999.50390625 1043.1544117647059 17
