20 0.1 3587 0 3587 3587 0 0
30 0.1 7670.0 0.0 7670 3587 3587.0 1
40 0.1 11458.0 0.0 11458 3587 5628.5 2
50 0.1 15393.0 0.0 15393 3587 7571.666666666667 3
60 0.1 18897.0 0.0 18897 3587 9527.0 4
70 0.1 15273.0 0.0 18897 3587 11401.0 5
80 0.1 16637.0 0.0 18897 3587 12046.333333333334 6
100 0.1 16168.0 0.0 18897 3587 12702.142857142857 7
110 0.1 16363.0 0.0 18897 3587 13135.375 8
120 0.1 16405.0 0.0 18897 3587 13494.0 9
130 0.1 15193.0 0.0 18897 3587 13785.1 10
140 0.1 20634.0 0.0 20634 3587 13913.09090909091 11
150 0.1 19568.0 0.0 20634 3587 14473.166666666666 12
170 0.1 16192.0 0.0 20634 3587 14865.076923076924 13
180 0.1 22217.0 0.0 22217 3587 14959.857142857143 14
190 0.1 19162.0 0.0 22217 3587 15443.666666666666 15
200 0.1 16321.0 0.0 22217 3587 15676.0625 16
