10 86 1.2478484397710754 0.6134002002229296 9.726806640625 0.587158203125 0 0
20 177.6 1.818370372325454 23.92137550931443 998.803955078125 0.493896484375 1.2478484397710754 860
30 274.8 1.1240364974242625 0.6700806860198392 998.803955078125 0.493896484375 1.632236509655968 2636
40 363.8 1.0441079163302296 0.49017150595728637 998.803955078125 0.489013671875 1.3728506193118508 5384
50 479.4 1.285143314722829 14.439254347067921 999.8740234375 0.465087890625 1.2402895515389472 9022
60 558.9 2.4483193742032325 35.321940221725775 1000.057861328125 0.43603515625 1.255853313894443 13816
70 640.5 1.6208042117974222 21.587826110465297 1000.057861328125 0.405029296875 1.599305661797861 19405
80 737 2.9106287962707746 40.265189892888664 1003.754150390625 0.365966796875 1.604640733969391 25810
90 800.4 3.7341671571440855 48.61943489274866 1005.118896484375 0.365966796875 1.8947291010327183 33180
100 872.1 7.58561125130791 77.04099600315193 1030.51123046875 0.365966796875 2.2522189563434067 41184
110 940.5 26.89854938156233 153.69902590239852 1404.971923828125 0.365966796875 3.18424008056714 49905
120 993.7 227.20128287704713 485.6572446890313 3488.847900390625 0.365966796875 6.944703391574724 59310
130 1003.2 457.4811369486774 825.9572197933553 10327.90283203125 0.365966796875 38.551699078711195 69247
140 818.4 818.001931258546 1608.8730762463495 15055.035888671875 0.365966796875 91.56321689189627 79279
150 991.1 442.1727399490238 1015.5537473749288 18348.48583984375 0.365966796875 159.5368107358836 87463
160 876.2 795.0828935439891 1378.1130636625257 18348.48583984375 0.365966796875 188.3042917311332 97374
170 901.7 449.25409629359024 1176.5068564549879 18348.48583984375 0.365966796875 238.39657059112645 106136
180 927.8 428.16934096872285 848.9603299570396 18348.48583984375 0.365966796875 254.90766721265706 115153
190 954.4 436.62578616657913 979.1397579132083 18348.48583984375 0.365966796875 267.8266488901231 124431
200 447.8 920.3240086298624 1652.547508176131 31080.248046875 0.365966796875 279.85142191618394 133975
