10 890.53125 890.53125
20 1841.590625 2732.121875
30 2850.378125 5582.5
40 3768.834375 9351.334375
50 4968.36796875 14319.70234375
60 5796.99296875 20116.6953125
70 6627.85703125 26744.55234375
80 7626.74921875 34371.3015625
90 8293.41640625 42664.71796875
100 9030.590625 51695.30859375
110 9494.8140625 61190.12265625
120 9766.6765625 70956.79921875
130 9812.52578125 80769.325
140 9198.934375 89968.259375
150 9562.0609375 99530.3203125
160 9658.51953125 109188.83984375
170 9026.51484375 118215.3546875
180 9350.603125 127565.9578125
190 9555.17734375 137121.13515625
200 6210.89921875 143332.034375
