20 0.1 4662 0 4662 4662 0 0
30 0.1 8169.0 0.0 8169 4662 4662.0 1
40 0.1 11121.0 0.0 11121 4662 6415.5 2
50 0.1 13697.0 0.0 13697 4662 7984.0 3
60 0.1 15469.0 0.0 15469 4662 9412.25 4
70 0.1 15865.0 0.0 15865 4662 10623.6 5
80 0.1 17943.0 0.0 17943 4662 11497.166666666666 6
90 0.1 16143.0 0.0 17943 4662 12418.0 7
100 0.1 18053.0 0.0 18053 4662 12883.625 8
110 0.1 18063.0 0.0 18063 4662 13458.0 9
120 0.1 15358.0 0.0 18063 4662 13918.5 10
130 0.1 14063.0 0.0 18063 4662 14049.363636363636 11
140 0.1 13545.0 0.0 18063 4662 14050.5 12
150 0.1 16946.0 0.0 18063 4662 14011.615384615385 13
160 0.1 16592.0 0.0 18063 4662 14221.214285714286 14
170 0.1 15253.0 0.0 18063 4662 14379.266666666666 15
180 0.1 17852.0 0.0 18063 4662 14433.875 16
190 0.1 19663.0 0.0 19663 4662 14634.941176470587 17
200 0.1 19095.0 0.0 19663 4662 14914.277777777777 18
