0 54.8 2.108157415459623 0.4863385209437505 5.98583984375 1.256103515625 0 0
10 822.4 2.4772429113721977 1.1266911244714182 13.2041015625 1.126953125 2.108157415459623 548
20 1671 5.656290733935507 38.0444595830514 3424.02587890625 1.0 2.4541855867301443 8772
30 2057.4 155.65040834163034 443.6456428428194 9032.27099609375 1.0 4.553988467579434 25482
40 1986.5 523.3924382280601 1182.9530575412755 15069.719970703125 1.0 72.05133392720951 46056
50 3539.4 819.3442627822274 2197.4820037660497 18476.39404296875 1.0 208.0609672297443 65921
60 3592.9 846.7823779026436 2562.240612983556 31114.828125 1.0 421.61040179308225 101315
70 3628.5 916.0285313829559 3403.1339861154934 31125.73486328125 1.0 532.9158426840534 137244
80 3614.7 972.5863433271394 3207.5921526079087 31125.73486328125 1.0 613.0248959802728 173529
90 3654.9 962.320528491873 3180.839042392089 32648.738037109375 1.0 675.0113304660852 209676
100 3641.2 953.06409042075 3207.3457036791624 34297.693115234375 1.0 717.658762199843 246225
110 2448 1207.3074724284627 3449.586463684311 34297.693115234375 1.0 747.98592676492 282637
120 1996.4 1338.8136167195742 3531.3430617030513 34297.693115234375 1.0 784.5980043700137 307117
130 1995.9 1793.7465260571303 4548.906235894668 34297.693115234375 1.0 818.4255898456194 327081
140 2020.7 1938.5635359091978 5050.733492277672 36342.81298828125 1.0 874.518347354395 347040
150 1995.8 1884.210995483092 5249.864686504838 36342.81298828125 1.0 933.0652139731201 367247
160 1968.6 2113.088867795199 5463.934314775845 36342.81298828125 1.0 982.0908399525781 387205
170 2036.7 2026.424217920502 5403.203554422114 36342.81298828125 1.0 1036.8102296075713 406891
180 2020.5 2152.167031578671 5725.1926579720275 37864.365966796875 1.0 1083.9842277538187 427258
190 2001.1 2141.334717833916 5233.557166659613 37864.365966796875 1.0 1132.2175644794945 447463
200 2013.9 2687.8202584081523 5837.108728168046 37864.365966796875 1.0 1175.4144981181041 467474
