10 814.2 1.0389648077675933 0.5438949484758319 11.35205078125 0.429931640625 0 0
20 1735 1.466191251463438 7.616021310282133 998.7021484375 0.39990234375 1.0389648077675933 8142
30 1059.6 33.87768884171351 205.76077223284912 3012.56298828125 0.39990234375 1.3297375520843557 25492
40 284 992.5436894806345 2168.8792554645092 15043.13818359375 0.39990234375 10.88632400367243 36088
50 414.2 1872.6814848984097 3907.6400958608397 15053.493896484375 0.39990234375 82.50333278795553 38928
60 224.6 3283.517404095995 6700.0685165254345 31107.2080078125 0.39990234375 254.6630241285987 43070
70 675 4544.40286957463 9033.158329699398 31107.2080078125 0.375 404.78234042762716 45316
80 278.5 3094.075216614538 6812.728818978733 31107.2080078125 0.375 941.4557659210828 52066
90 277.2 4946.936567650562 8834.04380232756 31107.2080078125 0.375 1050.7526824801478 54851
100 244.3 4639.681956918516 8730.290635569245 31153.138916015625 0.375 1238.1816905097955 57623
110 283.2 4298.4560563254445 7946.709690768399 31153.138916015625 0.375 1376.5272628941145 60066
120 560.4 3942.3332445470046 7343.057797634195 32316.364990234375 0.375 1508.0879221042248 62898
130 542.9 4541.5832777657515 8519.666922156632 32316.364990234375 0.375 1707.2282506635272 68502
140 613.1 4069.280577149877 7791.441270948142 32316.364990234375 0.357177734375 1915.3643970992305 73931
150 575.7 4610.580227739056 8312.229951836602 32316.364990234375 0.357177734375 2080.3073175844856 80062
160 558.5 3796.18955580832 7289.896795554868 32316.364990234375 0.357177734375 2250.045733829838 85819
170 369.3 3120.4250617854955 6163.204954696971 32316.364990234375 0.357177734375 2344.518768333249 91404
180 646.3 4649.9135823781835 8192.200187277553 32316.364990234375 0.357177734375 2374.6503386427135 95097
190 720.2 5068.812919296765 9214.503530949805 32316.364990234375 0.357177734375 2519.4418544389164 101560
200 706.2 4241.703123686308 8075.009843789525 32316.364990234375 0.357177734375 2688.2560580128325 108762
