10 0.1 1250.00390625 0 1250.00390625 1250.00390625 0 0
20 0.1 1249.45703125 0.0 1250.00390625 1249.45703125 1250.00390625 1
30 0.1 1249.36328125 0.0 1250.00390625 1249.36328125 1249.73046875 2
40 0.1 1249.953125 0.0 1250.00390625 1249.36328125 1249.6080729166667 3
50 0.1 1249.4765625 0.0 1250.00390625 1249.36328125 1249.6943359375 4
60 0.1 1249.375 0.0 1250.00390625 1249.36328125 1249.65078125 5
70 0.1 1248.41015625 0.0 1250.00390625 1248.41015625 1249.6048177083333 6
80 0.1 1247.3359375 0.0 1250.00390625 1247.3359375 1249.4341517857142 7
90 0.1 1246.25390625 0.0 1250.00390625 1246.25390625 1249.171875 8
100 0.1 1245.90234375 0.0 1250.00390625 1245.90234375 1248.84765625 9
110 0.1 1246.0546875 0.0 1250.00390625 1245.90234375 1248.553125 10
120 0.1 1245.703125 0.0 1250.00390625 1245.703125 1248.3259943181818 11
130 0.1 1243.7421875 0.0 1250.00390625 1243.7421875 1248.107421875 12
140 0.1 1243.046875 0.0 1250.00390625 1243.046875 1247.7716346153845 13
150 0.1 1242.19140625 0.0 1250.00390625 1242.19140625 1247.4341517857142 14
160 0.1 1240.3828125 0.0 1250.00390625 1240.3828125 1247.0846354166667 15
170 0.1 1240.30859375 0.0 1250.00390625 1240.30859375 1246.665771484375 16
180 0.1 1238.9609375 0.0 1250.00390625 1238.9609375 1246.2918198529412 17
190 0.1 1239.046875 0.0 1250.00390625 1238.9609375 1245.884548611111 18
200 0.1 1237.6875 0.0 1250.00390625 1237.6875 1245.5246710526317 19
