20 0.1 4902 0 4902 4902 0 0
30 0.1 9253.0 0.0 9253 4902 4902.0 1
40 0.1 9844.0 0.0 9844 4902 7077.5 2
50 0.1 9588.0 0.0 9844 4902 7999.666666666667 3
60 0.1 11373.0 0.0 11373 4902 8396.75 4
70 0.1 8777.0 0.0 11373 4902 8992.0 5
80 0.1 13214.0 0.0 13214 4902 8956.166666666666 6
90 0.1 9936.0 0.0 13214 4902 9564.42857142857 7
100 0.1 12897.0 0.0 13214 4902 9610.875 8
110 0.1 11401.0 0.0 13214 4902 9976.0 9
120 0.1 13082.0 0.0 13214 4902 10118.5 10
130 0.1 13473.0 0.0 13473 4902 10387.90909090909 11
140 0.1 15515.0 0.0 15515 4902 10644.999999999998 12
150 0.1 14928.0 0.0 15515 4902 11019.615384615383 13
160 0.1 15281.0 0.0 15515 4902 11298.785714285712 14
170 0.1 16573.0 0.0 16573 4902 11564.266666666665 15
180 0.1 15257.0 0.0 16573 4902 11877.312499999998 16
190 0.1 20433.0 0.0 20433 4902 12076.117647058822 17
200 0.1 16659.0 0.0 20433 4902 12540.388888888887 18
