20 0.1 3352 0 3352 3352 0 0
30 0.1 6173.0 0.0 6173 3352 3352.0 1
40 0.1 6832.0 0.0 6832 3352 4762.5 2
50 0.1 6889.0 0.0 6889 3352 5452.333333333333 3
60 0.1 7870.0 0.0 7870 3352 5811.5 4
70 0.1 6411.0 0.0 7870 3352 6223.2 5
80 0.1 9349.0 0.0 9349 3352 6254.5 6
90 0.1 7529.0 0.0 9349 3352 6696.571428571428 7
100 0.1 9229.0 0.0 9349 3352 6800.625 8
110 0.1 8221.0 0.0 9349 3352 7070.444444444444 9
120 0.1 9511.0 0.0 9511 3352 7185.5 10
130 0.1 9770.0 0.0 9770 3352 7396.909090909091 11
140 0.1 11463.0 0.0 11463 3352 7594.666666666667 12
150 0.1 11287.0 0.0 11463 3352 7892.2307692307695 13
160 0.1 11459.0 0.0 11463 3352 8134.714285714285 14
170 0.1 12079.0 0.0 12079 3352 8356.333333333334 15
180 0.1 11969.0 0.0 12079 3352 8589.0 16
190 0.1 14743.0 0.0 14743 3352 8787.823529411764 17
200 0.1 13211.0 0.0 14743 3352 9118.666666666666 18
