10 1088.5 1088.5
20 2030.8671875 3119.3671875
30 1229.7484375 4349.115625
40 109.5515625 4458.6671875
50 366.7625 4825.4296875
60 636.05625 5461.4859375
70 564.146875 6025.6328125
80 520.5578125 6546.190625
90 460.55625 7006.746875
100 386.590625 7393.3375
110 419.43125 7812.76875
120 573.040625 8385.809375
130 600.4859375 8986.2953125
140 228.109375 9214.4046875
150 178.1265625 9392.53125
160 330.009375 9722.540625
170 540.39375 10262.934375
180 266.96875 10529.903125
190 577.5171875 11107.4203125
200 269.265625 11376.6859375
