10 0.1 2.9109159347553324 0 2.9109159347553324 2.9109159347553324 0 0
20 0.1 15.263157894736842 0.0 15.263157894736842 2.9109159347553324 2.9109159347553324 1
30 0.1 25.41311967951928 0.0 25.41311967951928 2.9109159347553324 9.087036914746088 2
40 0.1 25.381727158948685 0.0 25.41311967951928 2.9109159347553324 14.529064503003818 3
50 0.1 25.431789737171464 0.0 25.431789737171464 2.9109159347553324 17.242230166990034 4
60 0.1 25.488232348522782 0.0 25.488232348522782 2.9109159347553324 18.88014208102632 5
70 0.1 25.544158118588946 0.0 25.544158118588946 2.9109159347553324 19.9814904589424 6
80 0.1 25.531382845711427 0.0 25.544158118588946 2.9109159347553324 20.776157267463333 7
90 0.1 25.5005005005005 0.0 25.544158118588946 2.9109159347553324 21.370560464744344 8
100 0.1 25.50688360450563 0.0 25.544158118588946 2.9109159347553324 21.829442690939473 9
110 0.1 25.481852315394242 0.0 25.544158118588946 2.9109159347553324 22.197186782296086 10
120 0.1 25.407166123778502 0.0 25.544158118588946 2.9109159347553324 22.49579273985046 11
130 0.1 25.51326990485729 0.0 25.544158118588946 2.9109159347553324 22.738407188511133 12
140 0.1 25.463194792188283 0.0 25.544158118588946 2.9109159347553324 22.951858166691604 13
150 0.1 25.469571750563485 0.0 25.544158118588946 2.9109159347553324 23.131239354227084 14
160 0.1 25.469571750563485 0.0 25.544158118588946 2.9109159347553324 23.28712818064951 15
170 0.1 25.41990473802958 0.0 25.544158118588946 2.9109159347553324 23.423530903769134 16
180 0.1 25.569176882662 0.0 25.569176882662 2.9109159347553324 23.54096465872563 17
190 0.1 25.53191489361702 0.0 25.569176882662 2.9109159347553324 23.653643115610986 18
200 0.1 25.444973677613437 0.0 25.569176882662 2.9109159347553324 23.752499524979722 19
