10 0.1 3115.18359375 0 3115.18359375 3115.18359375 0 0
20 0.1 3115.2109375 0.0 3115.2109375 3115.18359375 3115.18359375 1
30 0.1 3111.30859375 0.0 3115.2109375 3111.30859375 3115.197265625 2
40 0.1 3108.04296875 0.0 3115.2109375 3108.04296875 3113.9010416666665 3
50 0.1 3107.44921875 0.0 3115.2109375 3107.44921875 3112.4365234375 4
60 0.1 3107.2734375 0.0 3115.2109375 3107.2734375 3111.4390625 5
70 0.1 3107.17578125 0.0 3115.2109375 3107.17578125 3110.7447916666665 6
80 0.1 3106.51171875 0.0 3115.2109375 3106.51171875 3110.234933035714 7
90 0.1 3106.3515625 0.0 3115.2109375 3106.3515625 3109.76953125 8
100 0.1 3107.73828125 0.0 3115.2109375 3106.3515625 3109.3897569444443 9
110 0.1 3107.93359375 0.0 3115.2109375 3106.3515625 3109.224609375 10
120 0.1 3107.8125 0.0 3115.2109375 3106.3515625 3109.107244318182 11
130 0.1 3107.94140625 0.0 3115.2109375 3106.3515625 3108.9993489583335 12
140 0.1 3107.359375 0.0 3115.2109375 3106.3515625 3108.91796875 13
150 0.1 3105.23046875 0.0 3115.2109375 3105.23046875 3108.806640625 14
160 0.1 3104.1796875 0.0 3115.2109375 3104.1796875 3108.5682291666667 15
170 0.1 3102.15625 0.0 3115.2109375 3102.15625 3108.2939453125 16
180 0.1 3100.34765625 0.0 3115.2109375 3100.34765625 3107.932904411765 17
190 0.1 3098.58203125 0.0 3115.2109375 3098.58203125 3107.5115017361113 18
200 0.1 3096.671875 0.0 3115.2109375 3096.671875 3107.0415296052633 19
