10 0.1 0.9296875 0 0.9296875 0.9296875 0 0
20 0.1 0.78125 0.0 0.9296875 0.78125 0.9296875 1
30 0.1 0.8203125 0.0 0.9296875 0.78125 0.85546875 2
40 0.1 0.8515625 0.0 0.9296875 0.78125 0.84375 3
50 0.1 0.87109375 0.0 0.9296875 0.78125 0.845703125 4
60 0.1 0.890625 0.0 0.9296875 0.78125 0.85078125 5
70 0.1 0.91015625 0.0 0.9296875 0.78125 0.857421875 6
80 0.1 0.921875 0.0 0.9296875 0.78125 0.8649553571428571 7
90 0.1 0.9296875 0.0 0.9296875 0.78125 0.8720703125 8
100 0.1 0.94140625 0.0 0.94140625 0.78125 0.8784722222222222 9
110 0.1 0.94921875 0.0 0.94921875 0.78125 0.884765625 10
120 0.1 0.9609375 0.0 0.9609375 0.78125 0.890625 11
130 0.1 0.96875 0.0 0.96875 0.78125 0.896484375 12
140 0.1 0.96875 0.0 0.96875 0.78125 0.9020432692307693 13
150 0.1 0.96875 0.0 0.96875 0.78125 0.9068080357142857 14
160 0.1 0.98046875 0.0 0.98046875 0.78125 0.9109375 15
170 0.1 0.98046875 0.0 0.98046875 0.78125 0.915283203125 16
180 0.1 0.98046875 0.0 0.98046875 0.78125 0.9191176470588235 17
190 0.1 0.98828125 0.0 0.98828125 0.78125 0.9225260416666666 18
200 0.1 0.98828125 0.0 0.98828125 0.78125 0.9259868421052632 19
