10 86.6 10.259445366628166 1.4675552971705703 24.223876953125 8.22705078125 0 0
20 192.5 10.373828759131479 1.3968066687205956 24.471923828125 7.748046875 10.259445366628166 866
30 280 10.868113490513398 2.027058845847522 28.112060546875 7.748046875 10.33833753093088 2791
40 378.6 11.406965978172057 2.523720887596411 32.85205078125 7.637939453125 10.603651908829477 5591
50 459.2 12.419972808518905 8.204467074269981 223.51220703125 7.637939453125 10.927993069811773 9377
60 551.2 15.990531755289625 30.166114038510283 1017.425048828125 7.637939453125 11.41844843241061 13969
70 640.2 22.257596121695347 52.22248059174268 1022.5830078125 7.637939453125 12.712084450875224 19481
80 748.9 47.284748751293606 108.79844171702071 1264.1298828125 7.637939453125 15.073107737070426 25883
90 802.2 166.42256673177025 260.9455965495559 3054.10693359375 7.637939453125 22.30171194285724 33372
100 823.5 673.5675121610755 664.3254195644932 5268.7099609375 7.637939453125 50.23178628012013 41394
110 793.4 1788.3506916374042 1282.3020342488487 12943.017822265625 7.637939453125 153.6626372468869 49629
120 895.2 3555.8390157936487 2259.5972271913183 19651.27197265625 7.637939453125 378.97429618638563 57563
130 769.7 2944.7815942138664 2873.7581964841643 27853.81787109375 7.637939453125 806.5363945089327 66515
140 936.7 3757.0271651601015 3172.214941293536 34545.18115234375 7.637939453125 1028.3074463890716 74212
150 807.6 3034.3780085585927 3488.453484749604 35403.884033203125 7.637939453125 1334.1249077816253 83579
160 927.1 3899.3234411129984 3614.3972491211557 55463.625 7.637939453125 1483.9393646238575 91655
170 751.3 2494.7381685547166 3220.6844699761896 63065.672119140625 7.637939453125 1705.8150534763913 100926
180 885.8 3635.485645837668 3345.3814459677374 67154.1669921875 7.637939453125 1760.4741647148153 108439
190 810.7 3427.6812342559865 3086.5483455336253 67154.1669921875 7.637939453125 1902.0707247273153 117297
200 815.8 3608.5163940519433 3189.1841289550625 67154.1669921875 7.637939453125 2000.6969599410959 125404
