10 0.1 5.46875 0 5.46875 5.46875 0 0
20 0.1 30.51784816490699 0.0 30.51784816490699 5.46875 5.46875 1
30 0.1 35.40264273248566 0.0 35.40264273248566 5.46875 17.993299082453497 2
40 0.1 48.59207575380015 0.0 48.59207575380015 5.46875 23.79641363246422 3
50 0.1 59.50413223140496 0.0 59.50413223140496 5.46875 29.9953291627982 4
60 0.1 69.31732933233309 0.0 69.31732933233309 5.46875 35.89708977651955 5
70 0.1 75.80604848787803 0.0 75.80604848787803 5.46875 41.46712970248847 6
80 0.1 91.26281453867661 0.0 91.26281453867661 5.46875 46.37268952897269 7
100 0.1 94.67625899280576 0.0 94.67625899280576 5.46875 51.98395515518568 8
110 0.1 89.80441115272576 0.0 94.67625899280576 5.46875 56.7275444704768 9
120 0.1 91.87027987561083 0.0 94.67625899280576 5.46875 60.03523113870169 10
130 0.1 91.22619302375348 0.0 94.67625899280576 5.46875 62.9293264784207 11
140 0.1 94.08418657565414 0.0 94.67625899280576 5.46875 65.28739869053176 12
150 0.1 84.75716064757161 0.0 94.67625899280576 5.46875 67.50253622015656 13
170 0.1 92.19251336898395 0.0 94.67625899280576 5.46875 68.73500939354334 14
180 0.1 92.31273203756278 0.0 94.67625899280576 5.46875 70.29884299190604 15
190 0.1 92.86459419987482 0.0 94.67625899280576 5.46875 71.67471105725959 16
200 0.1 91.57766990291262 0.0 94.67625899280576 5.46875 72.92117477153107 17
