10 0.1 2183.3984375 0 2183.3984375 2183.3984375 0 0
20 0.1 2184.5859375 0.0 2184.5859375 2183.3984375 2183.3984375 1
30 0.1 2186.30859375 0.0 2186.30859375 2183.3984375 2183.9921875 2
40 0.1 2186.13671875 0.0 2186.30859375 2183.3984375 2184.7643229166665 3
50 0.1 2186.33203125 0.0 2186.33203125 2183.3984375 2185.107421875 4
60 0.1 2185.6640625 0.0 2186.33203125 2183.3984375 2185.35234375 5
70 0.1 2161.90234375 0.0 2186.33203125 2161.90234375 2185.404296875 6
80 0.1 2127.1640625 0.0 2186.33203125 2127.1640625 2182.046875 7
100 0.1 2089.99609375 0.0 2186.33203125 2089.99609375 2175.1865234375 8
110 0.1 2091.40234375 0.0 2186.33203125 2089.99609375 2165.7209201388887 9
120 0.1 2096.328125 0.0 2186.33203125 2089.99609375 2158.2890625 10
130 0.1 2091.20703125 0.0 2186.33203125 2089.99609375 2152.65625 11
140 0.1 2088.12109375 0.0 2186.33203125 2088.12109375 2147.5354817708335 12
150 0.1 2084.40625 0.0 2186.33203125 2084.40625 2142.965144230769 13
170 0.1 2093.63671875 0.0 2186.33203125 2084.40625 2138.7823660714284 14
180 0.1 2087.66015625 0.0 2186.33203125 2084.40625 2135.77265625 15
190 0.1 2091.078125 0.0 2186.33203125 2084.40625 2132.765625 16
200 0.1 2094.04296875 0.0 2186.33203125 2084.40625 2130.313419117647 17
