10 904.9 1.2000197276632765 0.6619499499908686 11.463134765625 0.281005859375 0 0
20 1756.9 1.5376116218330256 11.034766635940144 1022.68603515625 0.23291015625 1.2000197276632765 9049
30 2758.4 1.5780111343844108 6.768541371964144 1022.68603515625 0.199951171875 1.4228445825985956 26618
40 3631.6 3.3913694285705582 28.881867892225173 1022.68603515625 0.199951171875 1.5018105647479616 54202
50 4394.4 7.9603479435030025 48.564324580190934 1209.81884765625 0.199951171875 2.2599053050049425 90518
60 4283.7 11.386825275490196 72.44315100972845 3256.1279296875 0.199951171875 4.122887049335376 134462
70 5535.1 83.77376229599662 212.9100589040944 3455.954833984375 0.11083984375 5.877918503510493 177299
80 5342.9 307.2626647932082 566.2155662001786 8395.116943359375 0.068115234375 24.41053337459538 232650
90 5290.5 640.5223459484345 1192.1340915754715 15667.2900390625 0.06689453125 77.23687340502427 286079
100 5501.4 616.4963325209029 1416.555416484431 21569.4111328125 0.06689453125 165.14845013109132 338984
110 5237 699.8512292482758 1557.9472513795433 36297.640869140625 0.06689453125 228.17022283499617 393998
120 5480.5 674.8230499220218 1771.8789305251646 44481.196044921875 0.06298828125 283.51006418980535 446368
130 5326.7 618.5844909621036 1808.762079466381 52509.253173828125 0.06298828125 326.3014918665839 501173
140 5237.9 632.1759362948414 1898.5767564201792 59947.89794921875 0.06298828125 354.3821471454618 554440
150 5216.9 587.3199862709561 2149.5960296129597 74490.05102539063 0.06298828125 378.36056720458214 606819
160 5365.9 698.2798591050309 2038.9084593184957 75959.48901367188 0.06298828125 394.90290778327807 658988
170 5461.5 705.8732508641835 2148.234725881503 84310.4208984375 0.06298828125 417.7457792623889 712647
180 5589.4 681.752639190125 2192.736551514382 97102.14086914063 0.06298828125 438.2551774360662 767262
190 5368.1 741.6626193501631 2387.0128670632835 97102.14086914063 0.06298828125 454.78916021367013 823156
200 5664 679.0371202544362 2453.441660414487 97102.14086914063 0.06298828125 472.3518932642897 876837
