10 1025.028125 1025.028125
20 1980.803125 3005.83125
30 3062.52265625 6068.35390625
40 4078.65703125 10147.0109375
50 4906.47109375 15053.48203125
60 4843.51875 19897.00078125
70 5520.096875 25417.09765625
80 4266.10078125 29683.1984375
90 3708.47265625 33391.67109375
100 4036.7671875 37428.43828125
110 3582.1984375 41010.63671875
120 4063.78125 45074.41796875
130 4064.67109375 49139.0890625
140 4043.0953125 53182.184375
150 4270.0515625 57452.2359375
160 4032.96328125 61485.19921875
170 4060.34609375 65545.5453125
180 4315.16875 69860.7140625
190 4119.1796875 73979.89375
200 4431.54453125 78411.43828125
