10 593.8 1.5971051862080035 0.9288192865531697 7.899169921875 0.2978515625 0 0
20 1404.6 30.76358929546771 39.080696754915856 229.988037109375 0.2978515625 1.5971051862080035 5938
30 1630.4 365.82958653443393 236.28855818018903 2017.39697265625 0.2978515625 22.097126993587 19984
40 1570 896.3674939664612 1219.0532204137075 6872.1640625 0.2978515625 176.53424175201866 36288
50 1509.6 1430.6114816509034 2703.16834936349 11978.390869140625 0.2978515625 393.9186777712298 51988
60 1552.6 1813.8612601788675 3939.5091446327456 20913.43603515625 0.2978515625 627.2070113137668 67084
70 1557 2110.516896601042 4793.832603822501 29087.11083984375 0.2978515625 850.2307840758967 82610
80 1529.2 2212.149678431107 5232.744553239225 35766.26708984375 0.2978515625 1050.0948579403955 98180
90 1514 2361.5361038994206 5924.37416286127 45238.673828125 0.2978515625 1206.6986219962328 113472
100 1534.2 2608.781064913354 6799.993626352268 46665.06298828125 0.2978515625 1342.6442528550504 128612
110 1542.6 2536.8098919874774 6938.758361339762 51292.68505859375 0.2978515625 1477.5836846915988 143954
120 1487.9 2767.585725716761 7107.918153416368 58085.026123046875 0.2978515625 1580.1035960590616 159380
130 1565.7 2478.350024836626 6651.559541022127 69009.92016601563 0.2978515625 1681.4960441230176 174259
140 1511.9 2668.333951368623 7253.895109502715 78121.22607421875 0.2978515625 1747.190049767792 189916
150 1509.8 2473.4908490764064 6404.41288008039 78121.22607421875 0.2978515625 1815.1139390954822 205035
160 1540 2735.6792868081625 7395.537506628021 117567.9951171875 0.2978515625 1860.2692524146664 220133
170 1514.4 2429.476099400187 6579.888415553862 117567.9951171875 0.2978515625 1917.5067288178025 235533
180 1519.1 2860.6956938582302 7729.4703113232345 123649.4111328125 0.2978515625 1948.4360288656715 250677
190 1548.4 2731.541473743425 7603.0566666777795 123649.4111328125 0.2978515625 2000.5601527576102 265868
200 1529 2908.829783926763 8008.019066907294 123660.43408203125 0.2978515625 2040.7891711194645 281352
200 21.3 2944.0182761608726 8787.46971203384 123660.43408203125 0.2978515625 2085.5311192246672 296642
