10 58.3 1.2073825947416386 0.5952141559622431 10.27294921875 0.5009765625 0 0
20 158.9 1.0246277815744977 0.3757758029567911 10.27294921875 0.5009765625 1.2073825947416386 583
30 243.5 1.0017441767197126 0.9683631372196079 35.72607421875 0.37109375 1.0736821352008525 2172
40 342.4 0.9501553116557753 0.5175138036851978 35.72607421875 0.35400390625 1.0356597933511509 4607
50 296.7 526.8149622244426 905.85953207931 7017.9990234375 0.35400390625 0.9992051369789723 8031
60 281.2 1634.6927084780343 2284.387332781094 7050.782958984375 0.35400390625 142.85184664257133 10998
70 254.4 4033.8247461858755 5158.899663547941 15046.634033203125 0.35400390625 446.62132553332606 13810
80 269.6 4708.053784922242 7825.07831692548 31101.180908203125 0.35400390625 1004.640495286297 16354
90 276.3 6590.871696281644 9642.413213595324 31101.180908203125 0.35400390625 1528.756097851048 19050
100 251.4 6928.090645607245 9613.386217655401 31101.180908203125 0.35400390625 2169.9620483605486 21813
110 275.3 6582.966443744614 9317.47084140156 31101.180908203125 0.35400390625 2661.6764107347913 24327
120 267.5 5331.674649167644 8587.675030593806 31101.180908203125 0.35400390625 3060.3215902353836 27080
130 267.6 4580.802350282314 8082.313527294073 31101.180908203125 0.35400390625 3264.5181767802937 29755
140 260.2 6819.738886347193 9822.01831164202 31101.180908203125 0.35400390625 3373.1295809396292 32431
150 270.3 6432.379174596943 8538.467726914376 31101.180908203125 0.35400390625 3629.1190027039797 35033
160 261.1 6692.151151939807 9165.413856782805 31101.180908203125 0.35400390625 3829.9143240053018 37736
170 273.9 6064.676429439351 8567.446104211273 31101.180908203125 0.35400390625 4015.140000207671 40347
180 257.3 6932.522805277312 8606.266974115144 31101.180908203125 0.35400390625 4145.430124138079 43086
190 277.9 8197.317212379676 10014.788166481132 31104.382080078125 0.35400390625 4302.48983785435 45659
200 254 7580.851125642088 10789.793861830836 31104.382080078125 0.35400390625 4525.945085259402 48438
