10 52 1.1634544959435107 0.2680467048519278 2.31201171875 0.432861328125 0 0
20 154.5 1.1213826102346274 0.3911840313906203 5.634033203125 0.432861328125 1.1634544959435107 520
30 240.6 2.8753351606335764 40.673684837782524 999.338134765625 0.432861328125 1.1319769833913438 2065
40 328 2.9554352550971816 42.68422439469016 1001.830078125 0.432861328125 2.0701384180692264 4471
50 429.5 3.9177717890534076 52.65355016325125 1001.830078125 0.432861328125 2.444770546240003 7751
60 522.5 16.740190733403104 122.74556952894088 1404.4189453125 0.432861328125 2.969968980399357 12046
70 609 98.47842205780513 298.38612308497727 1594.33984375 0.432861328125 7.135877651550105 17271
80 714.7 441.9507803686751 670.204076677863 7184.14794921875 0.432861328125 30.948047311842604 23361
90 741.1 592.0523491394742 956.5258552923217 15070.799072265625 0.432861328125 127.23218698527849 30508
100 889.5 698.5243288671662 1077.6057757104666 15070.799072265625 0.432861328125 218.0779957282502 37919
110 906.6 439.4638463711866 904.2450414350833 31059.68896484375 0.432861328125 309.3662884028915 46814
120 776.8 443.4719349854277 941.6239693559248 31059.68896484375 0.432861328125 330.47338325866394 55880
130 881.9 474.50256385028945 926.4411433918463 31079.7841796875 0.432861328125 344.2644332494492 63648
140 808.5 503.8222228060232 1204.0418192424486 31079.7841796875 0.432861328125 360.1139933770771 72467
150 804.8 647.5990043018293 1170.9370512252292 31079.7841796875 0.432861328125 374.53798080051826 80552
160 655.6 503.91219569561434 1334.717582739323 31079.7841796875 0.432861328125 399.3415374273642 88600
170 672.3 369.51682558503563 770.7317646208099 31079.7841796875 0.432861328125 406.54618280554996 95156
180 673.5 379.9277090728232 692.0607463709795 31079.7841796875 0.432861328125 404.1026137815753 101879
190 740.9 429.0926987025913 667.6869182939619 31079.7841796875 0.432861328125 402.60356224849994 108614
200 700.1 430.8763434534464 737.987450766178 31079.7841796875 0.432861328125 404.29510626984364 116023
