20 0.1 2430 0 2430 2430 0 0
30 0.1 5038.0 0.0 5038 2430 2430.0 1
40 0.1 7554.0 0.0 7554 2430 3734.0 2
50 0.1 9803.0 0.0 9803 2430 5007.333333333333 3
60 0.1 12408.0 0.0 12408 2430 6206.25 4
70 0.1 15013.0 0.0 15013 2430 7446.6 5
80 0.1 19282.0 0.0 19282 2430 8707.666666666666 6
90 0.1 19123.0 0.0 19282 2430 10218.285714285714 7
110 0.1 26762.0 0.0 26762 2430 11331.375 8
120 0.1 17696.0 0.0 26762 2430 13045.888888888889 9
130 0.1 17945.0 0.0 26762 2430 13510.9 10
140 0.1 18394.0 0.0 26762 2430 13914.0 11
160 0.1 26527.0 0.0 26762 2430 14287.333333333334 12
170 0.1 18379.0 0.0 26762 2430 15228.846153846154 13
180 0.1 20281.0 0.0 26762 2430 15453.857142857143 14
190 0.1 18439.0 0.0 26762 2430 15775.666666666666 15
200 0.1 16940.0 0.0 26762 2430 15942.125 16
