20 0.1 4807 0 4807 4807 0 0
30 0.1 7087.0 0.0 7087 4807 4807.0 1
40 0.1 9172.0 0.0 9172 4807 5947.0 2
50 0.1 6835.0 0.0 9172 4807 7022.0 3
60 0.1 11211.0 0.0 11211 4807 6975.25 4
70 0.1 9957.0 0.0 11211 4807 7822.4 5
80 0.1 10723.0 0.0 11211 4807 8178.166666666667 6
90 0.1 12732.0 0.0 12732 4807 8541.714285714286 7
100 0.1 11306.0 0.0 12732 4807 9065.5 8
110 0.1 13128.0 0.0 13128 4807 9314.444444444445 9
120 0.1 11728.0 0.0 13128 4807 9695.8 10
130 0.1 13140.0 0.0 13140 4807 9880.545454545454 11
140 0.1 13527.0 0.0 13527 4807 10152.166666666666 12
150 0.1 14897.0 0.0 14897 4807 10411.76923076923 13
160 0.1 17088.0 0.0 17088 4807 10732.142857142857 14
170 0.1 15339.0 0.0 17088 4807 11155.866666666667 15
180 0.1 15082.0 0.0 17088 4807 11417.3125 16
190 0.1 1.46e4 0.0 17088 4807 11632.882352941177 17
200 0.1 14182.0 0.0 17088 4807 11797.722222222223 18
