10 902.5234375 902.5234375
20 909.7859375 1812.309375
30 162.7296875 1975.0390625
40 49.484375 2024.5234375
50 92.165625 2116.6890625
60 41.9765625 2158.665625
70 28.315625 2186.98125
80 81.834375 2268.815625
90 156.6578125 2425.4734375
100 70.9328125 2496.40625
110 78.61875 2575.025
120 44.140625 2619.165625
130 109.453125 2728.61875
140 22.1515625 2750.7703125
150 514.7578125 3265.528125
160 104.1640625 3369.6921875
170 48.659375 3418.3515625
180 112.8015625 3531.153125
190 30.6578125 3561.8109375
200 42.753125 3604.5640625
