0 73.2515625 73.2515625
10 1017.80390625 1091.05546875
20 2063.59140625 3154.646875
30 2716.75078125 5871.39765625
40 3078.859375 8950.25703125
50 2790.59140625 11740.8484375
60 2861.36171875 14602.21015625
70 2897.54140625 17499.7515625
80 2888.684375 20388.4359375
90 2787.284375 23175.7203125
100 2844.65078125 26020.37109375
110 2930.21328125 28950.584375
120 2946.846875 31897.43125
130 2290.76640625 34188.19765625
140 2526.365625 36714.56328125
150 2616.453125 39331.01640625
160 2489.3390625 41820.35546875
170 2798.08984375 44618.4453125
180 2440.66953125 47059.11484375
190 2350.478125 49409.59296875
200 2859.240625 52268.83359375
