10 0.1 1.5170670037926675 0 1.5170670037926675 1.5170670037926675 0 0
20 0.1 6.2847046945986875 0.0 6.2847046945986875 1.5170670037926675 1.5170670037926675 1
30 0.1 11.526946107784433 0.0 11.526946107784433 1.5170670037926675 3.9008858491956775 2
40 0.1 16.695609030017366 0.0 16.695609030017366 1.5170670037926675 6.44290593539193 3
50 0.1 21.181161226015448 0.0 21.181161226015448 1.5170670037926675 9.006081709048289 4
60 0.1 25.0189346124716 0.0 25.0189346124716 1.5170670037926675 11.44109761244172 5
70 0.1 28.593272171253826 0.0 28.593272171253826 1.5170670037926675 13.704070445780033 6
80 0.1 32.11079764042062 0.0 32.11079764042062 1.5170670037926675 15.83109926370486 7
90 0.1 36.38006713142267 0.0 36.38006713142267 1.5170670037926675 17.866061560794332 8
100 0.1 39.53366518208017 0.0 39.53366518208017 1.5170670037926675 19.923173290864145 9
110 0.1 43.25459317585302 0.0 43.25459317585302 1.5170670037926675 21.88422247998575 10
120 0.1 51.19047619047619 0.0 51.19047619047619 1.5170670037926675 23.82698345233732 11
130 0.1 58.12614498822298 0.0 58.12614498822298 1.5170670037926675 26.107274513848893 12
140 0.1 62.43536711478801 0.0 62.43536711478801 1.5170670037926675 28.570264550339207 13
150 0.1 65.32884515794925 0.0 65.32884515794925 1.5170670037926675 30.989200447799835 14
160 0.1 65.28735632183908 0.0 65.32884515794925 1.5170670037926675 33.278510095143126 15
170 0.1 65.82851395524264 0.0 65.82851395524264 1.5170670037926675 35.27906298431162 16
180 0.1 65.51197147223637 0.0 65.82851395524264 1.5170670037926675 37.076089512013446 17
190 0.1 66.26916524701873 0.0 66.26916524701873 1.5170670037926675 38.655860732025836 18
200 0.1 64.8493213710605 0.0 66.26916524701873 1.5170670037926675 40.109192548604405 19
