10 1755.64453125 1755.64453125
20 4618.49609375 6374.140625
30 7626.2734375 14000.4140625
40 10624 24624.4140625
50 14030.2421875 38654.65625
60 16467.39453125 55122.05078125
70 19542.28515625 74664.3359375
80 22503.69921875 97168.03515625
90 25503.046875 122671.08203125
100 27295.00390625 149966.0859375
110 30606.25 180572.3359375
120 31617.1640625 212189.5
130 33371.51171875 245561.01171875
140 35198.484375 280759.49609375
150 35477.63671875 316237.1328125
160 36749.546875 352986.6796875
170 36945.69921875 389932.37890625
180 37022.21484375 426954.59375
190 37526.05078125 464480.64453125
200 36121.53515625 500602.1796875
