10 552.83125 552.83125
20 1455.278125 2008.109375
30 2404.2296875 4412.3390625
40 3342.121875 7754.4609375
50 4421.41328125 12175.87421875
60 5187.934375 17363.80859375
70 6148.48046875 23512.2890625
80 7079.0109375 30591.3
90 8022.17265625 38613.47265625
100 8595.98125 47209.45390625
110 9633.5265625 56842.98046875
120 9954.86875 66797.84921875
130 10522.2875 77320.13671875
140 11083.21953125 88403.35625
150 11185.23203125 99588.58828125
160 11578.32890625 111166.9171875
170 11656.478125 122823.3953125
180 11677.6609375 134501.05625
190 11964.090625 146465.146875
200 11344.10390625 157809.25078125
