10 0.1 1.688508064516129 0 1.688508064516129 1.688508064516129 0 0
20 0.1 14.249874560963372 0.0 14.249874560963372 1.688508064516129 1.688508064516129 1
30 0.1 27.805362462760673 0.0 27.805362462760673 1.688508064516129 7.969191312739751 2
40 0.1 41.21604784450536 0.0 41.21604784450536 1.688508064516129 14.581248362746726 3
50 0.1 51.871389098216525 0.0 51.871389098216525 1.688508064516129 21.239948233186382 4
60 0.1 63.844797178130506 0.0 63.844797178130506 1.688508064516129 27.36623640619241 5
70 0.1 70.69008782936011 0.0 70.69008782936011 1.688508064516129 33.44599653484876 6
80 0.1 78.0060120240481 0.0 78.0060120240481 1.688508064516129 38.766581005493244 7
90 0.1 92.2343594836147 0.0 92.2343594836147 1.688508064516129 43.6715098828126 8
100 0.1 81.78886261019136 0.0 92.2343594836147 1.688508064516129 49.0673820606795 9
120 0.1 81.76393538058507 0.0 92.2343594836147 1.688508064516129 52.339530115630694 10
130 0.1 90.69683908045977 0.0 92.2343594836147 1.688508064516129 55.01447604880836 11
140 0.1 89.02359818142455 0.0 92.2343594836147 1.688508064516129 57.98800630144598 12
160 0.1 90.29355046068139 0.0 92.2343594836147 1.688508064516129 60.37535952298279 13
170 0.1 92.44473062889031 0.0 92.44473062889031 1.688508064516129 62.512373161389824 14
180 0.1 91.9570051890289 0.0 92.44473062889031 1.688508064516129 64.50786365922319 15
190 0.1 90.37253141831239 0.0 92.44473062889031 1.688508064516129 66.22343500483605 16
200 0.1 78.22600243013366 0.0 92.44473062889031 1.688508064516129 67.64397008798171 17
