10 586.8 1.325553119141952 1.431037652669126 35.48193359375 0.281005859375 0 0
20 1500.2 1.2249646498956437 0.6937081837296145 35.48193359375 0.180908203125 1.325553119141952 5868
30 2478.7 1.3099518345522636 1.7200580467018427 249.10107421875 0.180908203125 1.2532470235198574 20870
40 3315 1.9242941058634992 9.84209891107379 1000.7890625 0.180908203125 1.2840318352915518 45657
50 4326.9 3.418530540322595 23.788216931531714 1006.157958984375 0.180908203125 1.553356822532026 78807
60 4999 5.126307932484905 28.247055662920218 1014.080078125 0.180908203125 2.214454840120087 122076
70 5407 58.541712751013 100.50337223969015 1879.60400390625 0.180908203125 3.0604298502168943 172066
80 5651.5 252.7584616164205 372.0610266543622 7498.18994140625 0.10888671875 16.326221084014456 226136
90 5169.5 568.829421941868 982.3190156759247 14986.84814453125 0.075927734375 63.59995467663904 282651
100 5640.4 643.6921450736194 1398.1138598126213 20024.803955078125 0.068115234375 141.71614960726782 334346
110 5544.2 433.96902760306415 1227.6935126104136 30483.27099609375 0.068115234375 214.1754050091465 390750
120 5077.9 551.2202362821954 1445.8488222101607 34193.242919921875 0.068115234375 241.4860650475425 446192
130 5784.8 564.4354245472414 1213.990849820341 44766.0009765625 0.068115234375 273.1337698052133 496971
140 5563.8 522.1646532502798 1151.8075329646613 44967.635986328125 0.068115234375 303.5062302355823 554819
150 5574.4 517.1003005797484 1415.8676169480157 65568.48095703125 0.068115234375 323.435098836797 610457
160 5636.2 655.5084499677096 1634.7669752534896 66356.69189453125 0.068115234375 339.63992741849995 666201
170 5621.7 584.8001396279133 1772.271438482087 79729.5048828125 0.068115234375 364.2785840725475 722563
180 5813.7 658.0475146780893 1989.2209739543207 79729.5048828125 0.068115234375 380.1971493780972 778780
190 5722.8 631.2492871424896 2194.5044869864 92141.43798828125 0.068115234375 399.4982111171294 836917
200 4969.3 863.8989748373396 2571.2267443898622 92141.43798828125 0.068115234375 414.33098497235346 894145
200 98.5 537.5134277343757 1765.631179818803 92141.43798828125 0.068115234375 438.00070596299037 943838
