10 608.14921875 608.14921875
20 1556.51484375 2164.6640625
30 2572.021875 4736.6859375
40 3432.71953125 8169.40546875
50 4489.4015625 12658.80703125
60 5187.65078125 17846.4578125
70 5690.6171875 23537.075
80 5958.50546875 29495.58046875
90 5457.6703125 34953.25078125
100 5810.2546875 40763.50546875
110 5836.803125 46600.30859375
120 5252.2859375 51852.59453125
130 5713.0671875 57565.66171875
140 5966.66015625 63532.321875
150 5796.34140625 69328.66328125
160 5847.228125 75175.89140625
170 6001.47265625 81177.3640625
180 5891.815625 87069.1796875
190 6000.90859375 93070.08828125
200 5127.01796875 98197.10625
200 93.7984375 98290.9046875
