10 89.1 173.09306004927757 354.3670248420464 3628.5458984375 23.827880859375 0 0
20 64.3 2175.0527780393422 1674.840834791809 9251.058837890625 23.827880859375 173.09306004927757 891
30 36.6 7905.0594402375755 2866.775525966962 15557.724853515625 23.827880859375 1012.2456667426359 1534
40 33.5 14491.413789937036 4663.3040247371855 24686.10498046875 23.827880859375 2340.019267321135 1900
50 28 20285.0692905971 5613.380691574583 33850.301025390625 23.827880859375 4161.369229323966 2235
60 32.5 26479.583387169478 7871.975146841077 44050.3740234375 23.827880859375 5956.453132765904 2515
70 33.8 31854.012796435836 10602.501676748467 52506.680908203125 23.827880859375 8305.050785118425 2840
80 33.1 38642.20006033444 12406.89643448522 63973.477783203125 23.827880859375 10809.628871910523 3178
90 30.3 41247.95931070156 14869.596248137474 70168.88305664063 23.827880859375 13435.043822998674 3509
100 30.7 50409.6140136719 17703.275526019606 88561.29296875 23.827880859375 15645.776612288802 3812
110 24.9 57191.789145841176 22471.25458330592 94127.60913085938 23.827880859375 18236.81766162714 4119
120 30.9 70234.31700593524 24529.64771901269 103038.326171875 23.827880859375 20457.4650745322 4368
130 22 74143.61753151631 26933.181862313206 115030.72802734375 23.827880859375 23746.121744791668 4677
140 27.2 83765.15954320572 28487.170893972387 122065.1650390625 23.827880859375 26010.252656182198 4897
150 21.5 93057.90688022351 28691.229939233654 132545.15600585938 23.827880859375 29049.396527969853 5169
160 30 98332.35792805991 29735.386164803833 141374.04907226563 23.827880859375 31605.457026806132 5384
170 27.5 105823.31239701707 28799.177564840957 148966.40502929688 23.827880859375 35127.28501244585 5684
180 24.5 109873.0292201451 29441.524432378395 165965.43579101563 23.827880859375 38389.81354588386 5959
190 28.5 114197.73251696136 34145.32905979095 172925.62084960938 23.827880859375 41212.73228221429 6204
200 26.1 127747.13100155651 38455.02150759665 184494.28100585938 23.827880859375 44418.26858471127 6489
201 0.3 131035.6416829427 19724.505706855227 184494.28100585938 23.827880859375 47640.317931495956 6750
