20 0.1 4739 0 4739 4739 0 0
30 0.1 7255.0 0.0 7255 4739 4739.0 1
40 0.1 10129.0 0.0 10129 4739 5997.0 2
50 0.1 9230.0 0.0 10129 4739 7374.333333333333 3
60 0.1 11851.0 0.0 11851 4739 7838.25 4
70 0.1 8980.0 0.0 11851 4739 8640.8 5
80 0.1 12214.0 0.0 12214 4739 8697.333333333334 6
90 0.1 9206.0 0.0 12214 4739 9199.714285714286 7
100 0.1 14683.0 0.0 14683 4739 9200.5 8
110 0.1 14327.0 0.0 14683 4739 9809.666666666666 9
120 0.1 15010.0 0.0 15010 4739 10261.4 10
130 0.1 14817.0 0.0 15010 4739 10693.09090909091 11
140 0.1 15427.0 0.0 15427 4739 11036.75 12
150 0.1 14781.0 0.0 15427 4739 11374.461538461539 13
160 0.1 15408.0 0.0 15427 4739 11617.785714285714 14
170 0.1 16470.0 0.0 16470 4739 11870.466666666667 15
180 0.1 20438.0 0.0 20438 4739 12157.9375 16
190 0.1 14676.0 0.0 20438 4739 12645.0 17
200 0.1 18822.0 0.0 20438 4739 12757.833333333334 18
