20 0.1 3525 0 3525 3525 0 0
30 0.1 5205.0 0.0 5205 3525 3525.0 1
40 0.1 7038.0 0.0 7038 3525 4365.0 2
50 0.1 6830.0 0.0 7038 3525 5256.0 3
60 0.1 8503.0 0.0 8503 3525 5649.5 4
70 0.1 6771.0 0.0 8503 3525 6220.2 5
80 0.1 8893.0 0.0 8893 3525 6312.0 6
90 0.1 6984.0 0.0 8893 3525 6680.714285714285 7
100 0.1 10795.0 0.0 10795 3525 6718.625 8
110 0.1 10610.0 0.0 10795 3525 7171.555555555556 9
120 0.1 11085.0 0.0 11085 3525 7515.4 10
130 0.1 11008.0 0.0 11085 3525 7839.909090909091 11
140 0.1 11537.0 0.0 11537 3525 8103.916666666667 12
150 0.1 11245.0 0.0 11537 3525 8368.0 13
160 0.1 11503.0 0.0 11537 3525 8573.5 14
170 0.1 12666.0 0.0 12666 3525 8768.8 15
180 0.1 14519.0 0.0 14519 3525 9012.375 16
190 0.1 11270.0 0.0 14519 3525 9336.29411764706 17
200 0.1 13984.0 0.0 14519 3525 9443.722222222223 18
