10 1063.9453125 1063.9453125
20 1229.0625 2293.0078125
30 1209.2578125 3502.265625
40 1173.1640625 4675.4296875
50 1150.78125 5826.2109375
60 1157.109375 6983.3203125
70 1162.1484375 8145.46875
80 1179.0234375 9324.4921875
90 1137.890625 10462.3828125
100 1153.125 11615.5078125
110 1117.265625 12732.7734375
120 1125.9375 13858.7109375
130 1123.125 14981.8359375
140 1136.6015625 16118.4375
150 1086.796875 17205.234375
160 1116.5625 18321.796875
170 1089.4921875 19411.2890625
180 1126.9921875 20538.28125
190 1117.1484375 21655.4296875
200 1088.90625 22744.3359375
201 22.265625 22766.6015625
