10 0.1 20.609137055837564 0 20.609137055837564 20.609137055837564 0 0
20 0.1 45.73560767590618 0.0 45.73560767590618 20.609137055837564 20.609137055837564 1
30 0.1 86.37295081967213 0.0 86.37295081967213 20.609137055837564 33.17237236587187 2
40 0.1 100.0 0.0 100.0 20.609137055837564 50.90589851713863 3
50 0.1 100.0 0.0 100.0 20.609137055837564 63.17942388785397 4
60 0.1 100.0 0.0 100.0 20.609137055837564 70.54353911028318 5
70 0.1 100.0 0.0 100.0 20.609137055837564 75.45294925856932 6
80 0.1 100.0 0.0 100.0 20.609137055837564 78.95967079305942 7
90 0.1 100.0 0.0 100.0 20.609137055837564 81.58971194392699 8
100 0.1 100.0 0.0 100.0 20.609137055837564 83.63529950571288 9
110 0.1 100.0 0.0 100.0 20.609137055837564 85.27176955514159 10
120 0.1 100.0 0.0 100.0 20.609137055837564 86.61069959558326 11
130 0.1 100.0 0.0 100.0 20.609137055837564 87.72647462928465 12
140 0.1 100.0 0.0 100.0 20.609137055837564 88.67059196549351 13
150 0.1 100.0 0.0 100.0 20.609137055837564 89.4798353965297 14
160 0.1 100.0 0.0 100.0 20.609137055837564 90.18117970342772 15
170 0.1 100.0 0.0 100.0 20.609137055837564 90.79485597196349 16
180 0.1 100.0 0.0 100.0 20.609137055837564 91.33633503243622 17
190 0.1 100.0 0.0 100.0 20.609137055837564 91.81764975285643 18
200 0.1 100.0 0.0 100.0 20.609137055837564 92.24829976586398 19
