20 0.1 2492 0 2492 2492 0 0
30 0.1 4939.0 0.0 4939 2492 2492.0 1
40 0.1 6855.0 0.0 6855 2492 3715.5 2
50 0.1 8656.0 0.0 8656 2492 4762.0 3
60 0.1 7179.0 0.0 8656 2492 5735.5 4
70 0.1 8777.0 0.0 8777 2492 6024.2 5
80 0.1 8656.0 0.0 8777 2492 6483.0 6
90 0.1 9261.0 0.0 9261 2492 6793.428571428572 7
100 0.1 10420.0 0.0 10420 2492 7101.875 8
110 0.1 9364.0 0.0 10420 2492 7470.555555555556 9
120 0.1 11104.0 0.0 11104 2492 7659.9 10
130 0.1 11827.0 0.0 11827 2492 7973.0 11
140 0.1 13082.0 0.0 13082 2492 8294.166666666666 12
150 0.1 13353.0 0.0 13353 2492 8662.461538461539 13
160 0.1 13109.0 0.0 13353 2492 8997.5 14
170 0.1 14215.0 0.0 14215 2492 9271.6 15
180 0.1 12920.0 0.0 14215 2492 9580.5625 16
190 0.1 16026.0 0.0 16026 2492 9777.0 17
200 0.1 15486.0 0.0 16026 2492 10124.166666666666 18
