10 61 19.012170610271525 9.665735361353338 88.914794921875 10.27197265625 0 0
20 133.3 207.51726640156124 243.77748579443417 786.67919921875 10.27197265625 19.012170610271525 610
30 123.2 2878.0506431282342 1265.4371419042257 5075.076904296875 10.27197265625 148.3365621129937 1943
40 165.8 7003.142674721054 1387.215043626868 9036.587158203125 10.27197265625 1207.5516007935532 3175
50 143.7 12068.65909372008 1465.1744839921419 14801.240966796875 10.27197265625 3195.7763060639436 4833
60 165 17362.32267578127 1627.3154243386496 22009.7890625 10.27197265625 5229.3221698377665 6270
70 145.5 21204.75173633487 2471.7179901420072 27564.882080078125 10.27197265625 7757.030608575996 7920
80 160.6 22197.912566188566 4987.833696711666 40328.553955078125 10.27197265625 9844.116927604173 9375
90 151.5 23480.246662766862 6629.28085030155 49691.173828125 10.27197265625 11650.8918839439 10981
100 155.7 24375.57356739473 8857.695228385242 52690.116943359375 10.27197265625 13085.068619692682 12496
110 158.4 23983.71953821664 8522.3034716651 52690.116943359375 10.27197265625 14335.998400064993 14053
120 148.8 25548.027675177458 9684.183053678144 52690.116943359375 10.27197265625 15313.295214212989 15637
130 168.3 25461.144487876216 9195.44172686151 91539.78588867188 10.27197265625 16202.596347171537 17125
140 137.6 33764.88236662397 24680.720181412573 97588.22094726563 10.27197265625 17031.08084955382 18808
150 158.4 39384.81738928581 30234.29485234074 106398.291015625 10.27197265625 18171.87112340878 20184
160 158.6 49339.65642471601 32676.382433528437 119747.1259765625 10.27197265625 19715.4813257769 21768
170 134.3 45183.47042571723 31646.50176664546 124139.88403320313 10.27197265625 21727.296933677793 23354
180 165.3 45171.38847027066 32656.88737167849 134573.43017578125 10.27197265625 23002.821936706867 24697
190 141.6 55698.098115737805 35785.626092405095 135637.42993164063 10.27197265625 24393.510379969903 26350
200 151.6 50165.36001949259 35472.5876544078 142058.17797851563 10.27197265625 25989.969943243235 27766
