10 61.1 19.932420196782946 6.9717988463913825 45.06005859375 10.425048828125 0 0
20 126.9 359.8429852569078 461.6185815278493 1474.10400390625 10.425048828125 19.932420196782946 611
30 122.6 3643.2682510052396 1208.502162025817 5822.570068359375 10.425048828125 249.37205161236724 1880
40 157.7 7425.696056378064 1401.0143914916753 9831.848876953125 10.425048828125 1589.0104097758126 3106
50 143.7 12421.468540857953 1500.5050707704931 15175.981201171875 10.425048828125 3554.5139896800943 4683
60 149.9 17780.953493246707 1537.4570237059424 20958.363037109375 10.425048828125 5636.509690667444 6120
70 147 21202.68394899951 2407.8591027313414 27776.781005859375 10.425048828125 8025.868039540828 7619
80 145.8 21762.774498456776 3674.484801922613 38572.001953125 10.425048828125 10157.006711221351 9089
90 159.1 23135.93706205068 5983.7415273444085 50564.1640625 10.425048828125 11761.369035464193 10547
100 140.5 28943.61483645184 10515.001154501851 52587.049072265625 10.425048828125 13252.301456810306 12138
110 145.9 25650.969159634176 8671.272948124099 65549.55200195313 10.425048828125 14880.175288191564 13543
120 147.4 25507.040253886385 8243.550116505063 65549.55200195313 10.425048828125 15927.674838813797 15002
130 141.1 26950.154992961263 10667.03354603898 78079.50512695313 10.425048828125 16784.67803266042 16476
140 150.1 35656.16721924973 25737.599292635216 99522.32421875 10.425048828125 17586.572592451583 17887
150 122.9 46705.420835862875 31770.72051031494 107906.833984375 10.425048828125 18985.502937759196 19388
160 147.5 39180.69261950476 25326.616055201306 111628.58984375 10.425048828125 20637.914981061782 20617
170 135.5 45655.97910876962 31637.460574407978 124049.55102539063 10.425048828125 21875.946712761193 22092
180 139.2 50956.19212358847 34453.522753135745 124049.55102539063 10.425048828125 23250.1926246728 23447
190 149.4 52064.379372306954 36281.38308414499 133400.498046875 10.425048828125 24802.861866691022 24839
200 152.2 52454.99774627086 34101.61760872292 152287.92407226563 10.425048828125 26349.541210229174 26333
