10 834.6 0.9462177451211657 0.32010860376522965 11.378173828125 0.416015625 0 0
20 1731.2 1.9426866062467525 28.38656857099975 1004.972900390625 0.375 0.9462177451211657 8346
30 2149 54.94115993948855 154.539272709312 1664.203125 0.375 1.618556544864176 25658
40 1559.1 198.30956674223228 358.5837333979849 3064.89794921875 0.375 25.92293312394447 47148
50 667.1 734.260896664727 1662.4491646558065 8656.426025390625 0.375 68.76199662101529 62739
60 462.1 2021.7749365266043 4436.837989386233 16572.315185546875 0.375 132.72314288512135 69410
70 298.4 1199.3419598535966 3729.3755445832835 31165.827880859375 0.375 250.6373725783214 74031
80 262.7 2373.3962726687337 5048.9757078531675 31165.827880859375 0.375 287.3955948522865 77015
90 4.4 9450.399636008522 10805.713907516161 31165.827880859375 0.375 356.20255324890894 79642
100 747 2866.0247188297462 6473.192395757884 32617.203125 0.375 361.2240711020001 79686
110 486.8 4079.4932935051756 9099.529438135238 32617.203125 0.375 575.906489277757 87156
120 426.7 4338.660879860617 8324.79909471789 32774.18212890625 0.375 761.24358137307 92024
130 294.6 4870.6701737226995 8157.9894467217055 32774.18212890625 0.375 919.7717887096472 96291
140 560.2 5375.061299954264 7764.207887078586 32774.18212890625 0.375 1037.060165446635 99237
150 706.4 5724.784317690537 8745.048656794968 32774.18212890625 0.375 1268.858278319819 104839
160 707.7 5759.350188109356 9261.316919954585 32774.18212890625 0.375 1550.1435123360181 111903
170 419.8 4248.733878983946 6389.257629289393 32774.18212890625 0.375 1800.509587680176 118980
180 1.8 6682.105523003473 9831.897174285017 32774.18212890625 0.375 1883.9469350546524 123178
190 527.6 12534.521174710639 12305.197224395155 32774.18212890625 0.375 1884.6479874799184 123196
200 698.8 6589.740035163516 10108.437263008544 32774.18212890625 0.375 2322.0096766871334 128472
