10 83.3 45.96347181450704 287.0350821147709 5280.716064453125 17.06103515625 0 0
20 172.8 59.68552200882518 146.77887660367065 5280.716064453125 16.576904296875 45.96347181450704 833
30 165 1216.2822148733417 1439.9021936807492 5574.044921875 16.576904296875 55.22223898974395 2561
40 113.6 3956.149910080601 2087.355215507243 11235.052001953125 16.576904296875 510.1614363794225 4211
50 17.9 14383.287088916288 2804.9499939482293 23226.028076171875 16.576904296875 1242.280925087958 5347
60 9.4 21877.272868704284 2783.0548878993313 29473.44384765625 16.576904296875 1667.9486962289768 5526
70 6.2 34077.221585181454 2616.583782603084 39139.116943359375 16.576904296875 2005.9694208219803 5620
80 4.3 39535.89423033249 2952.9828317961706 49636.774169921875 16.576904296875 2355.919726029704 5682
90 0.4 51582.22473144531 1944.9296928679018 54530.16796875 16.576904296875 2635.1754297301445 5725
100 17.5 60805.63806919643 2690.8296294554993 67963.4599609375 16.576904296875 2669.350363786151 5729
110 12.5 67988.33936914073 3938.0025541116393 75775.59912109375 16.576904296875 4392.563498685677 5904
120 9.5 73934.78622789885 4931.501008351337 86781.65893554688 16.576904296875 5711.102557203985 6029
130 5.4 83035.4514521846 5229.635019221294 96850.33911132813 16.576904296875 6769.438603695823 6124
140 2.5 98898.05963867187 4632.717544685325 108441.67919921875 16.576904296875 7436.056391623695 6178
150 8.1 105881.193690924 9041.7402330356 118581.3388671875 16.576904296875 7804.676427280023 6203
160 6.2 113200.14753969254 10651.679207024557 126416.77807617188 16.576904296875 9068.870873230877 6284
170 6.2 123324.43675576487 11138.155541765325 138547.87622070313 16.576904296875 10086.226554497915 6346
180 1.7 124544.81833065258 18934.269614026824 143616.6767578125 16.576904296875 11181.852183786077 6408
190 1.8 145200.67156304253 15496.152594058145 156330.40600585938 16.576904296875 11481.800887987903 6425
200 4.1 150339.38093083078 16616.246465435604 167336.52294921875 16.576904296875 11855.375258956548 6443
