10 834.4 4.454990639325414 90.953556629986 5261.625 1.193115234375 0 0
20 1731.1 5.876660074451378 46.9390557103701 5261.625 1.0380859375 4.454990639325414 8344
30 2103.4 166.03832031667798 292.0222045419003 5261.625 1.0380859375 5.41427809173101 25655
40 1366.7 1011.0994396001771 1264.9798992596748 5273.489013671875 1.0380859375 77.77749221410532 46689
50 556.1 4018.106177903664 1889.8843900502643 12131.159912109375 1.0380859375 289.11871852011376 60356
60 394.7 4654.3204241477815 3196.1400797580472 22085.34814453125 1.0380859375 603.7097839756401 65917
70 309 12460.242227874069 7922.368323115347 32366.055908203125 1.0380859375 832.5509639361268 69864
80 221 7201.2376605141735 7182.906223686262 39907.506103515625 1.0380859375 1325.0471396847936 72954
90 23.6 39028.49653237551 8873.231485186632 52507.10595703125 1.0380859375 1497.8210879982541 75164
100 566.8 13917.045963866112 13791.274964769547 59113.091064453125 1.0380859375 1615.2911066305226 75400
110 494 12261.858714387085 12414.649143260367 71089.98193359375 1.0380859375 2475.3881428323693 81068
120 402.4 14485.370508394944 14487.160195772984 81535.2890625 1.0380859375 3037.488931404134 86008
130 328 19226.91419432098 14892.456360185002 92436.82788085938 1.0380859375 3549.1545110403854 90032
140 337.8 25253.305585139628 21139.767186465684 100996.16186523438 1.0380859375 4100.24174270577 93312
150 654.8 17603.324724890666 19606.133515790443 110303.74389648438 1.0380859375 4839.253529444229 96690
160 668.2 18643.14062211351 20500.128423155937 118814.26000976563 1.0380859375 5648.830799323374 103238
170 597.2 25776.071090708487 23022.090885012836 129138.97412109375 1.0380859375 6438.750543099609 109920
180 274.5 29337.11370780682 21517.352113733934 141488.80419921875 1.0380859375 7435.216893756429 115892
190 270.8 26218.87000431303 22180.292108816026 142851.75 1.0380859375 7941.978753501436 118637
200 533.3 20578.783233980317 17515.233400828376 142851.75 1.0380859375 8349.855645892534 121345
