10 83.8 47.91763167278863 286.172727529234 5283.411865234375 18.656982421875 0 0
20 173 61.54608556493857 146.68402178733842 5283.411865234375 18.174072265625 47.91763167278863 838
30 175 1338.2018143136172 1487.5415366184254 5820.4580078125 18.174072265625 57.098794146861614 2568
40 104.7 4146.071034661907 2262.458956978583 11236.97509765625 18.174072265625 576.3045109814661 4318
50 17.7 15247.23143289857 2609.3260518621055 23227.66796875 18.174072265625 1272.957922033362 5365
60 7.9 22584.79897955399 2684.1819318365438 29476.27783203125 18.174072265625 1719.2672709007638 5542
70 6.1 34176.78913053921 2523.1751480054863 39140.9921875 18.174072265625 2012.5206074927592 5621
80 4.3 39537.67035905705 2952.9001223798664 49638.238037109375 18.174072265625 2357.825144610998 5682
90 0.4 51584.87823486328 1946.6113584929883 54535.927001953125 18.174072265625 2637.0798772260514 5725
100 17.6 60810.506207552826 2683.4439770287604 67964.94799804688 18.174072265625 2671.2553342744977 5729
110 12.4 68044.13554136209 3907.5905076118697 75778.1669921875 18.174072265625 4404.110229058068 5905
120 21.6 50021.191631175854 26721.929227384866 88576.54516601563 18.174072265625 5713.011064806236 6029
130 3.5 84624.19656110491 5157.57866486955 96852.3408203125 18.174072265625 7245.527798566978 6245
140 3.1 98035.45874810989 6328.921252472623 109951.76904296875 18.174072265625 7676.778341033352 6280
150 9.2 97400.53324027685 22663.684224471664 118934.55590820313 18.174072265625 8120.625448087602 6311
160 6.5 114448.44878680889 10724.64508022159 127731.50708007813 18.174072265625 9403.4228113363 6403
170 5.7 123022.42156232867 11562.20234886347 138549.97412109375 18.174072265625 10459.070103916034 6468
180 1.7 124546.47485351563 18934.239911706904 143618.64208984375 18.174072265625 11442.382139644697 6525
190 4.2 97344.707438151 50048.11786979416 156331.88500976563 18.174072265625 11736.293722667595 6542
200 3.8 150155.923410516 17227.93988570808 167338.4501953125 18.174072265625 12282.398427413997 6584
