10 585 0.9042848557692308 0.22705516231745299 4.346923828125 0.383056640625 0 0
20 1375.8 17.525327788689957 127.75843041012362 1004.7060546875 0.361083984375 0.9042848557692308 5850
30 1588.2 281.2173531473081 738.9232926488721 7024.43798828125 0.361083984375 12.566479300440966 19608
40 1576.3 938.1387242716074 1681.6983688639502 15037.0830078125 0.361083984375 132.78944854349376 35490
50 1509.5 1644.5264462602754 2984.0972555204685 15048.18701171875 0.361083984375 380.4768157864309 51253
60 1542.5 1903.0464398836352 3823.4143341657195 31080.157958984375 0.361083984375 668.0639197232892 66348
70 1527.9 2975.1485700763956 5843.644224928152 31091.244140625 0.30078125 901.0210739609147 81773
80 1562.8 3011.7540523469456 6025.121611192691 31099.60302734375 0.30078125 1227.5531805960013 97052
90 1533.7 3306.763164698602 6410.549038492835 31111.726806640625 0.30078125 1475.0105042002235 112680
100 1505.8 2954.67392049245 6007.067658544941 31111.726806640625 0.30078125 1694.4625344310805 128017
110 1534 3636.8401854672975 7169.43020415381 31111.726806640625 0.30078125 1827.0941126335065 143075
120 1534.1 3661.9544337567268 7120.169762533883 31111.726806640625 0.30078125 2002.3395424051214 158415
130 1547.1 3530.9298331227546 7144.566237000115 31111.726806640625 0.30078125 2148.867731637292 173756
140 1517.2 3770.3304627929183 7147.592620189001 31111.726806640625 0.30078125 2261.863671815393 189227
150 1517.8 3803.5720602657025 7355.596265148688 31111.726806640625 0.30078125 2373.833192961343 204399
160 1522.2 3876.892150951079 7580.1800861494985 31111.726806640625 0.30078125 2472.6621984033773 219577
170 1534.3 3905.1061397826734 7418.106723279209 31111.726806640625 0.30078125 2563.6983115796734 234799
180 1534.3 3940.41165439795 7576.833936131738 31111.726806640625 0.30078125 2645.9764588245125 250142
190 1525.4 3701.1119811299486 7310.637843562986 31111.726806640625 0.30078125 2720.7849007541254 265485
200 1493.3 3556.3997379211814 7180.663528790153 31116.94482421875 0.30078125 2774.0511348151317 280739
