10 606.2734375 606.2734375
20 1427.1828125 2033.45625
30 1647.9421875 3681.3984375
40 1633.91328125 5315.31171875
50 1564.40390625 6879.715625
60 1599.37734375 8479.09296875
70 1583.87265625 10062.965625
80 1619.884375 11682.85
90 1590.62734375 13273.47734375
100 1561.7546875 14835.23203125
110 1590.365625 16425.59765625
120 1591.34921875 18016.946875
130 1604.92890625 19621.87578125
140 1573.778125 21195.65390625
150 1573.8609375 22769.51484375
160 1578.9140625 24348.42890625
170 1590.84140625 25939.2703125
180 1590.97890625 27530.24921875
190 1582.5953125 29112.84453125
200 1548.665625 30661.51015625
