10 941.5 0.9965870100072968 0.8342345889086621 36.22900390625 0.3798828125 0 0
20 1828.1 2.4950751730365526 36.20276554321878 1002.653076171875 0.346923828125 0.9965870100072968 9415
30 2759.7 10.898050326957518 73.02114722457235 2531.347900390625 0.346923828125 1.985677929574665 27696
40 2925.2 135.81345534666985 446.94602140551325 7036.0009765625 0.346923828125 6.433885497450791 55293
50 2989.6 419.664606998271 1083.2978366320888 15050.843017578125 0.346923828125 51.19834439187809 84545
60 3017.4 835.9732375464519 2091.3322843768046 15072.406005859375 0.346923828125 147.4546457775766 114441
70 3123 844.5116320538895 2432.3131715486197 31104.60205078125 0.346923828125 291.114432024052 144615
80 2788.6 1119.9733494759305 3509.6635914718827 31136.97216796875 0.346923828125 389.3975481600344 175845
90 2883.8 1261.3267663783358 3730.4434698522405 31136.97216796875 0.346923828125 489.3962562383096 203731
100 2965.3 1169.1664923961675 3692.8139524002345 31136.97216796875 0.346923828125 585.1137940503914 232569
110 3089.4 1170.6762030709936 3543.299307267164 31136.97216796875 0.346923828125 651.1605584868129 262222
120 3104.7 1207.8378959801064 3882.0351120031173 32641.033203125 0.346923828125 705.9167516792135 293116
130 3037.6 1408.962798107796 4408.410357305323 32641.033203125 0.346923828125 753.9886962475628 324163
140 3133.9 1297.1549366778354 3869.8055295781473 32641.033203125 0.346923828125 810.1052118300698 354539
150 2954.8 1286.1898160970384 3751.3370331530655 32641.033203125 0.346923828125 849.6608520246498 385878
160 2943.6 1699.531443705133 4569.6581567478715 32641.033203125 0.346923828125 880.7098422910533 415426
170 3079.9 1515.1815105762669 4438.291377138842 32641.033203125 0.346923828125 934.8903132218697 444862
180 2990.3 1860.164782601767 5227.361675066333 32641.033203125 0.346923828125 972.4641075571591 475661
190 3004.3 1461.3116618296312 4406.821206174727 32641.033203125 0.346923828125 1024.969652425581 505564
200 3083 1526.6197873165365 4674.3346243911965 32641.033203125 0.346923828125 1049.444730213074 535607
