10 0.1 2955.1953125 0 2955.1953125 2955.1953125 0 0
20 0.1 2955.453125 0.0 2955.453125 2955.1953125 2955.1953125 1
30 0.1 2956.19921875 0.0 2956.19921875 2955.1953125 2955.32421875 2
40 0.1 2954.40234375 0.0 2956.19921875 2954.40234375 2955.6158854166665 3
50 0.1 2946.46484375 0.0 2956.19921875 2946.46484375 2955.3125 4
60 0.1 2945.8359375 0.0 2956.19921875 2945.8359375 2953.54296875 5
70 0.1 2944.1015625 0.0 2956.19921875 2944.1015625 2952.2584635416665 6
80 0.1 2944.859375 0.0 2956.19921875 2944.1015625 2951.093191964286 7
90 0.1 2944.49609375 0.0 2956.19921875 2944.1015625 2950.31396484375 8
100 0.1 2945.50390625 0.0 2956.19921875 2944.1015625 2949.667534722222 9
110 0.1 2944.67578125 0.0 2956.19921875 2944.1015625 2949.251171875 10
120 0.1 2943.4765625 0.0 2956.19921875 2943.4765625 2948.8352272727275 11
130 0.1 2941.84375 0.0 2956.19921875 2941.84375 2948.388671875 12
140 0.1 2943.1796875 0.0 2956.19921875 2941.84375 2947.885216346154 13
150 0.1 2942.50390625 0.0 2956.19921875 2941.84375 2947.5491071428573 14
160 0.1 2940.34375 0.0 2956.19921875 2940.34375 2947.2127604166667 15
170 0.1 2940.546875 0.0 2956.19921875 2940.34375 2946.783447265625 16
180 0.1 2939.60546875 0.0 2956.19921875 2939.60546875 2946.4165900735293 17
190 0.1 2939.7578125 0.0 2956.19921875 2939.60546875 2946.0381944444443 18
200 0.1 2937.42578125 0.0 2956.19921875 2937.42578125 2945.707648026316 19
