10 59.1 13.615205045077206 2.607027666023691 28.01318359375 9.73193359375 0 0
20 151 17.697948410337347 8.418009645088544 59.35107421875 9.625 13.615205045077206 591
30 226.4 155.4763915799954 197.03023318014692 728.369873046875 9.625 16.54949466028083 2101
40 197.6 2717.551948084038 1209.6835369350756 4933.4501953125 9.625 88.60688174532866 4365
50 219.1 6235.465569709005 937.0974882089836 9912.69091796875 9.625 907.8460318928273 6341
60 242 7861.702657500973 2710.9852050815343 20864.108154296875 9.625 2275.967739271548 8532
70 238.9 11609.067031470759 5710.510449596434 23028.160888671875 9.625 3510.2152285077796 10952
80 237.3 10119.345577402353 5601.280991503739 37615.8330078125 9.625 4960.493090533007 13341
90 239.2 11697.770575992237 8145.07651498045 38369.762939453125 9.625 5739.540879214498 15714
100 249.2 12155.88368697801 8815.136965138296 40269.887939453125 9.625 6526.687981539272 18106
110 240.4 12232.250706118866 9464.394187620524 63411.696044921875 9.625 7207.722824628569 20598
120 225.5 15860.847380712135 14723.46405293126 81750.55908203125 9.625 7732.849553917443 23002
130 246.6 20655.305754253957 23624.62899135733 87488.0029296875 9.625 8458.53491240903 25257
140 227.6 25159.92127247895 26849.436641677425 98138.078125 9.625 9543.454902885876 27723
150 211.1 26820.583397095936 28289.779502531263 98513.76684570313 9.625 10728.263645083744 29999
160 245.2 28413.71751953919 30027.384701041123 116450.56396484375 9.625 11786.217148556112 32110
170 220.2 25360.83524343992 27809.034479441347 119400.28979492188 9.625 12965.854637985269 34562
180 244.5 29434.388551851636 30037.595688228568 124462.65795898438 9.625 13708.258818520879 36764
190 204.8 34106.264464855114 32236.19236253388 135614.77490234375 9.625 14688.910893248458 39209
200 235.1 32756.918353808935 32015.685409933016 146465.28515625 9.625 15652.789510565532 41257
