10 0.1 2.515723270440252 0 2.515723270440252 2.515723270440252 0 0
20 0.1 19.96955087541233 0.0 19.96955087541233 2.515723270440252 2.515723270440252 1
30 0.1 37.05838135805563 0.0 37.05838135805563 2.515723270440252 11.242637072926291 2
40 0.1 43.9 0.0 43.9 2.515723270440252 19.847885167969405 3
50 0.1 55.394242803504376 0.0 55.394242803504376 2.515723270440252 25.860913875977054 4
60 0.1 67.15145436308927 0.0 67.15145436308927 2.515723270440252 31.767579661482518 5
70 0.1 75.02502502502503 0.0 75.02502502502503 2.515723270440252 37.66489211175031 6
80 0.1 75.6885327991988 0.0 75.6885327991988 2.515723270440252 43.00205395650385 7
90 0.1 94.65648854961832 0.0 94.65648854961832 2.515723270440252 47.08786381184072 8
100 0.1 90.17499472907443 0.0 94.65648854961832 2.515723270440252 52.373266560482676 9
120 0.1 87.97976273551988 0.0 94.65648854961832 2.515723270440252 56.153439377341854 10
130 0.1 83.8381972663465 0.0 94.65648854961832 2.515723270440252 59.04674150081258 11
140 0.1 92.05808533524561 0.0 94.65648854961832 2.515723270440252 61.112696147940405 12
150 0.1 89.38423645320196 0.0 94.65648854961832 2.515723270440252 63.493110700810035 13
170 0.1 85.49924736578023 0.0 94.65648854961832 2.515723270440252 65.34247682598088 14
180 0.1 79.45736434108527 0.0 94.65648854961832 2.515723270440252 66.68626152863416 15
190 0.1 93.55966050923614 0.0 94.65648854961832 2.515723270440252 67.48445545441236 16
200 0.1 94.63331195210604 0.0 94.65648854961832 2.515723270440252 69.01829104587259 17
