10 557.359375 557.359375
20 1590.28515625 2147.64453125
30 2582.409375 4730.05390625
40 3402.5875 8132.64140625
50 4357.88984375 12490.53125
60 5311.42109375 17801.95234375
70 5325.81875 23127.77109375
80 5374.15625 28501.92734375
90 5591.78828125 34093.715625
100 5679.1515625 39772.8671875
110 5771.02421875 45543.89140625
120 5035.81484375 50579.70625
130 5382.23203125 55961.93828125
140 5687.23359375 61649.171875
150 5569.81953125 67218.99140625
160 5482.4703125 72701.46171875
170 5034.24375 77735.70546875
180 5674.284375 83409.98984375
190 5749.88515625 89159.875
200 5689.703125 94849.578125
