0 0.1 2013.02734375 0 2013.02734375 2013.02734375 0 0
10 0.1 2020.55859375 0.0 2020.55859375 2013.02734375 2013.02734375 1
20 0.1 2028.90625 0.0 2028.90625 2013.02734375 2016.79296875 2
30 0.1 2041.4453125 0.0 2041.4453125 2013.02734375 2020.8307291666667 3
40 0.1 2048.9453125 0.0 2048.9453125 2013.02734375 2025.984375 4
50 0.1 2053.25390625 0.0 2053.25390625 2013.02734375 2030.5765625 5
60 0.1 2046.40625 0.0 2053.25390625 2013.02734375 2034.3561197916667 6
70 0.1 2034.9765625 0.0 2053.25390625 2013.02734375 2036.0775669642858 7
80 0.1 2024.953125 0.0 2053.25390625 2013.02734375 2035.93994140625 8
90 0.1 2029.546875 0.0 2053.25390625 2013.02734375 2034.7191840277778 9
110 0.1 2024.78515625 0.0 2053.25390625 2013.02734375 2034.201953125 10
120 0.1 2022.609375 0.0 2053.25390625 2013.02734375 2033.3458806818182 11
130 0.1 2020.99609375 0.0 2053.25390625 2013.02734375 2032.451171875 12
140 0.1 2010.78125 0.0 2053.25390625 2010.78125 2031.5700120192307 13
150 0.1 2001.93359375 0.0 2053.25390625 2001.93359375 2030.0851004464287 14
160 0.1 2000.29296875 0.0 2053.25390625 2000.29296875 2028.2083333333333 15
180 0.1 1994.08984375 0.0 2053.25390625 1994.08984375 2026.463623046875 16
190 0.1 1986.43359375 0.0 2053.25390625 1986.43359375 2024.5592830882354 17
200 0.1 1986.48046875 0.0 2053.25390625 1986.43359375 2022.441189236111 18
