10 53.6 37.24488352305856 45.45343947795629 362.755126953125 16.548095703125 0 0
20 145.7 34.909581673333484 85.60532868266428 2052.080078125 16.052001953125 37.24488352305856 536
30 236 156.25682455806412 533.0236366569142 21734.948974609375 16.052001953125 35.53764077591885 1993
40 273.7 790.5914154554471 724.4622902933502 21734.948974609375 16.052001953125 100.98613003065417 4353
50 259.7 3124.143644935866 1359.371478623854 28001.487060546875 16.052001953125 367.1990589739064 7090
60 212.5 6382.972559512874 2298.4337768304895 28001.487060546875 16.052001953125 1106.3117966370849 9687
70 319.4 10635.726741898266 3808.888264455117 38960.9169921875 16.052001953125 2055.592538349839 11812
80 285.4 11838.148543573723 6407.286019857635 63576.534912109375 16.052001953125 3881.858608330758 15006
90 315.4 13237.19970184498 7704.547086046525 63576.534912109375 16.052001953125 5153.26126651572 17860
100 281.5 15418.290676083068 8805.138014896818 63576.534912109375 16.052001953125 6366.582948490998 21014
110 308.8 14946.225032272732 9105.444117634983 63576.534912109375 16.052001953125 7435.89165859934 23829
120 307.8 15451.132582319338 10026.120627318624 69233.14599609375 16.052001953125 8297.499915756654 26917
130 333.2 16540.159328648497 10393.841285188108 77601.63500976563 16.052001953125 9031.584974855836 29995
140 290.9 15989.534770274526 11204.842863573718 79157.59497070313 16.052001953125 9782.284700208766 33327
150 302.4 15559.661876214244 12225.917546994418 97148.4140625 16.052001953125 10280.598268312897 36236
160 297.8 16751.455372274206 12167.413881192293 97148.4140625 16.052001953125 10687.217941015231 39260
170 274.3 18231.821112743604 13067.18183554713 97148.4140625 16.052001953125 11114.77840955752 42238
180 306.8 18815.867331772126 12752.268688111091 100503.81689453125 16.052001953125 11548.784948648236 44981
190 299.5 20412.48195535853 13441.762767114036 100503.81689453125 16.052001953125 12012.798950009848 48049
200 300.5 20460.396006980613 15680.427304059736 141555.51196289063 16.052001953125 12505.649247812124 51044
