10 537.9 3.5285708527955926 6.840669828775267 243.010009765625 1.111083984375 0 0
20 1460.3 3.332724065688557 26.454237442102496 2025.7890625 1.111083984375 3.5285708527955926 5379
30 2421.7 16.119860162879526 164.00425785268476 21543.075927734375 0.998046875 3.385444507478606 19982
40 2944.9 89.45867413592683 283.9928184662254 29550.144775390625 0.998046875 10.362736842754156 44199
50 3153.6 367.7184926908315 409.14427526702366 29550.144775390625 0.998046875 41.99015723905334 73648
60 3121 833.1420126042647 1146.3722981107867 29550.144775390625 0.998046875 139.64920031411492 105184
70 3127.5 1265.8976549307458 1918.8652399973682 29550.144775390625 0.998046875 298.3358776721774 136394
80 3185.1 1175.1305106749546 2228.2553002596333 31591.208984375 0.998046875 478.81345303650664 167669
90 3018.4 1485.2645203332356 2947.3528383146995 38694.265869140625 0.998046875 589.9722070603749 199520
100 3137.1 1526.8825501486374 3017.507537950192 38694.265869140625 0.998046875 707.6171030300925 229704
110 3133.8 1502.5487673742002 3263.5031974754875 57815.907958984375 0.998046875 806.0607546304213 261075
120 3107 1639.1331470834498 3402.705118515186 64564.8330078125 0.998046875 880.7036102605217 292413
130 3195.2 1697.0358178717067 3610.256440062423 64564.8330078125 0.998046875 953.5494961620633 323483
140 3129.6 1481.8153072583382 3593.4682897422517 64564.8330078125 0.998046875 1020.3855560640609 355435
150 3119.8 1624.017994787079 3913.125083295805 89035.01098632813 0.998046875 1057.7265126808725 386731
160 3080 1650.806092671978 4351.613959411024 89035.01098632813 0.998046875 1099.9996300255636 417929
170 3113 1895.4513312996874 4210.093927813662 89035.01098632813 0.998046875 1137.8060545033877 448729
180 3101.6 2102.259170827418 4559.0924463681895 89035.01098632813 0.998046875 1186.9569456332172 479859
190 3139.4 2085.096583987872 4788.355469338116 130737.373046875 0.998046875 1242.526338961572 510875
200 3111.2 1858.2064752085894 4737.0512664191465 130737.373046875 0.998046875 1291.3059119638194 542269
