10 557.21796875 557.21796875
20 1515.49765625 2072.715625
30 2520.01953125 4592.73515625
40 3078.659375 7671.39453125
50 3363.8859375 11035.28046875
60 3435.421875 14470.70234375
70 3190.9796875 17661.68203125
80 3379.62734375 21041.309375
90 3065.5546875 24106.8640625
100 3337.55390625 27444.41796875
110 3282.28125 30726.69921875
120 3170.8453125 33897.54453125
130 3253.5109375 37151.05546875
140 3319.2171875 40470.27265625
150 3244.90234375 43715.175
160 3140.86875 46856.04375
170 3405.8296875 50261.8734375
180 3180.99140625 53442.86484375
190 3297.8171875 56740.68203125
200 3277.178125 60017.86015625
