10 0.1 6.572295247724974 0 6.572295247724974 6.572295247724974 0 0
20 0.1 35.26881720430107 0.0 35.26881720430107 6.572295247724974 6.572295247724974 1
30 0.1 83.14255983350677 0.0 83.14255983350677 6.572295247724974 20.920556226013023 2
40 0.1 100.0 0.0 100.0 6.572295247724974 41.6612240951776 3
50 0.1 100.0 0.0 100.0 6.572295247724974 56.2459180713832 4
60 0.1 100.0 0.0 100.0 6.572295247724974 64.99673445710656 5
70 0.1 100.0 0.0 100.0 6.572295247724974 70.83061204758879 6
80 0.1 100.0 0.0 100.0 6.572295247724974 74.99766746936182 7
90 0.1 100.0 0.0 100.0 6.572295247724974 78.1229590356916 8
100 0.1 100.0 0.0 100.0 6.572295247724974 80.5537413650592 9
110 0.1 100.0 0.0 100.0 6.572295247724974 82.49836722855328 10
120 0.1 100.0 0.0 100.0 6.572295247724974 84.08942475323025 11
130 0.1 100.0 0.0 100.0 6.572295247724974 85.4153060237944 12
140 0.1 100.0 0.0 100.0 6.572295247724974 86.53720556042559 13
150 0.1 100.0 0.0 100.0 6.572295247724974 87.49883373468091 14
160 0.1 100.0 0.0 100.0 6.572295247724974 88.33224481903552 15
170 0.1 100.0 0.0 100.0 6.572295247724974 89.0614795178458 16
180 0.1 100.0 0.0 100.0 6.572295247724974 89.70492189914899 17
190 0.1 100.0 0.0 100.0 6.572295247724974 90.27687068252959 18
200 0.1 100.0 0.0 100.0 6.572295247724974 90.7886143308175 19
