10 57.2 15.247484327196242 6.617729461713184 50.736083984375 9.095947265625 0 0
20 136.5 48.295703661572865 47.624308053486466 177.469970703125 9.095947265625 15.247484327196242 572
30 120.9 2660.140143988446 1418.850340655237 5071.889892578125 9.095947265625 38.53649795209252 1937
40 150.6 6828.693367156371 1171.6035892647578 9017.277099609375 9.095947265625 1046.0122792801126 3146
50 158.4 11294.31599688291 1445.5871546857786 13882.159912109375 9.095947265625 2918.0496220018763 4652
60 160.7 16381.094691620157 1423.3822321034447 20852.6708984375 9.095947265625 5045.696501060817 6236
70 157.5 19709.28386455232 2435.247126941599 25148.365966796875 9.095947265625 7368.275219947577 7843
80 175.4 20751.495042720442 4694.666785040525 38197.52392578125 9.095947265625 9432.098602327325 9418
90 149.6 22015.221549620597 6137.072724091703 48009.967041015625 9.095947265625 11209.239790695525 11172
100 162.7 24495.222183574526 9287.28553162891 51597.515869140625 9.095947265625 12485.34878275046 12668
110 157.5 24538.46761548241 9163.53764497851 56095.52392578125 9.095947265625 13852.264768979263 14295
120 150.6 24529.74684238305 9350.052915624923 69691.53686523438 9.095947265625 14912.804749019746 15870
130 164.6 26824.522334120837 10781.483083483172 74553.18701171875 9.095947265625 15746.3173406752 17376
140 150.2 25224.107879923133 10996.133211729928 85978.1279296875 9.095947265625 16704.929758886297 19022
150 155.8 23633.326047140745 8709.153671120215 85978.1279296875 9.095947265625 17328.385495477476 20524
160 155.9 25849.70924073048 9593.106692323065 87261.69311523438 9.095947265625 17773.231858102754 22082
170 151.2 26376.56802400459 13904.541058459461 113878.15893554688 9.095947265625 18305.833196435167 23641
180 144.5 25292.80621654684 9274.04169689982 113878.15893554688 9.095947265625 18790.98212734937 25153
190 160 26095.844782257092 9936.979363259012 135676.794921875 9.095947265625 19144.209280101095 26598
200 144.6 27441.72953017618 10852.058056931151 145110.64404296875 9.095947265625 19538.6562906497 28198
