20 0.1 3534 0 3534 3534 0 0
30 0.1 6908.0 0.0 6908 3534 3534.0 1
40 0.1 9833.0 0.0 9833 3534 5221.0 2
50 0.1 12839.0 0.0 12839 3534 6758.333333333333 3
60 0.1 12157.0 0.0 12839 3534 8278.5 4
70 0.1 11962.0 0.0 12839 3534 9054.2 5
80 0.1 12758.0 0.0 12839 3534 9538.833333333334 6
90 0.1 14141.0 0.0 14141 3534 9998.714285714286 7
100 0.1 14959.0 0.0 14959 3534 10516.5 8
110 0.1 14257.0 0.0 14959 3534 11010.111111111111 9
120 0.1 13580.0 0.0 14959 3534 11334.8 10
130 0.1 17105.0 0.0 17105 3534 11538.90909090909 11
140 0.1 16559.0 0.0 17105 3534 12002.75 12
150 0.1 15152.0 0.0 17105 3534 12353.23076923077 13
160 0.1 18537.0 0.0 18537 3534 12553.142857142857 14
170 0.1 19887.0 0.0 19887 3534 12952.066666666668 15
180 0.1 16601.0 0.0 19887 3534 13385.5 16
190 0.1 17865.0 0.0 19887 3534 13574.64705882353 17
200 0.1 23023.0 0.0 23023 3534 13813.0 18
