10 0.1 2142.9609375 0 2142.9609375 2142.9609375 0 0
20 0.1 2142.48046875 0.0 2142.9609375 2142.48046875 2142.9609375 1
30 0.1 2143.8828125 0.0 2143.8828125 2142.48046875 2142.720703125 2
40 0.1 2144.16796875 0.0 2144.16796875 2142.48046875 2143.1080729166665 3
50 0.1 2141.40234375 0.0 2144.16796875 2141.40234375 2143.373046875 4
60 0.1 2145.55078125 0.0 2145.55078125 2141.40234375 2142.97890625 5
70 0.1 2134.515625 0.0 2145.55078125 2134.515625 2143.4075520833335 6
80 0.1 2138.48046875 0.0 2145.55078125 2134.515625 2142.137276785714 7
90 0.1 2131.48828125 0.0 2145.55078125 2131.48828125 2141.68017578125 8
100 0.1 2140.42578125 0.0 2145.55078125 2131.48828125 2140.5477430555557 9
110 0.1 2144.53125 0.0 2145.55078125 2131.48828125 2140.535546875 10
120 0.1 2147.7265625 0.0 2147.7265625 2131.48828125 2140.8987926136365 11
130 0.1 2149.23828125 0.0 2149.23828125 2131.48828125 2141.4677734375 12
140 0.1 2134.77734375 0.0 2149.23828125 2131.48828125 2142.0655048076924 13
150 0.1 2137.61328125 0.0 2149.23828125 2131.48828125 2141.544921875 14
160 0.1 2137.92578125 0.0 2149.23828125 2131.48828125 2141.2828125 15
170 0.1 2141.41015625 0.0 2149.23828125 2131.48828125 2141.072998046875 16
180 0.1 2139.1484375 0.0 2149.23828125 2131.48828125 2141.092830882353 17
190 0.1 2141.33203125 0.0 2149.23828125 2131.48828125 2140.984809027778 18
200 0.1 2144.55859375 0.0 2149.23828125 2131.48828125 2141.0030838815787 19
