10 568.3 3.2879868721680956 19.655997854599264 999.366943359375 1.235107421875 0 0
20 1426.7 4.537592402785919 33.53941325862045 1004.341064453125 1.216796875 3.2879868721680956 5683
30 1963.2 54.253173057102124 189.49718672879482 3660.447021484375 1.18994140625 4.1816270779487725 19950
40 1149.7 1342.9051200134752 964.607743248546 5128.777099609375 1.18994140625 29.016263798244328 39582
50 812.5 3864.135778034853 2598.63876554143 14002.43310546875 1.18994140625 324.74993477666027 51079
60 430.6 3390.585045927467 3003.2217473530764 24260.482177734375 1.18994140625 810.4858643839979 59204
70 516.9 9115.518609570727 6022.839632172558 32890.685791015625 1.18994140625 985.4174826445266 63510
80 569.3 8787.289084456803 7638.781990805864 43174.568115234375 1.18994140625 1597.3147543736072 68679
90 553.3 11503.407036253724 10615.028949660058 51996.052001953125 1.18994140625 2147.6902163910822 74372
100 345.5 19379.93905147655 10339.689660510627 61841.833984375 1.18994140625 2795.524283899999 79905
110 464 19229.410758446007 14221.219940159492 68616.25 1.18994140625 3482.8941618027943 83360
120 650.8 13329.391513404771 13408.132367437851 75376.10693359375 1.18994140625 4313.1650368985265 88000
130 509.5 16210.530013436151 14869.603238779719 91504.16186523438 1.18994140625 4934.039480428203 94508
140 778.2 13571.145510698772 13520.439134804275 91504.16186523438 1.18994140625 5510.866677055569 99603
150 791.9 14589.283551346776 13537.907074462748 107635.9970703125 1.18994140625 6094.980751492514 107385
160 682.2 17729.21717439477 14733.802312489765 117679.18090820313 1.18994140625 6678.363668581652 115304
170 534.2 17693.21299651668 17276.64746234463 122469.10522460938 1.18994140625 7295.668113308057 122126
180 735.8 14336.140635053622 12523.050157469448 134471.97802734375 1.18994140625 7731.414220300405 127468
190 644.3 16493.845932601318 12125.068814496783 134471.97802734375 1.18994140625 8091.860847506983 134826
200 563.5 21167.094523797885 17323.484521126047 137254.8671875 1.18994140625 8475.058788338041 141269
