10 57.2 36.50438855578015 63.31322438599261 1034.031982421875 18.18115234375 0 0
20 143.2 48.93035871622953 109.5781223976927 1238.733154296875 18.18115234375 36.50438855578015 572
30 176.3 243.75779505149262 470.468044191622 5834.84814453125 18.18115234375 45.38362471833679 2004
40 36.2 7071.933413005005 2339.9295363278407 12719.0029296875 18.18115234375 138.2250535203951 3767
50 32.9 16023.037090081212 2774.737094801045 21990.35888671875 18.18115234375 746.121015286786 4129
60 18.6 21463.02974840391 2406.6102137487596 28668.64208984375 18.18115234375 1873.55605086493 4458
70 13.3 33863.75292601623 3415.0113289976525 40662.701171875 18.18115234375 2658.147374668171 4644
80 14.4 40961.866277058914 3563.669766289563 47657.410888671875 18.18115234375 3526.9657833617634 4777
90 13.8 48443.52463520437 4775.929824060528 60151.787109375 18.18115234375 4622.398758588829 4921
100 6.8 60246.55307186351 4440.124078509713 67960.587890625 18.18115234375 5817.756610135171 5059
110 7.5 70546.62826822913 5278.120847711609 78584.48901367188 18.18115234375 6539.6520966570215 5127
120 9.1 75835.44626223386 8236.536778404152 88887.03002929688 18.18115234375 7462.474705820403 5202
130 9.3 86913.96386718749 8925.166329217074 100305.69018554688 18.18115234375 8637.978278772154 5293
140 13.3 92838.76312852446 12610.550753713615 110890.26586914063 18.18115234375 9989.568820866962 5386
150 12.8 101357.57360267639 12959.632504036008 118482.77001953125 18.18115234375 11986.115811792572 5519
160 9.7 109855.59622160922 14309.16387981077 129915.77392578125 18.18115234375 14011.889956866617 5647
170 10.1 119410.18430925124 16674.69158060726 139955.78393554688 18.18115234375 15630.42051182484 5744
180 11.5 118331.91231742527 37368.52910120115 147848.44897460938 18.18115234375 17423.706421754705 5845
190 10.9 133469.9176686138 22980.834701095704 158704.72583007813 18.18115234375 19370.76073014432 5960
200 6 145391.02379557292 19483.40256961076 169042.71801757813 18.18115234375 21419.995877004294 6069
