0 0.6 44.60791015625 8.042691973728168 53.19677734375 29.86279296875 0 0
10 90.4 27.881316328470692 14.762762791244441 270.968994140625 18.43798828125 44.60791015625 6
20 189.3 42.97429481663533 99.05065603874385 1081.507080078125 17.89404296875 27.99160156250001 910
30 256.1 460.17112742062426 544.4357101428014 4542.3330078125 17.89404296875 38.11013111300952 2803
40 236.5 2252.7859680562897 1213.9106800632383 9254.574951171875 17.89404296875 239.61986480872193 5364
50 204.4 5570.107920428311 2197.5872315525908 14699.029052734375 17.89404296875 855.6294176849669 7729
60 259 9507.237037452485 3979.2488889314336 24533.72216796875 17.89404296875 1841.6515254929477 9773
70 260.5 11639.609507613808 5991.186812771859 35074.238037109375 17.89404296875 3447.5616181868895 12363
80 254.8 12649.424228925705 7749.775289218504 41130.426025390625 17.89404296875 4873.288819680551 14968
90 200.6 16710.149843681873 9969.953378961456 49653.382080078125 17.89404296875 6004.459921687668 17516
100 233.1 18215.29736359545 11223.849050900692 60517.591064453125 17.89404296875 7104.532351946882 19522
110 207 19466.544771852354 12097.944143291643 63609.961181640625 17.89404296875 8289.68739894971 21853
120 208.8 21225.080434631105 14200.60731295793 84608.51708984375 17.89404296875 9256.79414818302 23923
130 237.2 23416.950283520157 18818.653382180735 91159.51098632813 17.89404296875 10217.53313423137 26011
140 201.9 28854.268578750885 23525.855052684234 99718.58618164063 17.89404296875 11320.623627770214 28383
150 226.9 28141.97121346391 23769.11424454077 104639.52416992188 17.89404296875 12485.034822955726 30402
160 202.7 30481.673791630386 25767.59134158114 117747.92602539063 17.89404296875 13572.40860000764 32671
170 170.5 36214.28824158604 29306.91544072567 124631.580078125 17.89404296875 14560.220016902542 34698
180 144.3 40244.59380363314 30767.913305426482 131916.34594726563 17.89404296875 15574.427261445171 36403
190 156.9 47038.33250848342 31484.709252416666 144346.39404296875 17.89404296875 16515.05639848415 37846
200 218 48706.93162181051 33019.784031951815 145644.48901367188 17.89404296875 17730.10194501691 39415
