10 0.1 2.014098690835851 0 2.014098690835851 2.014098690835851 0 0
20 0.1 12.868101954961645 0.0 12.868101954961645 2.014098690835851 2.014098690835851 1
30 0.1 20.917612234829797 0.0 20.917612234829797 2.014098690835851 7.441100322898748 2
40 0.1 29.404435584350857 0.0 29.404435584350857 2.014098690835851 11.933270960209098 3
50 0.1 37.335359675785206 0.0 37.335359675785206 2.014098690835851 16.301062116244537 4
60 0.1 49.1336953710887 0.0 49.1336953710887 2.014098690835851 20.507921628152673 5
70 0.1 64.10323253388947 0.0 64.10323253388947 2.014098690835851 25.27888391864201 6
80 0.1 77.84990911451571 0.0 77.84990911451571 2.014098690835851 30.825219435105932 7
90 0.1 83.25991189427313 0.0 83.25991189427313 2.014098690835851 36.70330564503215 8
100 0.1 86.43589743589743 0.0 86.43589743589743 2.014098690835851 41.87626189494782 9
110 0.1 87.02939033276658 0.0 87.02939033276658 2.014098690835851 46.33222544904278 10
120 0.1 85.21939953810623 0.0 87.02939033276658 2.014098690835851 50.03196771119949 11
130 0.1 82.84756254836213 0.0 87.02939033276658 2.014098690835851 52.96425369677505 12
140 0.1 75.19440124416796 0.0 87.02939033276658 2.014098690835851 55.262969762281756 13
150 0.1 80.88692946058092 0.0 87.02939033276658 2.014098690835851 56.68664343955934 14
160 0.1 73.54469854469855 0.0 87.02939033276658 2.014098690835851 58.29999584096078 15
170 0.1 79.20997920997921 0.0 87.02939033276658 2.014098690835851 59.25278975994439 16
180 0.1 80.1201671891327 0.0 87.02939033276658 2.014098690835851 60.426742080534666 17
190 0.1 80.32107716209218 0.0 87.02939033276658 2.014098690835851 61.52082125323456 18
200 0.1 80.77422707196675 0.0 87.02939033276658 2.014098690835851 62.51030840633233 19
