10 90.5 12.74840296961326 4.182435681908681 57.717041015625 8.883056640625 0 0
20 181.6 12.45022354462073 6.194713187683724 149.52099609375 8.720947265625 12.74840296961326 905
30 276.4 13.144491502069013 10.91910394018282 288.191162109375 8.720947265625 12.549397517284547 2721
40 367.8 18.325591659338514 51.31096472502766 1120.952880859375 8.720947265625 12.849277147903372 5485
50 466.1 18.47917131097803 38.64967835253488 1120.952880859375 8.720947265625 15.047452938917063 9163
60 554.1 35.116906172100556 65.68471960698297 1211.531982421875 8.720947265625 16.20451596931175 13824
70 651 72.18906801285287 80.17952414664055 1265.091064453125 8.720947265625 21.616008564904455 19365
80 722.1 159.08310440712242 205.19876645232003 1567.197998046875 8.720947265625 34.33989714485205 25875
90 791.3 224.87642707954805 282.6927994187775 4441.288818359375 8.720947265625 61.556802500207816 33096
100 809.3 673.4162873079946 447.74904970824326 5070.995849609375 8.720947265625 93.07057238721602 41009
110 737.3 1681.8673122690057 1351.8939403933211 11612.85498046875 8.720947265625 188.72325192886117 49102
120 759.4 3287.4482945906125 3370.819507576565 22597.782958984375 8.720947265625 383.6581993726484 56475
130 713.1 3558.4313400968335 4524.998911273908 32698.5390625 8.720947265625 727.8399718848653 64069
140 768.7 4406.543722959375 6615.384873945104 39724.819091796875 8.720947265625 1011.3364191702523 71200
150 707.6 3811.931107835355 6109.931337258168 47709.130126953125 8.720947265625 1342.176209556843 78887
160 743.1 4483.7485106469185 6952.8686967930535 55924.490966796875 8.720947265625 1545.4728099572333 85963
170 752.7 4226.744465464713 6915.777362150723 61693.080810546875 8.720947265625 1779.2600632264482 93394
180 760.9 4775.299186073871 10016.54884645099 78261.24291992188 8.720947265625 1961.8010120443098 100921
190 770.9 6953.760822121462 15508.985750860169 84231.09814453125 8.720947265625 2159.054376148161 108530
200 737.3 6480.792532555176 14243.810957365562 93146.34790039063 8.720947265625 2477.040525306431 116239
