10 897.875 897.875
20 1831.3046875 2729.1796875
30 2769.8 5498.9796875
40 3719.82890625 9218.80859375
50 4707.3765625 13926.18515625
60 5684.57109375 19610.75625
70 6636.43125 26247.1875
80 7396.965625 33644.153125
90 8068.09921875 41712.25234375
100 8336.33515625 50048.5875
110 7566.8 57615.3875
120 7777.16796875 65392.55546875
130 7328.21171875 72720.7671875
140 7826.81953125 80547.58671875
150 7193.7828125 87741.36953125
160 7546.12578125 95287.4953125
170 7661.7375 102949.2328125
180 7823.3859375 110772.61875
190 7889.13515625 118661.75390625
200 7515.09140625 126176.8453125
