10 0.1 2925.95703125 0 2925.95703125 2925.95703125 0 0
20 0.1 2928.015625 0.0 2928.015625 2925.95703125 2925.95703125 1
30 0.1 2927.8125 0.0 2928.015625 2925.95703125 2926.986328125 2
40 0.1 2927.84375 0.0 2928.015625 2925.95703125 2927.26171875 3
50 0.1 2927.74609375 0.0 2928.015625 2925.95703125 2927.4072265625 4
60 0.1 2927.76171875 0.0 2928.015625 2925.95703125 2927.475 5
70 0.1 2927.55078125 0.0 2928.015625 2925.95703125 2927.5227864583335 6
80 0.1 2927.45703125 0.0 2928.015625 2925.95703125 2927.526785714286 7
90 0.1 2927.6015625 0.0 2928.015625 2925.95703125 2927.51806640625 8
100 0.1 2927.51171875 0.0 2928.015625 2925.95703125 2927.52734375 9
110 0.1 2927.06640625 0.0 2928.015625 2925.95703125 2927.52578125 10
120 0.1 2925.90234375 0.0 2928.015625 2925.90234375 2927.4840198863635 11
130 0.1 2921.6328125 0.0 2928.015625 2921.6328125 2927.3522135416665 12
140 0.1 2919.1640625 0.0 2928.015625 2919.1640625 2926.9122596153848 13
150 0.1 2917.85546875 0.0 2928.015625 2917.85546875 2926.358816964286 14
160 0.1 2895.21875 0.0 2928.015625 2895.21875 2925.791927083333 15
170 0.1 2868.99609375 0.0 2928.015625 2868.99609375 2923.881103515625 16
180 0.1 2865.46875 0.0 2928.015625 2865.46875 2920.6525735294117 17
190 0.1 2882.703125 0.0 2928.015625 2865.46875 2917.5868055555557 18
200 0.1 2876.28125 0.0 2928.015625 2865.46875 2915.7508223684213 19
