10 91.4 9.061642302465131 2.1570199402930403 38.59814453125 6.615966796875 0 0
20 179.9 14.87941190201152 52.834486294433546 1056.2939453125 6.615966796875 9.061642302465131 914
30 275.2 12.696497717569057 34.293676825165335 1056.2939453125 6.5380859375 12.919426124648675 2713
40 376.6 10.097874524424954 5.149901755733007 1056.2939453125 6.47705078125 12.807166476655427 5465
50 442.4 10.78763876944294 23.882198854584463 1056.2939453125 6.47705078125 11.70184814796948 9231
60 559.6 10.932451925761685 24.014559364472273 1056.2939453125 6.47705078125 11.405659038441732 13655
70 636.8 12.24222744888995 30.056291286885244 1056.2939453125 6.462890625 11.268104261933626 19251
80 682.8 23.284379991510107 83.96948651783909 1308.001953125 6.462890625 11.510237696280708 25619
90 779.8 25.702169132159238 91.42673428161866 3013.948974609375 6.447998046875 13.98793497466781 32447
100 884.8 20.300605484201938 58.573015137037345 3013.948974609375 6.38720703125 16.257722475229823 40245
110 948.1 36.46187909330178 84.04416205774471 3013.948974609375 6.38720703125 16.986368694922756 49093
120 1011.4 157.5506464102198 161.5376487579773 3385.162841796875 6.38720703125 20.13874541645503 58574
130 1053.9 269.2647766350735 170.92893002439573 4224.402099609375 6.38720703125 40.37203167680526 68688
140 1078.2 333.81352907243485 196.0639974184383 4224.402099609375 6.38720703125 70.8199930929284 79227
150 1115.9 434.5906546933124 263.032822203553 7356.6201171875 6.38720703125 102.323468355747 90009
160 977.8 1764.1224559488235 848.0926506779438 7356.6201171875 6.38720703125 138.97309602794465 101168
170 1113.2 2789.7208592328793 1376.3813297894321 15972.4111328125 6.38720703125 282.2023286393624 110946
180 1183.5 3346.0599740161038 1506.837024010017 19108.58984375 6.38720703125 510.8569288340496 122078
190 1187.2 1743.392603131324 1822.238678148296 25686.362060546875 6.38720703125 761.4272845107174 133913
200 1051.8 1623.093806868658 844.0287041059945 25686.362060546875 6.38720703125 841.3936202974159 145785
