10 932.328125 932.328125
20 1841.24375 2773.571875
30 2808.55078125 5582.12265625
40 3846.44375 9428.56640625
50 4516.728125 13945.29453125
60 5715.759375 19661.05390625
70 6491.96328125 26153.0171875
80 6969.06875 33122.0859375
90 7958.734375 41080.8203125
100 9029.8234375 50110.64375
110 9671.76328125 59782.40703125
120 10428.22578125 70210.6328125
130 10773.43828125 80984.07109375
140 11118.3421875 92102.41328125
150 11556.31640625 103658.7296875
160 11083.596875 114742.3265625
170 11456.78203125 126199.10859375
180 11967.19765625 138166.30625
190 11403.42578125 149569.73203125
200 11609.6734375 161179.40546875
