20 0.1 2370 0 2370 2370 0 0
30 0.1 5181.0 0.0 5181 2370 2370.0 1
40 0.1 7178.0 0.0 7178 2370 3775.5 2
50 0.1 7640.0 0.0 7640 2370 4909.666666666667 3
60 0.1 6520.0 0.0 7640 2370 5592.25 4
70 0.1 6329.0 0.0 7640 2370 5777.8 5
80 0.1 9505.0 0.0 9505 2370 5869.666666666667 6
90 0.1 9986.0 0.0 9986 2370 6389.0 7
100 0.1 8642.0 0.0 9986 2370 6838.625 8
110 0.1 10325.0 0.0 10325 2370 7039.0 9
120 0.1 9821.0 0.0 10325 2370 7367.6 10
130 0.1 10088.0 0.0 10325 2370 7590.636363636364 11
140 0.1 10817.0 0.0 10817 2370 7798.75 12
150 0.1 11571.0 0.0 11571 2370 8030.923076923077 13
160 0.1 12852.0 0.0 12852 2370 8283.785714285714 14
170 0.1 12412.0 0.0 12852 2370 8588.333333333334 15
180 0.1 12491.0 0.0 12852 2370 8827.3125 16
190 0.1 12102.0 0.0 12852 2370 9042.823529411764 17
200 0.1 12170.0 0.0 12852 2370 9212.777777777777 18
