10 574.00703125 574.00703125
20 1564.83203125 2138.8390625
30 2308.82109375 4447.66015625
40 539.2171875 4986.87734375
50 327.303125 5314.18046875
60 226.81953125 5541
70 907.22265625 6448.22265625
80 814.0671875 7262.28984375
90 327.56875 7589.85859375
100 61.83671875 7651.6953125
110 2.7109375 7654.40625
120 752.31171875 8406.71796875
130 305.5203125 8712.23828125
140 624.853125 9337.09140625
150 228.22109375 9565.3125
160 294.56640625 9859.87890625
170 662.0859375 10521.96484375
180 293.34921875 10815.3140625
190 587.753125 11403.0671875
200 862.69609375 12265.76328125
