0 5.4 22.85121437355324 3.167941898961525 34.93603515625 19.302978515625 0 0
10 82.1 26.132376853208736 9.484456689801144 68.49609375 17.0859375 22.85121437355324 54
20 166.2 57.865979283008045 131.23833052287682 3520.517822265625 16.733154296875 25.92988225446428 875
30 160.7 1215.3639743237595 1274.2671764648935 10280.411865234375 16.733154296875 46.85136166378227 2537
40 119.7 4401.963880852851 2869.8741711180924 17485.470947265625 16.733154296875 499.9883714477068 4144
50 308.7 7132.787515880604 5086.743229349991 26343.1220703125 16.733154296875 1374.4809168058714 5341
60 378.2 8269.99770099836 7052.888801812245 36992.4931640625 16.733154296875 3483.628101350686 8428
70 332 9217.659403164404 9818.912822617693 42404.203125 16.733154296875 4966.187464648598 12210
80 343.5 9385.012938244878 9570.67430144463 51021.613037109375 16.733154296875 5875.066204885074 15530
90 354.4 9957.703980456645 9679.278362172943 56416.052978515625 16.733154296875 6510.798713669198 18965
100 353.2 9815.516284221158 10346.590002873627 76242.35986328125 16.733154296875 7053.50750861765 22509
110 195.3 13892.609581388202 16411.451232797222 83848.6220703125 16.733154296875 7428.12503465089 26041
120 129.4 19038.353249221167 21465.598166284974 91388.64379882813 16.733154296875 7879.119473451275 27994
130 154.4 21797.967999868404 22442.628205650355 99090.75 16.733154296875 8372.155819594618 29288
140 144.9 23826.40611082807 22483.745574347195 112692.80908203125 16.733154296875 9044.491509992346 30832
150 129 24932.524544460095 24651.43478681896 119349.16284179688 16.733154296875 9708.008571316683 32281
160 146.6 27246.115048688247 25306.66555138431 121570.05615234375 16.733154296875 10293.026164041206 33571
170 137.8 32653.38471194241 27702.156146514746 129488.75708007813 16.733154296875 11002.368525113574 35037
180 152.6 37919.13587801677 30783.947669347093 141280.18896484375 16.733154296875 11821.676510983412 36415
190 127.6 46183.72838226607 34606.44262824707 162859.5830078125 16.733154296875 12871.325254930405 37941
200 126.7 51811.65352649285 37189.20911368245 172694.72412109375 16.733154296875 13955.207917818447 39217
