0 56.9578125 56.9578125
10 851.9765625 908.934375
20 1735.634375 2644.56875
30 2145.65 4790.21875
40 2057.175 6847.39375
50 3665.22890625 10512.62265625
60 3725.12734375 14237.75
70 3760.628125 17998.378125
80 3746.375 21744.753125
90 3790.47421875 25535.22734375
100 3773.9765625 29309.20390625
110 2542.61640625 31851.8203125
120 2073.1359375 33924.95625
130 2066.5875 35991.54375
140 2095.30234375 38086.84609375
150 2070.16796875 40157.0140625
160 2040.2 42197.2140625
170 2113.10859375 44310.32265625
180 2096.40703125 46406.7296875
190 2071.8984375 48478.628125
200 2091.753125 50570.38125
