10 901.1 1.1759121663799799 14.897271720445977 1000.72998046875 0.361083984375 0 0
20 1832.6 1.0817675392244925 0.47938189097442246 1000.72998046875 0.361083984375 1.1759121663799799 9011
30 2695.8 23.167913488255934 105.41537001614279 3023.14501953125 0.361083984375 1.1128001044400646 27337
40 2749.2 161.2050549026905 517.6201899506223 8132.948974609375 0.361083984375 12.063380205755253 54295
50 2826.2 434.6365606658793 1113.8310517861303 15058.140869140625 0.361083984375 62.19607758759032 81787
60 2827.3 848.2576771963735 2124.7755251929143 15078.6708984375 0.361083984375 157.8435885396081 110049
70 3116.7 913.8020092850974 2717.6470826777695 31108.573974609375 0.361083984375 298.9641444063013 138322
80 2991.9 1108.6362674582651 3575.0207869193596 31123.85791015625 0.361083984375 412.0254742547129 169489
90 2873.2 1207.8827176121308 3595.7447635205863 32536.654052734375 0.361083984375 516.5443417116709 199408
100 3046.8 1382.4104803765658 4040.138739511615 32536.654052734375 0.361083984375 603.6116434403112 228140
110 3025.5 1209.275756573678 3793.258866119633 32536.654052734375 0.361083984375 695.3661249867979 258608
120 3040.1 1362.9574944675076 4212.748296847805 32536.654052734375 0.361083984375 749.1921113667117 288863
130 2943.4 1441.405142525235 4214.779070878492 32536.654052734375 0.361083984375 807.6361620947841 319264
140 3062.7 1424.84719038438 4237.7870806064775 32536.654052734375 0.361083984375 861.1333320527131 348698
150 3048.9 1476.1490704206958 4228.669976831338 32536.654052734375 0.361083984375 906.6480340605532 379325
160 2986.2 1645.1757271028134 4645.067699880928 32536.654052734375 0.361083984375 949.0172969397726 409814
170 2998.1 1636.3964831860935 4833.624035450951 32536.654052734375 0.361083984375 996.2991204678448 439676
180 2967.8 1513.7922899061223 4492.839926952881 32536.654052734375 0.361083984375 1037.1603426611812 469657
190 2948.2 1834.2618488611831 4916.926189207334 32536.654052734375 0.361083984375 1065.4889856169832 499335
200 3040.1 1592.2651665205944 4665.63774252228 32536.654052734375 0.361083984375 1108.3487302056885 528817
