10 0.1 2912.74609375 0 2912.74609375 2912.74609375 0 0
20 0.1 2912.34375 0.0 2912.74609375 2912.34375 2912.74609375 1
30 0.1 2913.02734375 0.0 2913.02734375 2912.34375 2912.544921875 2
40 0.1 2913.4921875 0.0 2913.4921875 2912.34375 2912.7057291666665 3
50 0.1 2912.51953125 0.0 2913.4921875 2912.34375 2912.90234375 4
60 0.1 2912.28515625 0.0 2913.4921875 2912.28515625 2912.82578125 5
70 0.1 2911.2109375 0.0 2913.4921875 2911.2109375 2912.7356770833335 6
80 0.1 2910.921875 0.0 2913.4921875 2910.921875 2912.5178571428573 7
90 0.1 2943.25 0.0 2943.25 2910.921875 2912.318359375 8
100 0.1 2943.98828125 0.0 2943.98828125 2910.921875 2915.7552083333335 9
110 0.1 2943.80078125 0.0 2943.98828125 2910.921875 2918.578515625 10
120 0.1 2943.5234375 0.0 2943.98828125 2910.921875 2920.8714488636365 11
130 0.1 2943.77734375 0.0 2943.98828125 2910.921875 2922.7591145833335 12
140 0.1 2942.77734375 0.0 2943.98828125 2910.921875 2924.3759014423076 13
150 0.1 2942.5625 0.0 2943.98828125 2910.921875 2925.6902901785716 14
160 0.1 2942.6484375 0.0 2943.98828125 2910.921875 2926.8151041666665 15
170 0.1 2942.87890625 0.0 2943.98828125 2910.921875 2927.8046875 16
180 0.1 2942.62109375 0.0 2943.98828125 2910.921875 2928.69140625 17
190 0.1 2942.98828125 0.0 2943.98828125 2910.921875 2929.465277777778 18
200 0.1 2942.2578125 0.0 2943.98828125 2910.921875 2930.1770148026317 19
