10 0.1 1.1484375 0 1.1484375 1.1484375 0 0
20 0.1 1.3515625 0.0 1.3515625 1.1484375 1.1484375 1
30 0.1 1.30078125 0.0 1.3515625 1.1484375 1.25 2
40 0.1 1.3203125 0.0 1.3515625 1.1484375 1.2669270833333333 3
50 0.1 1.890625 0.0 1.890625 1.1484375 1.2802734375 4
60 0.1 1.91015625 0.0 1.91015625 1.1484375 1.40234375 5
70 0.1 1.8515625 0.0 1.91015625 1.1484375 1.4869791666666667 6
80 0.1 1.94921875 0.0 1.94921875 1.1484375 1.5390625 7
90 0.1 2.5 0.0 2.5 1.1484375 1.59033203125 8
100 0.1 2.48828125 0.0 2.5 1.1484375 1.69140625 9
110 0.1 2.7890625 0.0 2.7890625 1.1484375 1.77109375 10
120 0.1 2.58984375 0.0 2.7890625 1.1484375 1.8636363636363635 11
130 0.1 2.9609375 0.0 2.9609375 1.1484375 1.9241536458333333 12
140 0.1 3.109375 0.0 3.109375 1.1484375 2.00390625 13
150 0.1 3.23046875 0.0 3.23046875 1.1484375 2.0828683035714284 14
160 0.1 3.41015625 0.0 3.41015625 1.1484375 2.159375 15
170 0.1 3.26953125 0.0 3.41015625 1.1484375 2.237548828125 16
180 0.1 3.21875 0.0 3.41015625 1.1484375 2.2982536764705883 17
190 0.1 3.171875 0.0 3.41015625 1.1484375 2.349392361111111 18
200 0.1 3.21875 0.0 3.41015625 1.1484375 2.3926809210526314 19
