10 0.1 4.109375 0 4.109375 4.109375 0 0
20 0.1 3.55859375 0.0 4.109375 3.55859375 4.109375 1
30 0.1 3.171875 0.0 4.109375 3.171875 3.833984375 2
40 0.1 2.828125 0.0 4.109375 2.828125 3.61328125 3
50 0.1 2.62890625 0.0 4.109375 2.62890625 3.4169921875 4
60 0.1 2.37890625 0.0 4.109375 2.37890625 3.259375 5
70 0.1 2.171875 0.0 4.109375 2.171875 3.1126302083333335 6
80 0.1 1.98828125 0.0 4.109375 1.98828125 2.978236607142857 7
90 0.1 1.91015625 0.0 4.109375 1.91015625 2.8544921875 8
100 0.1 1.76953125 0.0 4.109375 1.76953125 2.7495659722222223 9
110 0.1 1.6484375 0.0 4.109375 1.6484375 2.6515625 10
120 0.1 1.55078125 0.0 4.109375 1.55078125 2.5603693181818183 11
130 0.1 1.5390625 0.0 4.109375 1.5390625 2.4762369791666665 12
140 0.1 1.4609375 0.0 4.109375 1.4609375 2.4041466346153846 13
150 0.1 1.390625 0.0 4.109375 1.390625 2.3367745535714284 14
160 0.1 1.41015625 0.0 4.109375 1.390625 2.273697916666667 15
170 0.1 1.3515625 0.0 4.109375 1.3515625 2.2197265625 16
180 0.1 1.37109375 0.0 4.109375 1.3515625 2.168658088235294 17
190 0.1 1.4609375 0.0 4.109375 1.3515625 2.1243489583333335 18
200 0.1 1.390625 0.0 4.109375 1.3515625 2.089432565789474 19
