20 0.1 3761 0 3761 3761 0 0
30 0.1 7310.0 0.0 7310 3761 3761.0 1
40 0.1 10351.0 0.0 10351 3761 5535.5 2
50 0.1 12481.0 0.0 12481 3761 7140.666666666667 3
60 0.1 13517.0 0.0 13517 3761 8475.75 4
70 0.1 1.23e4 0.0 13517 3761 9484.0 5
80 0.1 10977.0 0.0 13517 3761 9953.333333333334 6
90 0.1 13074.0 0.0 13517 3761 10099.57142857143 7
100 0.1 12624.0 0.0 13517 3761 10471.375 8
110 0.1 12109.0 0.0 13517 3761 10710.555555555555 9
120 0.1 15856.0 0.0 15856 3761 10850.4 10
130 0.1 13219.0 0.0 15856 3761 11305.454545454546 11
140 0.1 17473.0 0.0 17473 3761 11464.916666666666 12
150 0.1 14471.0 0.0 17473 3761 11927.076923076924 13
160 0.1 15880.0 0.0 17473 3761 12108.785714285714 14
170 0.1 18220.0 0.0 18220 3761 12360.2 15
180 0.1 16925.0 0.0 18220 3761 12726.4375 16
190 0.1 17902.0 0.0 18220 3761 12973.411764705883 17
200 0.1 15560.0 0.0 18220 3761 13247.222222222223 18
