10 0.1 1300.58203125 0 1300.58203125 1300.58203125 0 0
20 0.1 1329.51953125 0.0 1329.51953125 1300.58203125 1300.58203125 1
30 0.1 1336.8671875 0.0 1336.8671875 1300.58203125 1315.05078125 2
40 0.1 1340.60546875 0.0 1340.60546875 1300.58203125 1322.3229166666667 3
50 0.1 1338.73828125 0.0 1340.60546875 1300.58203125 1326.8935546875 4
60 0.1 1332.53515625 0.0 1340.60546875 1300.58203125 1329.2625 5
70 0.1 1322.13671875 0.0 1340.60546875 1300.58203125 1329.8079427083333 6
80 0.1 1323.2265625 0.0 1340.60546875 1300.58203125 1328.7120535714287 7
90 0.1 1321.91796875 0.0 1340.60546875 1300.58203125 1328.0263671875 8
100 0.1 1320.25390625 0.0 1340.60546875 1300.58203125 1327.34765625 9
110 0.1 1317.3515625 0.0 1340.60546875 1300.58203125 1326.63828125 10
130 0.1 1312.52734375 0.0 1340.60546875 1300.58203125 1325.794034090909 11
140 0.1 1309.6640625 0.0 1340.60546875 1300.58203125 1324.6884765625 12
150 0.1 1306.11328125 0.0 1340.60546875 1300.58203125 1323.5327524038462 13
160 0.1 1306.99609375 0.0 1340.60546875 1300.58203125 1322.2885044642858 14
170 0.1 1301.5234375 0.0 1340.60546875 1300.58203125 1321.2690104166666 15
180 0.1 1299.6796875 0.0 1340.60546875 1299.6796875 1320.034912109375 16
200 0.1 1298.6640625 0.0 1340.60546875 1298.6640625 1318.8375459558824 17
