10 0.1 2.44921875 0 2.44921875 2.44921875 0 0
20 0.1 2.23046875 0.0 2.44921875 2.23046875 2.44921875 1
30 0.1 1.96875 0.0 2.44921875 1.96875 2.33984375 2
40 0.1 2.2109375 0.0 2.44921875 1.96875 2.2161458333333335 3
50 0.1 2.23828125 0.0 2.44921875 1.96875 2.21484375 4
60 0.1 2.28125 0.0 2.44921875 1.96875 2.21953125 5
70 0.1 2.62109375 0.0 2.62109375 1.96875 2.2298177083333335 6
80 0.1 2.5390625 0.0 2.62109375 1.96875 2.2857142857142856 7
90 0.1 2.78125 0.0 2.78125 1.96875 2.3173828125 8
100 0.1 2.8203125 0.0 2.8203125 1.96875 2.368923611111111 9
110 0.1 3.16015625 0.0 3.16015625 1.96875 2.4140625 10
130 0.1 3.6484375 0.0 3.6484375 1.96875 2.4818892045454546 11
140 0.1 3.7109375 0.0 3.7109375 1.96875 2.5791015625 12
150 0.1 3.75 0.0 3.75 1.96875 2.6661658653846154 13
160 0.1 4.171875 0.0 4.171875 1.96875 2.7435825892857144 14
170 0.1 4.30078125 0.0 4.30078125 1.96875 2.8388020833333334 15
180 0.1 4.48828125 0.0 4.48828125 1.96875 2.93017578125 16
200 0.1 4.23046875 0.0 4.48828125 1.96875 3.021829044117647 17
