20 0.1 2762 0 2762 2762 0 0
30 0.1 5266.0 0.0 5266 2762 2762.0 1
40 0.1 7661.0 0.0 7661 2762 4014.0 2
50 0.1 10551.0 0.0 10551 2762 5229.666666666667 3
60 0.1 12767.0 0.0 12767 2762 6560.0 4
70 0.1 11886.0 0.0 12767 2762 7801.4 5
80 0.1 13588.0 0.0 13588 2762 8482.166666666666 6
90 0.1 11760.0 0.0 13588 2762 9211.57142857143 7
100 0.1 14252.0 0.0 14252 2762 9530.125 8
110 0.1 12792.0 0.0 14252 2762 10054.777777777777 9
130 0.1 13507.0 0.0 14252 2762 10328.5 10
140 0.1 14752.0 0.0 14752 2762 10617.454545454546 11
150 0.1 14338.0 0.0 14752 2762 10962.0 12
160 0.1 16794.0 0.0 16794 2762 11221.692307692309 13
170 0.1 15273.0 0.0 16794 2762 11619.714285714286 14
180 0.1 16266.0 0.0 16794 2762 11863.266666666666 15
200 0.1 13058.0 0.0 16794 2762 12138.4375 16
