10 635.69453125 635.69453125
20 1590.0796875 2225.77421875
30 2385.31796875 4611.0921875
40 3149.0046875 7760.096875
50 3470.17578125 11230.27265625
60 3405.3859375 14635.65859375
70 3432.3734375 18068.03203125
80 3419.871875 21487.90390625
90 3485.85234375 24973.75625
100 3352.10546875 28325.86171875
110 3461.940625 31787.80234375
120 3449.33984375 35237.1421875
130 3455.49140625 38692.63359375
140 3398.2421875 42090.87578125
150 3415.903125 45506.77890625
160 3375.32265625 48882.1015625
170 3408.06484375 52290.16640625
180 3426.51953125 55716.6859375
190 3477.815625 59194.5015625
200 3356.07421875 62550.57578125
