10 664.353125 664.353125
20 1661.76875 2326.121875
30 2496.07109375 4822.19296875
40 3320.69609375 8142.8890625
50 3698.7546875 11841.64375
60 3761.33125 15602.975
70 3590.75234375 19193.72734375
80 3559.1078125 22752.83515625
90 3688.42890625 26441.2640625
100 3443.58671875 29884.85078125
110 3656.10546875 33540.95625
120 3641.2375 37182.19375
130 3636.4390625 40818.6328125
140 3540.6890625 44359.321875
150 3607.53515625 47966.85703125
160 3474.76328125 51441.6203125
170 3601.29375 55042.9140625
180 3630.5765625 58673.490625
190 3519.26484375 62192.75546875
200 3499.2609375 65692.01640625
