10 0.1 2.4609375 0 2.4609375 2.4609375 0 0
20 0.1 2.3203125 0.0 2.4609375 2.3203125 2.4609375 1
30 0.1 2.19921875 0.0 2.4609375 2.19921875 2.390625 2
40 0.1 2.23828125 0.0 2.4609375 2.19921875 2.3268229166666665 3
50 0.1 2.4296875 0.0 2.4609375 2.19921875 2.3046875 4
60 0.1 2.8203125 0.0 2.8203125 2.19921875 2.3296875 5
80 0.1 2.94140625 0.0 2.94140625 2.19921875 2.4114583333333335 6
90 0.1 3.0390625 0.0 3.0390625 2.19921875 2.4871651785714284 7
100 0.1 3.26953125 0.0 3.26953125 2.19921875 2.55615234375 8
110 0.1 3.23046875 0.0 3.26953125 2.19921875 2.6354166666666665 9
130 0.1 3.12109375 0.0 3.26953125 2.19921875 2.694921875 10
140 0.1 3.25 0.0 3.26953125 2.19921875 2.733664772727273 11
150 0.1 3.6015625 0.0 3.6015625 2.19921875 2.7766927083333335 12
170 0.1 3.66015625 0.0 3.66015625 2.19921875 2.840144230769231 13
180 0.1 3.640625 0.0 3.66015625 2.19921875 2.898716517857143 14
190 0.1 3.578125 0.0 3.66015625 2.19921875 2.9481770833333334 15
