10 0.1 1327.8046875 0 1327.8046875 1327.8046875 0 0
20 0.1 1335.8359375 0.0 1335.8359375 1327.8046875 1327.8046875 1
30 0.1 1337.921875 0.0 1337.921875 1327.8046875 1331.8203125 2
40 0.1 1335.43359375 0.0 1337.921875 1327.8046875 1333.8541666666667 3
50 0.1 1339.23828125 0.0 1339.23828125 1327.8046875 1334.2490234375 4
60 0.1 1335.12890625 0.0 1339.23828125 1327.8046875 1335.246875 5
70 0.1 1347.53515625 0.0 1347.53515625 1327.8046875 1335.2272135416667 6
80 0.1 1352.78125 0.0 1352.78125 1327.8046875 1336.9854910714287 7
90 0.1 1356.1875 0.0 1356.1875 1327.8046875 1338.9599609375 8
100 0.1 1357.8125 0.0 1357.8125 1327.8046875 1340.8741319444443 9
110 0.1 1362.515625 0.0 1362.515625 1327.8046875 1342.56796875 10
120 0.1 1363.8671875 0.0 1363.8671875 1327.8046875 1344.3813920454545 11
130 0.1 1365.0 0.0 1365.0 1327.8046875 1346.0052083333333 12
140 0.1 1364.63671875 0.0 1365.0 1327.8046875 1347.4663461538462 13
150 0.1 1363.2734375 0.0 1365.0 1327.8046875 1348.6928013392858 14
160 0.1 1360.02734375 0.0 1365.0 1327.8046875 1349.66484375 15
170 0.1 1361.19140625 0.0 1365.0 1327.8046875 1350.3125 16
180 0.1 1360.6640625 0.0 1365.0 1327.8046875 1350.9524356617646 17
190 0.1 1361.99609375 0.0 1365.0 1327.8046875 1351.491970486111 18
200 0.1 1354.45703125 0.0 1365.0 1327.8046875 1352.0448190789473 19
