0 0.6 35.327718098958336 6.5650178872612335 45.41015625 24.573974609375 0 0
10 94.2 48.88487836509752 292.45691915986833 8481.524169921875 18.697021484375 35.327718098958336 6
20 195.4 51.46016134771624 457.5688153525221 15982.233154296875 17.916015625 48.79907355328652 948
30 152.7 642.4155142333819 770.0502630376634 15982.233154296875 17.916015625 50.590860441748156 2902
40 23.6 9047.309507208343 1999.919558040077 15982.233154296875 17.916015625 254.63607298178536 4429
50 26.3 17948.11462263101 1840.3075058029592 23885.833984375 17.916015625 699.4529926982843 4665
60 22.7 25243.615407532016 2459.87230254082 31665.68603515625 17.916015625 1619.988302899645 4928
70 19.4 34315.21252063869 3428.6606054964086 43438.10498046875 17.916015625 2660.252774820411 5155
80 14.5 42554.88970400056 5135.7355258278185 53592.175048828125 17.916015625 3808.3294603109225 5349
90 11.6 53535.29843665812 4753.7661297051145 63136.888916015625 17.916015625 4830.945265795997 5494
100 14 61480.25239606585 5977.948075354381 71405.10498046875 17.916015625 5838.022800166766 5610
110 9.4 69483.95064982965 8573.465100606223 81773.36206054688 17.916015625 7192.790129458222 5750
120 6.5 79552.38017953726 7695.861632438925 90732.2890625 17.916015625 8194.735558772887 5844
130 10.8 86294.07433403867 10316.663440397178 103350.259765625 17.916015625 8979.681725696171 5909
140 10.9 93448.22169312647 12819.882794133076 113312.21704101563 17.916015625 10367.408898988675 6017
150 4.2 106070.6085437593 13702.56293864659 121466.91796875 17.916015625 11845.66691311878 6126
160 11.4 111406.48717190926 14768.472109939948 130208.30004882813 17.916015625 12487.27643784104 6168
170 6.4 122754.19982528687 12972.929743778459 141535.40698242188 17.916015625 14282.371952594904 6282
180 4.2 128813.79577636719 14668.768035744391 149679.07397460938 17.916015625 15376.32042152845 6346
190 3.7 134322.874432538 14913.601439440085 153886.03588867188 17.916015625 16122.152288294767 6388
200 6.4 147944.3483009338 16315.853239967977 170173.31298828125 17.916015625 16802.841271849164 6425
