10 0.1 3.5220125786163523 0 3.5220125786163523 3.5220125786163523 0 0
20 0.1 23.66276107997962 0.0 23.66276107997962 3.5220125786163523 3.5220125786163523 1
30 0.1 42.088772845953 0.0 42.088772845953 3.5220125786163523 13.592386829297986 2
40 0.1 63.23068893528184 0.0 63.23068893528184 3.5220125786163523 23.091182168182993 3
50 0.1 70.07354805985291 0.0 70.07354805985291 3.5220125786163523 33.1260588599577 4
60 0.1 70.15562248995984 0.0 70.15562248995984 3.5220125786163523 40.515556699936745 5
70 0.1 70.31327697662854 0.0 70.31327697662854 3.5220125786163523 45.455567664940595 6
80 0.1 70.30180065939639 0.0 70.31327697662854 3.5220125786163523 49.00666899518173 7
90 0.1 69.7854742827604 0.0 70.31327697662854 3.5220125786163523 51.66856045320856 8
100 0.1 70.24330900243308 0.0 70.31327697662854 3.5220125786163523 53.68155087871432 9
110 0.1 70.98458478368971 0.0 70.98458478368971 3.5220125786163523 55.337726691086196 10
120 0.1 69.77956861815596 0.0 70.98458478368971 3.5220125786163523 56.760168335868336 11
130 0.1 64.93506493506493 0.0 70.98458478368971 3.5220125786163523 57.8451183593923 12
140 0.1 69.63720477233991 0.0 70.98458478368971 3.5220125786163523 58.390498865213274 13
150 0.1 70.09155645981689 0.0 70.98458478368971 3.5220125786163523 59.193835001436604 14
160 0.1 69.33165195460276 0.0 70.98458478368971 3.5220125786163523 59.92034976532862 15
170 0.1 69.00847035376184 0.0 70.98458478368971 3.5220125786163523 60.508556152158256 16
190 0.1 68.90117484450587 0.0 70.98458478368971 3.5220125786163523 61.00855110519377 17
200 0.1 69.72754793138243 0.0 70.98458478368971 3.5220125786163523 61.44703020182222 18
