20 0.1 4961 0 4961 4961 0 0
30 0.1 9163.0 0.0 9163 4961 4961.0 1
40 0.1 12905.0 0.0 12905 4961 7062.0 2
50 0.1 16069.0 0.0 16069 4961 9009.666666666666 3
60 0.1 18848.0 0.0 18848 4961 10774.5 4
70 0.1 14619.0 0.0 18848 4961 12389.2 5
80 0.1 18983.0 0.0 18983 4961 12760.833333333334 6
90 0.1 13678.0 0.0 18983 4961 13649.714285714286 7
100 0.1 19165.0 0.0 19165 4961 13653.25 8
110 0.1 16690.0 0.0 19165 4961 14265.666666666666 9
120 0.1 16520.0 0.0 19165 4961 14508.1 10
130 0.1 19631.0 0.0 19631 4961 14691.0 11
140 0.1 17288.0 0.0 19631 4961 15102.666666666666 12
150 0.1 18754.0 0.0 19631 4961 15270.76923076923 13
160 0.1 18824.0 0.0 19631 4961 15519.57142857143 14
170 0.1 18031.0 0.0 19631 4961 15739.866666666667 15
190 0.1 23521.0 0.0 23521 4961 15883.0625 16
200 0.1 18514.0 0.0 23521 4961 16332.35294117647 17
