0 3.15 3.15
10 841.246875 844.396875
20 1911.1640625 2755.5609375
30 2741.68125 5497.2421875
40 3240.6609375 8737.903125
50 3192.2296875 11930.1328125
60 3321.28125 15251.4140625
70 3287.9109375 18539.325
80 3282.3984375 21821.7234375
90 3262.9078125 25084.63125
100 3241.153125 28325.784375
110 3295.1953125 31620.9796875
120 3270.4875 34891.4671875
130 2926.6453125 37818.1125
140 3325.1203125 41143.2328125
150 3215.4609375 44358.69375
160 3207.88125 47566.575
170 3146.7515625 50713.3265625
180 3176.8734375 53890.2
190 3163.584375 57053.784375
200 3230.325 60284.109375
