10 494.4171875 494.4171875
20 1582.015625 2076.4328125
30 2454.89140625 4531.32421875
40 2923.19609375 7454.5203125
50 2871.44375 10325.9640625
60 2702.23046875 13028.19453125
70 2783.125 15811.31953125
80 2841.95234375 18653.271875
90 2789.0953125 21442.3671875
100 2908.87890625 24351.24609375
110 2847.69921875 27198.9453125
120 2864.01328125 30062.95859375
130 2735.3703125 32798.32890625
140 2675.665625 35473.99453125
150 2769.5265625 38243.52109375
160 2775.13125 41018.65234375
170 2822.99296875 43841.6453125
180 2778.99453125 46620.63984375
190 2728.74296875 49349.3828125
200 2713.98359375 52063.36640625
