10 83.7 46.84736952331617 30.3538384012321 174.085205078125 18.345947265625 0 0
20 70.5 2574.661784200464 1760.463783364833 6086.264892578125 18.345947265625 46.84736952331617 837
30 49 9354.590995695156 2154.130362747757 13583.06298828125 18.345947265625 1202.5601855722066 1542
40 36.9 17064.048389465832 2376.7845907898804 22637.287109375 18.345947265625 3168.35501675343 2032
50 32.5 24836.86048753004 2396.602997734004 30524.05908203125 18.345947265625 5303.9280507104795 2401
60 38.5 33368.05702681103 2923.87968510715 40531.714111328125 18.345947265625 7632.6892546599875 2726
70 41.6 40197.55959261382 3430.2100732907015 47673.253173828125 18.345947265625 10817.554761660358 3111
80 35.7 48213.924452495834 4404.057279800815 60290.6298828125 18.345947265625 14282.84594671186 3527
90 32.7 54994.62775423477 6125.685974535275 68614.787109375 18.345947265625 17401.639722861415 3884
100 34.1 60482.15706260883 8438.822948042492 76323.001953125 18.345947265625 20320.87674168333 4211
110 30.3 64190.88927134901 9846.899675354116 86143.17700195313 18.345947265625 23329.44365500398 4552
120 31.6 69190.24768993515 13766.998172581876 101281.24096679688 18.345947265625 25879.601846920054 4855
130 28.8 79953.52878401017 17058.079667952155 109691.51806640625 18.345947265625 28526.317005766075 5171
140 29.3 88592.53831008023 21060.621036578472 118118.43188476563 18.345947265625 31239.458055799834 5459
150 60.8 96991.5933432328 23039.954532582455 130090.00512695313 18.345947265625 34160.95536360654 5752
160 75 101740.19181282556 24943.533819234555 138363.86279296875 18.345947265625 40167.406289960745 6360
170 87.4 104114.12896211747 30468.76221970116 147624.23999023438 18.345947265625 46662.425859883195 7110
180 89.1 104731.85013409921 33976.630496191836 157833.708984375 18.345947265625 52951.6027776378 7984
190 101.8 109516.86007072887 35508.67202198722 167674.72680664063 18.345947265625 58150.04789252311 8875
200 116 114923.41717234645 36143.444986523544 176775.75415039063 18.345947265625 63435.74634571359 9893
