0 0.1 33.44089072697214 0 33.44089072697214 33.44089072697214 0 0
10 0.1 4.853387259858443 0.0 33.44089072697214 4.853387259858443 33.44089072697214 1
20 0.1 21.918158567774938 0.0 33.44089072697214 4.853387259858443 19.147138993415293 2
30 0.1 48.004120525366986 0.0 48.004120525366986 4.853387259858443 20.070812184868508 3
40 0.1 71.51041666666667 0.0 71.51041666666667 4.853387259858443 27.05413926999313 4
50 0.1 83.74549201442555 0.0 83.74549201442555 4.853387259858443 35.94539474932784 5
60 0.1 87.36012207527976 0.0 87.36012207527976 4.853387259858443 43.91207762684413 6
70 0.1 89.95584988962473 0.0 89.95584988962473 4.853387259858443 50.11894111947779 7
80 0.1 93.41846758349706 0.0 93.41846758349706 4.853387259858443 55.09855471574616 8
90 0.1 94.48818897637796 0.0 94.48818897637796 4.853387259858443 59.35632281216293 9
110 0.1 94.35736677115987 0.0 94.48818897637796 4.853387259858443 62.869509428584436 10
120 0.1 93.46871569703622 0.0 94.48818897637796 4.853387259858443 65.73204191427311 11
130 0.1 94.50723775530439 0.0 94.50723775530439 4.853387259858443 68.04343139617004 12
150 0.1 94.44201312910285 0.0 94.50723775530439 4.853387259858443 70.07910880841114 13
160 0.1 93.79338505512455 0.0 94.50723775530439 4.853387259858443 71.81931625988912 14
180 0.1 94.52454827523272 0.0 94.52454827523272 4.853387259858443 73.28425417957149 15
190 0.1 89.87743985474353 0.0 94.52454827523272 4.853387259858443 74.61177256055032 16
200 0.1 86.87394700566703 0.0 94.52454827523272 4.853387259858443 75.50975298962051 17
