0 0.1 0.58984375 0 0.58984375 0.58984375 0 0
10 0.1 0.5 0.0 0.58984375 0.5 0.58984375 1
20 0.1 0.5 0.0 0.58984375 0.5 0.544921875 2
30 0.1 0.58984375 0.0 0.58984375 0.5 0.5299479166666666 3
40 0.1 1.328125 0.0 1.328125 0.5 0.544921875 4
50 0.1 1.359375 0.0 1.359375 0.5 0.7015625 5
60 0.1 2.08984375 0.0 2.08984375 0.5 0.8111979166666666 6
70 0.1 2.73046875 0.0 2.73046875 0.5 0.9938616071428571 7
80 0.1 3.30859375 0.0 3.30859375 0.5 1.2109375 8
90 0.1 3.73046875 0.0 3.73046875 0.5 1.4440104166666667 9
110 0.1 3.6484375 0.0 3.73046875 0.5 1.67265625 10
120 0.1 4.390625 0.0 4.390625 0.5 1.8522727272727273 11
130 0.1 5.01953125 0.0 5.01953125 0.5 2.0638020833333335 12
150 0.1 5.44921875 0.0 5.44921875 0.5 2.2911658653846154 13
160 0.1 5.75 0.0 5.75 0.5 2.5167410714285716 14
180 0.1 6.171875 0.0 6.171875 0.5 2.732291666666667 15
190 0.1 6.4609375 0.0 6.4609375 0.5 2.947265625 16
200 0.1 6.328125 0.0 6.4609375 0.5 3.153952205882353 17
