10 0.1 430 0 430 430 0 0
20 0.1 3835.0 0.0 3835 430 430.0 1
30 0.1 7612.0 0.0 7612 430 2132.5 2
40 0.1 11709.0 0.0 11709 430 3959.0 3
50 0.1 15359.0 0.0 15359 430 5896.5 4
60 0.1 19228.0 0.0 19228 430 7789.0 5
70 0.1 24414.0 0.0 24414 430 9695.5 6
80 0.1 25643.0 0.0 25643 430 11798.142857142857 7
90 0.1 27335.0 0.0 27335 430 13528.75 8
110 0.1 27073.0 0.0 27335 430 15062.777777777777 9
120 0.1 31249.0 0.0 31249 430 16263.8 10
130 0.1 28112.0 0.0 31249 430 17626.090909090908 11
150 0.1 41690.0 0.0 41690 430 18499.916666666668 12
160 0.1 22164.0 0.0 41690 430 20283.76923076923 13
180 0.1 33541.0 0.0 41690 430 20418.071428571428 14
190 0.1 24327.0 0.0 41690 430 21292.933333333334 15
200 0.1 24628.0 0.0 41690 430 21482.5625 16
