10 584.8328125 584.8328125
20 1581.66953125 2166.50234375
30 2578.58671875 4745.0890625
40 3555.515625 8300.6046875
50 4541.0109375 12841.615625
60 5157.24453125 17998.86015625
70 5182.21953125 23181.0796875
80 5253.10546875 28434.18515625
90 5143.41484375 33577.6
100 5196.7375 38774.3375
110 5186.17421875 43960.51171875
120 5065.79609375 49026.3078125
130 5058.453125 54084.7609375
140 5247.3625 59332.1234375
150 5272.17578125 64604.29921875
160 5020.0359375 69624.33515625
170 5131.4421875 74755.77734375
180 4473.99609375 79229.7734375
190 4754.89609375 83984.66953125
200 4186.4078125 88171.07734375
