10 678.4828125 678.4828125
20 1802.5140625 2480.996875
30 2873.23046875 5354.22734375
40 3923.10390625 9277.33125
50 4884.34453125 14161.67578125
60 5306.1203125 19467.79609375
70 3973.809375 23441.60546875
80 3244.5609375 26686.16640625
90 3175.41015625 29861.5765625
100 3480.61875 33342.1953125
110 3281.3078125 36623.503125
120 3674.62109375 40298.12421875
130 3337.85859375 43635.9828125
140 3365.1125 47001.0953125
150 3645.778125 50646.8734375
160 3038.4390625 53685.3125
170 3220.76328125 56906.07578125
180 3318.92734375 60225.003125
190 3562.50390625 63787.50703125
200 3041.59765625 66829.1046875
