10 553.8 4.294630872424039 38.03677128447417 1002.908935546875 1.169189453125 0 0
20 1398.9 30.1660114887981 32.32492704810397 1002.908935546875 1.169189453125 4.294630872424039 5538
30 1510.4 428.3642980607884 250.89439139721517 1160.43603515625 1.169189453125 22.828698749847952 19527
40 2606.6 932.7326742110906 261.76899146265885 3902.22216796875 1.169189453125 199.69941261870665 34631
50 3140 1104.1150818881968 457.3383809652895 5400.297119140625 1.169189453125 514.496601881225 60697
60 3172 1346.7288095481397 666.5487048352628 15989.839111328125 1.169189453125 715.5239998661639 92097
70 3112.1 1404.8722494739443 870.3203988409987 15989.839111328125 1.169189453125 877.2289076180257 123817
80 3177.4 1536.5258241985962 1202.305766591741 16438.453857421875 1.169189453125 983.2118713964277 154938
90 3169 1479.2174232509421 694.9922275382214 16438.453857421875 1.169189453125 1077.3729190866463 186712
100 3187.1 1410.5246785105164 1294.516103002594 31867.751953125 1.169189453125 1135.6803170819328 218402
110 3187.1 1279.6229002420084 1036.6884192626937 31867.751953125 1.169189453125 1170.6803556122193 250273
120 3156.3 1451.871296229781 1336.2259213058383 32171.58984375 1.169189453125 1182.9865107666653 282144
130 3043.8 1757.6895587524389 1422.624895105355 32171.58984375 1.169189453125 1210.03981363709 313707
140 3198 1775.9587576631754 1381.964919282409 32667.364013671875 1.169189453125 1258.47684727646 344145
150 3132.9 1679.9893933838396 1558.1494864413608 32667.364013671875 1.169189453125 1302.4757080120323 376125
160 3124.5 1780.9439955392877 1473.7315321296776 35380.865966796875 1.169189453125 1331.502607365121 407454
170 3150.2 1508.8636751594536 1112.3397122000104 35380.865966796875 1.169189453125 1363.5127012415644 438699
180 3191.8 1581.315528841424 1997.210346598359 35380.865966796875 1.169189453125 1373.2507630074078 470201
190 3102.6 1516.0392176354496 2332.6595370179402 36087.935791015625 1.169189453125 1386.4767337352434 502119
200 3162.4 1558.03084902543 1128.560492335126 36087.935791015625 1.169189453125 1394.0165317742155 533145
