10 0.1 2.5731584258324927 0 2.5731584258324927 2.5731584258324927 0 0
20 0.1 11.392088132198296 0.0 11.392088132198296 2.5731584258324927 2.5731584258324927 1
30 0.1 19.87981972959439 0.0 19.87981972959439 2.5731584258324927 6.982623279015394 2
40 0.1 25.475475475475474 0.0 25.475475475475474 2.5731584258324927 11.281688762541727 3
50 0.1 30.08998875140607 0.0 30.08998875140607 2.5731584258324927 14.830135440775162 4
60 0.1 30.62605752961083 0.0 30.62605752961083 2.5731584258324927 17.882106102901343 5
70 0.1 30.325318246110328 0.0 30.62605752961083 2.5731584258324927 20.006098007352925 6
80 0.1 30.64561601353256 0.0 30.64561601353256 2.5731584258324927 21.48027232717541 7
90 0.1 30.510866497318656 0.0 30.64561601353256 2.5731584258324927 22.625940287970053 8
100 0.1 30.43723554301834 0.0 30.64561601353256 2.5731584258324927 23.5020432001199 9
110 0.1 30.488838654987283 0.0 30.64561601353256 2.5731584258324927 24.195562434409744 10
120 0.1 30.35107587768969 0.0 30.64561601353256 2.5731584258324927 24.767678454462246 11
130 0.1 30.18707482993197 0.0 30.64561601353256 2.5731584258324927 25.232961573064532 12
140 0.1 30.447085455574417 0.0 30.64561601353256 2.5731584258324927 25.614047208208184 13
150 0.1 30.320204023802777 0.0 30.64561601353256 2.5731584258324927 25.959264225877202 14
160 0.1 30.438472418670436 0.0 30.64561601353256 2.5731584258324927 26.249993545738906 15
170 0.1 30.525720746184287 0.0 30.64561601353256 2.5731584258324927 26.511773475297126 16
180 0.1 31.0267229254571 0.0 31.0267229254571 2.5731584258324927 26.74788802064343 17
190 0.1 30.65198983911939 0.0 31.0267229254571 2.5731584258324927 26.985601070910853 18
200 0.1 30.590896239751203 0.0 31.0267229254571 2.5731584258324927 27.178568900816565 19
