20 0.1 5049 0 5049 5049 0 0
30 0.1 9240.0 0.0 9240 5049 5049.0 1
40 0.1 12582.0 0.0 12582 5049 7144.5 2
50 0.1 16557.0 0.0 16557 5049 8957.0 3
60 0.1 19516.0 0.0 19516 5049 10857.0 4
70 0.1 22315.0 0.0 22315 5049 12588.8 5
80 0.1 18621.0 0.0 22315 5049 14209.833333333334 6
90 0.1 21355.0 0.0 22315 5049 14840.0 7
100 0.1 19530.0 0.0 22315 5049 15654.375 8
110 0.1 18840.0 0.0 22315 5049 16085.0 9
120 0.1 18590.0 0.0 22315 5049 16360.5 10
130 0.1 21989.0 0.0 22315 5049 16563.18181818182 11
140 0.1 20593.0 0.0 22315 5049 17015.333333333336 12
150 0.1 21347.0 0.0 22315 5049 17290.538461538465 13
160 0.1 21571.0 0.0 22315 5049 17580.285714285717 14
170 0.1 20287.0 0.0 22315 5049 17846.333333333336 15
180 0.1 23242.0 0.0 23242 5049 17998.875000000004 16
190 0.1 22587.0 0.0 23242 5049 18307.294117647063 17
200 0.1 25073.0 0.0 25073 5049 18545.05555555556 18
