0 20 1.1458898925781265 0.7656443751384542 7.16796875 0.43603515625 0 0
10 901 1.0863237895393916 0.5752270532520702 9.859130859375 0.239013671875 1.1458898925781265 200
20 1865.1 1.7065466208455677 1.14791072450157 12.727783203125 0.164794921875 1.087617298834478 9210
30 2601.5 82.55736323057309 70.2211840389734 1279.537841796875 0.164794921875 1.5019473941228323 27861
40 3530.1 191.55788596280706 357.22081720334756 7715.651123046875 0.164794921875 40.64101939251272 53876
50 3918.1 202.14648089804786 589.1354284850884 15267.462158203125 0.164794921875 100.38194257671897 89177
60 3795.1 299.34209143142675 1029.4467110658165 15299.14013671875 0.164794921875 131.4453463066617 128358
70 3875.4 427.28560021879036 1591.4611663962276 31314.48095703125 0.164794921875 169.7586629295141 166309
80 3817.1 580.8523248166435 2517.4915993984164 31964.9638671875 0.164794921875 218.42760334152703 205063
90 3837 706.1123033385921 3128.839598052807 37873.2509765625 0.164794921875 275.30334457600355 243234
100 3870.3 698.8449029483141 3252.8680803660054 37873.2509765625 0.164794921875 334.0032911240658 281604
110 3892.4 642.9428390990594 3091.736313837993 55191.998046875 0.164794921875 378.0874507035751 320307
120 3867.2 678.6841172142155 3150.800053667627 57215.987060546875 0.164794921875 406.78550609942295 359231
130 3850 677.9870100890339 3051.4620264203345 58148.43896484375 0.164794921875 433.2112005250273 397903
140 3809.8 650.3841749210635 3089.16668437304 85380.7451171875 0.164794921875 454.80561822658814 436403
150 3834.4 752.8287552042233 3487.100273886709 85380.7451171875 0.164794921875 470.508750259916 474501
160 3858.5 792.7048053341593 3619.0662722009947 85380.7451171875 0.164794921875 491.61703496501116 512845
170 3873.1 828.8766645195307 3782.4582309270063 85380.7451171875 0.164794921875 512.6849340994319 551430
180 3833.7 808.0541812793107 3804.042262031086 88802.44799804688 0.164794921875 533.4359188491879 590161
190 3845.1 839.8977235040733 3679.925258455091 88802.44799804688 0.164794921875 550.1870307489611 628498
200 3759.9 765.0988715961719 3476.709546738043 115637.94091796875 0.164794921875 566.8894560425396 666949
