10 55.3 30.145744889381774 10.1097779218576 81.713134765625 20.21484375 0 0
20 123.8 321.41109810430135 369.8684153265642 2059.884033203125 20.21484375 30.145744889381774 553
30 241.4 2238.3774803433466 1851.093762707019 12074.06982421875 20.21484375 231.47824476658468 1791
40 85.7 2439.964239808198 2779.337355514062 16335.22998046875 20.21484375 1383.5959034306281 4205
50 208 8226.278168076737 3608.7215254880834 22942.348876953125 20.21484375 1562.4397723116194 5062
60 197.4 12672.196736035257 5293.007195566443 35339.27490234375 20.21484375 3503.182402274017 7142
70 319.1 14279.418635221007 7570.961254375481 38964.121826171875 20.21484375 5488.662250326308 9116
80 310 13941.745581054687 8241.250515188234 46578.977783203125 20.21484375 7767.958880227908 12307
90 194.3 16681.05001025315 9309.124336242825 56501.363037109375 20.21484375 9010.16948401599 15407
100 320.4 16726.378101820363 9836.718724527813 78192.48095703125 20.21484375 9869.219677818804 17350
110 321.4 17220.4357859262 10729.488465898776 82008.73999023438 20.21484375 10938.127704991179 20554
120 195.5 20603.80699091376 13364.408041024635 86623.71411132813 20.21484375 11787.645467197723 23768
130 317.7 21615.34198445668 16892.429922720246 99113.41015625 20.21484375 12457.691565198144 25723
140 308.9 21604.47090292674 16362.830681924312 103825.55297851563 20.21484375 13464.399363882723 28900
150 354.8 21848.420383182467 15849.93123843835 113130.35693359375 20.21484375 14250.440846395679 31989
160 329.4 22053.741216792783 17441.424468704787 118140.63500976563 20.21484375 15009.02011297754 35537
170 124.9 24966.9970036576 17427.911009249892 131999.6669921875 20.21484375 15606.617684916646 38831
180 121.6 33692.90003304729 22207.436797404327 131999.6669921875 20.21484375 15898.312140233698 40080
190 278.8 28438.9791010196 19479.339374122956 143319.29516601563 20.21484375 16422.290706624182 41296
200 290.8 29579.8287885789 18203.19378476946 143319.29516601563 20.21484375 17182.26092810078 44084
