10 0.1 2644.2421875 0 2644.2421875 2644.2421875 0 0
20 0.1 2643.42578125 0.0 2644.2421875 2643.42578125 2644.2421875 1
30 0.1 2642.3359375 0.0 2644.2421875 2642.3359375 2643.833984375 2
40 0.1 2641.5859375 0.0 2644.2421875 2641.5859375 2643.3346354166665 3
50 0.1 2640.6484375 0.0 2644.2421875 2640.6484375 2642.8974609375 4
60 0.1 2640.18359375 0.0 2644.2421875 2640.18359375 2642.44765625 5
70 0.1 2639.80859375 0.0 2644.2421875 2639.80859375 2642.0703125 6
80 0.1 2638.53125 0.0 2644.2421875 2638.53125 2641.7472098214284 7
90 0.1 2638.2265625 0.0 2644.2421875 2638.2265625 2641.34521484375 8
100 0.1 2638.9453125 0.0 2644.2421875 2638.2265625 2640.9986979166665 9
110 0.1 2637.39453125 0.0 2644.2421875 2637.39453125 2640.793359375 10
120 0.1 2631.6171875 0.0 2644.2421875 2631.6171875 2640.484375 11
130 0.1 2631.3671875 0.0 2644.2421875 2631.3671875 2639.7454427083335 12
140 0.1 2630.421875 0.0 2644.2421875 2630.421875 2639.1009615384614 13
150 0.1 2629.96875 0.0 2644.2421875 2629.96875 2638.481026785714 14
160 0.1 2629.84765625 0.0 2644.2421875 2629.84765625 2637.913541666667 15
170 0.1 2629.91015625 0.0 2644.2421875 2629.84765625 2637.409423828125 16
180 0.1 2629.89453125 0.0 2644.2421875 2629.84765625 2636.9682904411766 17
190 0.1 2629.21875 0.0 2644.2421875 2629.21875 2636.5753038194443 18
200 0.1 2629.3203125 0.0 2644.2421875 2629.21875 2636.188116776316 19
