10 568.3 1.267204718293594 13.260581219496354 997.925048828125 0.41796875 0 0
20 1427.9 2.0194175832954007 30.101985094156117 1003.005859375 0.404052734375 1.267204718293594 5683
30 2030.4 11.718613813203406 90.33703581682357 3002.553955078125 0.404052734375 1.8052694161876326 19962
40 1296.6 173.8124922611605 381.3448439579017 3049.93798828125 0.404052734375 6.804041199752135 40266
50 917 943.8538395040277 1985.1192489710434 15108.705810546875 0.3388671875 47.483173609998246 53232
60 616 1150.7701210319208 2455.095092759939 15108.705810546875 0.3388671875 179.20521787537837 62402
70 595.7 2541.230324282025 4426.566347672878 32370.1220703125 0.3388671875 266.4961341765992 68562
80 622.7 2068.4685066435122 4733.443889224694 32681.093994140625 0.3388671875 448.33689385477555 74519
90 551.1 2371.4404340732613 5280.250502637067 32681.093994140625 0.3388671875 573.278804944309 80746
100 325.3 5297.231831224302 8955.8415513842 32681.093994140625 0.3388671875 688.1641909202838 86257
110 486 3960.8155895342998 7275.315465424204 32681.093994140625 0.3388671875 855.6683472593404 89510
120 660.3 5317.220923786995 8976.532069980905 32681.093994140625 0.3388671875 1015.5816205183878 94370
130 685.9 4898.985099840306 8580.322040852214 32758.412109375 0.3388671875 1296.8818128419061 100973
140 823.2 4442.967872226669 7705.973591941197 32758.412109375 0.3388671875 1526.0051384365536 107832
150 808.9 3948.3091717919397 7413.09195433501 32758.412109375 0.3388671875 1732.8947616148018 116064
160 532.8 3320.119724353872 5703.898138061304 32758.412109375 0.3388671875 1877.23672003645 124153
170 588.6 4225.214322369167 6995.149361948548 32758.412109375 0.3388671875 1936.609760459394 129481
180 769.7 5163.416018035652 8063.402388692043 32758.412109375 0.3388671875 2036.1223924258327 135367
190 606.5 5564.998125249565 8883.560256168483 32758.412109375 0.3388671875 2204.374217038026 143064
200 493.4 7218.674141539411 10882.306243819625 32758.412109375 0.3388671875 2341.049069033969 149129
