10 0.1 2.01953125 0 2.01953125 2.01953125 0 0
20 0.1 2.37890625 0.0 2.37890625 2.01953125 2.01953125 1
30 0.1 2.83984375 0.0 2.83984375 2.01953125 2.19921875 2
40 0.1 2.48046875 0.0 2.83984375 2.01953125 2.4127604166666665 3
50 0.1 2.171875 0.0 2.83984375 2.01953125 2.4296875 4
60 0.1 1.98046875 0.0 2.83984375 1.98046875 2.378125 5
70 0.1 1.6796875 0.0 2.83984375 1.6796875 2.3118489583333335 6
80 0.1 1.421875 0.0 2.83984375 1.421875 2.2215401785714284 7
90 0.1 1.28125 0.0 2.83984375 1.28125 2.12158203125 8
100 0.1 1.078125 0.0 2.83984375 1.078125 2.0282118055555554 9
110 0.1 0.98828125 0.0 2.83984375 0.98828125 1.933203125 10
120 0.1 0.98828125 0.0 2.83984375 0.98828125 1.8473011363636365 11
130 0.1 1.140625 0.0 2.83984375 0.98828125 1.7757161458333333 12
140 0.1 1.0390625 0.0 2.83984375 0.98828125 1.7268629807692308 13
150 0.1 0.9609375 0.0 2.83984375 0.9609375 1.677734375 14
160 0.1 0.9609375 0.0 2.83984375 0.9609375 1.6299479166666666 15
170 0.1 0.8203125 0.0 2.83984375 0.8203125 1.588134765625 16
180 0.1 0.7890625 0.0 2.83984375 0.7890625 1.54296875 17
190 0.1 0.671875 0.0 2.83984375 0.671875 1.5010850694444444 18
200 0.1 0.640625 0.0 2.83984375 0.640625 1.4574424342105263 19
