10 56.5 34.143482093473445 63.626354845614394 1032.2109375 16.574951171875 0 0
20 141.7 46.66682626835965 109.73725440938001 1237.005126953125 16.574951171875 34.143482093473445 565
30 178.5 239.7175208169204 468.01844541705685 5832.7861328125 16.574951171875 43.09685176845516 1982
40 35.6 7015.543551670029 2314.146821481913 12717.1171875 16.574951171875 136.26592377575815 3767
50 32.8 15841.839322718179 2832.777131394147 21988.15185546875 16.574951171875 730.2564247532891 4123
60 19.2 21355.2756729126 2365.2115741568114 28666.597900390625 16.574951171875 1843.8486940259206 4451
70 12.9 33653.279684850415 3396.58757124845 40660.159912109375 16.574951171875 2650.6964174690056 4643
80 14.9 40862.67199788956 3544.8735501589863 47655.787841796875 16.574951171875 3488.7796617045888 4772
90 13.7 48388.69577761461 4753.263169070193 60150.51904296875 16.574951171875 4620.401274809966 4921
100 6.9 60178.08594103827 4441.775098452236 67959.26000976563 16.574951171875 5805.900750271459 5058
110 7.4 70526.9961993243 5311.607469368379 78581.27001953125 16.574951171875 6537.650463195764 5127
120 9 75517.20447591148 8083.505255376869 88885.73999023438 16.574951171875 7448.092990493113 5201
130 9.5 86936.21987561679 8832.55237027688 100303.1318359375 16.574951171875 8605.949734716824 5291
140 12.9 92688.8599635871 12548.564865240687 109744.42016601563 16.574951171875 9987.564228475734 5386
150 13.1 101153.31526568462 13006.300100154771 118481.47314453125 16.574951171875 11922.009767882691 5515
160 9.7 110088.93301234294 14167.312592521765 129914.5400390625 16.574951171875 13992.378350987909 5646
170 10.2 119119.61947811351 16844.29899672313 139954.72290039063 16.574951171875 15615.461374172906 5743
180 10.4 129436.61194551908 15951.28664396567 147846.544921875 16.574951171875 17421.693046816523 5845
190 9.5 133333.6394839638 23094.819207868943 158702.708984375 16.574951171875 19379.92998839747 5949
200 7.3 141987.70604465433 22190.545102633638 169040.63818359375 16.574951171875 21171.06208668979 6044
