10 54 21.145038519965286 3.1793968146392513 50.30810546875 15.9990234375 0 0
20 144.9 27.025686997228703 83.4617346208693 3159.827880859375 15.47412109375 21.145038519965286 540
30 247.2 215.74769695985668 213.49587084443715 3159.827880859375 15.47412109375 25.429130849555378 1989
40 271.7 826.8728611412221 464.92969039057704 3332.320068359375 15.47412109375 130.8914701063733 4461
50 241.2 3673.669942827367 1018.5376884613801 7868.800048828125 15.47412109375 394.33274057749117 7178
60 173.2 7141.5054434056065 1933.4229840060018 15657.912109375 15.47412109375 1219.1253716334556 9590
70 287.1 13309.70156780629 3115.631155842213 24487.12109375 15.47412109375 2125.1103817296726 11322
80 302.7 13240.193949361343 5624.393060865183 31298.066162109375 15.47412109375 4387.56097675722 14193
90 237.8 13013.34511217739 5341.867745318209 39103.39111328125 15.47412109375 5943.7119644501745 17220
100 293.2 15258.857381240405 5772.4407954220005 52638.356201171875 15.47412109375 6801.533559781092 19598
110 317 14662.783071735752 6466.825229884554 60676.080810546875 15.47412109375 7902.149336279924 22530
120 301.1 13899.827249547892 6970.335328768787 67085.18701171875 15.47412109375 8736.048516878951 25700
130 291.2 13987.940656808722 6435.049529891667 69266.23608398438 15.47412109375 9277.587918643647 28711
140 301.4 15270.170025314805 6389.746854557279 69266.23608398438 15.47412109375 9711.34016142696 31623
150 313.4 15982.614611948837 7279.513962406627 73981.97094726563 15.47412109375 10195.051603230753 34637
160 304 15876.567105182854 7477.255496875404 73981.97094726563 15.47412109375 10675.26717786003 37771
170 297.1 16583.932321030403 7252.005435521465 73981.97094726563 15.47412109375 11062.710557808117 40811
180 325.3 15735.047889763415 7414.218572912136 114017.38500976563 15.47412109375 11437.374800157335 43782
190 328.7 16560.516222390677 8160.177971634211 114017.38500976563 15.47412109375 11734.607298520015 47035
200 323.7 15403.981668862953 7226.531678434758 114017.38500976563 15.47412109375 12049.832500872126 50322
