10 560.26484375 560.26484375
20 1504.2609375 2064.52578125
30 2631.46953125 4695.9953125
40 3115.0375 7811.0328125
50 3173.36796875 10984.40078125
60 2649.44453125 13633.8453125
70 3039.24296875 16673.08828125
80 3200.65234375 19873.740625
90 2493.61484375 22367.35546875
100 3276.16953125 25643.525
110 3168.68828125 28812.21328125
120 3270.925 32083.13828125
130 3106.6875 35189.82578125
140 3323.915625 38513.74140625
150 3201.72578125 41715.4671875
160 3094.6078125 44810.075
170 3278.5671875 48088.6421875
180 3331.3671875 51420.009375
190 3153.10234375 54573.11171875
200 3347.91953125 57921.03125
