10 0.1 2855.46484375 0 2855.46484375 2855.46484375 0 0
20 0.1 2855.01953125 0.0 2855.46484375 2855.01953125 2855.46484375 1
30 0.1 2854.51953125 0.0 2855.46484375 2854.51953125 2855.2421875 2
40 0.1 2854.05859375 0.0 2855.46484375 2854.05859375 2855.0013020833335 3
50 0.1 2854.4453125 0.0 2855.46484375 2854.05859375 2854.765625 4
60 0.1 2853.83984375 0.0 2855.46484375 2853.83984375 2854.7015625 5
70 0.1 2854.046875 0.0 2855.46484375 2853.83984375 2854.5579427083335 6
80 0.1 2853.8203125 0.0 2855.46484375 2853.8203125 2854.484933035714 7
90 0.1 2852.97265625 0.0 2855.46484375 2852.97265625 2854.40185546875 8
100 0.1 2850.40625 0.0 2855.46484375 2850.40625 2854.2430555555557 9
110 0.1 2839.31640625 0.0 2855.46484375 2839.31640625 2853.859375 10
120 0.1 2815.93359375 0.0 2855.46484375 2815.93359375 2852.537286931818 11
130 0.1 2812.6953125 0.0 2855.46484375 2812.6953125 2849.4869791666665 12
140 0.1 2811.4375 0.0 2855.46484375 2811.4375 2846.6568509615386 13
150 0.1 2808.37109375 0.0 2855.46484375 2808.37109375 2844.141183035714 14
160 0.1 2806.40234375 0.0 2855.46484375 2806.40234375 2841.7565104166665 15
170 0.1 2806.91015625 0.0 2855.46484375 2806.40234375 2839.546875 16
180 0.1 2806.1328125 0.0 2855.46484375 2806.1328125 2837.627068014706 17
190 0.1 2807.96875 0.0 2855.46484375 2806.1328125 2835.877387152778 18
200 0.1 2809.1171875 0.0 2855.46484375 2806.1328125 2834.408511513158 19
