20 0.1 4837 0 4837 4837 0 0
30 0.1 9076.0 0.0 9076 4837 4837.0 1
40 0.1 12842.0 0.0 12842 4837 6956.5 2
50 0.1 16048.0 0.0 16048 4837 8918.333333333334 3
60 0.1 20179.0 0.0 20179 4837 10700.75 4
70 0.1 24453.0 0.0 24453 4837 12596.4 5
80 0.1 27440.0 0.0 27440 4837 14572.5 6
90 0.1 30695.0 0.0 30695 4837 16410.714285714286 7
100 0.1 34862.0 0.0 34862 4837 18196.25 8
110 0.1 37969.0 0.0 37969 4837 20048.0 9
120 0.1 36441.0 0.0 37969 4837 21840.1 10
130 0.1 40590.0 0.0 40590 4837 23167.454545454544 11
140 0.1 40257.0 0.0 40590 4837 24619.333333333332 12
150 0.1 33487.0 0.0 40590 4837 25822.23076923077 13
160 0.1 39904.0 0.0 40590 4837 26369.714285714286 14
170 0.1 32922.0 0.0 40590 4837 27272.0 15
180 0.1 36687.0 0.0 40590 4837 27625.125 16
190 0.1 38230.0 0.0 40590 4837 28158.176470588234 17
200 0.1 37242.0 0.0 40590 4837 28717.722222222223 18
