10 0.1 2687.4609375 0 2687.4609375 2687.4609375 0 0
20 0.1 2705.7421875 0.0 2705.7421875 2687.4609375 2687.4609375 1
30 0.1 2719.8203125 0.0 2719.8203125 2687.4609375 2696.6015625 2
40 0.1 2731.9140625 0.0 2731.9140625 2687.4609375 2704.3411458333335 3
50 0.1 2739.75390625 0.0 2739.75390625 2687.4609375 2711.234375 4
60 0.1 2740.55859375 0.0 2740.55859375 2687.4609375 2716.93828125 5
70 0.1 2739.15234375 0.0 2740.55859375 2687.4609375 2720.875 6
90 0.1 2738.05859375 0.0 2740.55859375 2687.4609375 2723.4860491071427 7
100 0.1 2738.6171875 0.0 2740.55859375 2687.4609375 2725.3076171875 8
110 0.1 2733.28125 0.0 2740.55859375 2687.4609375 2726.7864583333335 9
130 0.1 2732.05078125 0.0 2740.55859375 2687.4609375 2727.4359375 10
140 0.1 2735.1484375 0.0 2740.55859375 2687.4609375 2727.85546875 11
150 0.1 2737.53125 0.0 2740.55859375 2687.4609375 2728.4632161458335 12
160 0.1 2732.7109375 0.0 2740.55859375 2687.4609375 2729.1607572115386 13
170 0.1 2734.40625 0.0 2740.55859375 2687.4609375 2729.4143415178573 14
190 0.1 2733.5078125 0.0 2740.55859375 2687.4609375 2729.747135416667 15
200 0.1 2734.72265625 0.0 2740.55859375 2687.4609375 2729.982177734375 16
