0 6.8 2.362724752987132 4.15179345075753 25.267822265625 0.619873046875 0 0
10 947.5 1.7826831247938677 20.639133334535206 1004.744140625 0.399169921875 2.362724752987132 68
20 1828 2.0303281955176384 29.623840201329724 1008.134033203125 0.327880859375 1.7868162936838543 9543
30 2776.1 6.031092976446827 65.19059523756998 3012.06103515625 0.327880859375 1.9468061425686465 27823
40 3006.4 123.46288904146415 434.10848146876174 7035.3369140625 0.327880859375 3.986671693721715 55584
50 2893.1 405.2485975183971 1057.1516577655682 15051.087890625 0.327880859375 45.92498897308058 85648
60 3107 837.6790980265089 2143.3579918474197 16525.76806640625 0.327880859375 136.6535807641117 114579
70 2965.1 956.8867748880994 2796.4526158597882 32588.962158203125 0.327880859375 286.19709167968733 145649
80 2984.2 1083.4152210758 3682.1532328415865 32588.962158203125 0.327880859375 399.640444770461 175300
90 3002.2 1185.6718671200244 3860.653950690806 32648.571044921875 0.327880859375 499.1091390139797 205142
100 2905.9 1097.2738535195374 3678.077517125087 32648.571044921875 0.327880859375 586.7585505871783 235164
110 2930.3 1260.4581743860135 3961.013503786092 32648.571044921875 0.327880859375 642.9045491865108 264223
120 2937.9 1147.019816234471 3470.727736195478 32648.571044921875 0.327880859375 704.5555575442747 293526
130 2946.4 1483.6898237109765 4406.726985785438 32648.571044921875 0.327880859375 744.8124673352636 322905
140 2835.1 1387.6295834213981 4063.9263385170793 32648.571044921875 0.327880859375 806.5950941504885 352369
150 2839.6 1517.6227395841847 4427.478238998754 32648.571044921875 0.327880859375 849.8628731096175 380720
160 2948.2 1540.0548084523791 4295.696776951445 32650.537841796875 0.327880859375 896.2108750660598 409116
170 2918.4 1882.0094453744725 5042.571674628655 32650.537841796875 0.327880859375 939.489245793002 438598
180 2963.7 1296.7787783778897 4206.96894094615 32650.537841796875 0.327880859375 998.2912294191049 467782
190 3009.6 1546.7480133721806 4400.062633595688 32650.537841796875 0.327880859375 1016.0755832304621 497419
200 2999.3 1546.416341978817 4364.082054949292 32650.537841796875 0.327880859375 1046.351722217117 527515
201 38 1961.7487670898422 5966.244480385709 32650.537841796875 0.327880859375 1073.2543642249673 557508
