0 7.33125 7.33125
10 1021.0921875 1028.4234375
20 1970.9203125 2999.34375
30 2990.3953125 5989.7390625
40 3236.53125 9226.2703125
50 3116.859375 12343.1296875
60 3355.125 15698.2546875
70 3195.4546875 18893.709375
80 3219.928125 22113.6375
90 3229.5234375 25343.1609375
100 3129.796875 28472.9578125
110 3161.8171875 31634.775
120 3169.1484375 34803.9234375
130 3165.0515625 37968.975
140 3063.7078125 41032.6828125
150 3065.325 44098.0078125
160 3181.6546875 47279.6625
170 3141.1171875 50420.7796875
180 3198.0421875 53618.821875
190 3246.9890625 56865.8109375
200 3232.65 60098.4609375
201 41.4 60139.8609375
