10 583.5 0.9141715369269494 0.29550046616272624 6.7021484375 0.3759765625 0 0
20 1509.7 1.0057020589769445 8.153383518102215 1001.408935546875 0.364013671875 0.9141715369269494 5835
30 2097.8 20.418992655624397 138.7572608388647 3003.83984375 0.363037109375 0.9801870295405924 20932
40 2093.6 312.8293700985286 757.3671547970422 7020.837158203125 0.363037109375 10.710257762634987 41910
50 2047.5 767.8141411973443 1746.291146303371 15037.56494140625 0.363037109375 111.35573616801112 62846
60 2008.2 1099.207169270542 2727.3610239679238 31051.73388671875 0.286865234375 272.6714410080346 83321
70 2113.1 1287.3861183750369 3548.2477208803884 31096.366943359375 0.286865234375 433.19377106584403 103403
80 2118.4 1619.0205899955902 4609.119324146718 31098.777099609375 0.286865234375 578.133614730952 124534
90 2085.8 1844.3723603831138 4965.819653122405 31103.10693359375 0.286865234375 729.4543141915957 145718
100 2088.8 1949.9834904577676 5432.62574325639 31116.513916015625 0.286865234375 869.0600233421499 166576
110 2070.2 2170.7956032799457 5769.449465949743 31116.513916015625 0.286865234375 989.5009046906275 187464
120 2011.5 1796.5964909776649 5055.083349060832 31116.513916015625 0.286865234375 1106.9800456175612 208166
130 2065.5 1746.5100531329438 4644.642743348262 31138.885009765625 0.286865234375 1167.7456581670876 228281
140 2048.8 2086.2349631515413 5401.910858453562 31138.885009765625 0.286865234375 1215.767553666412 248936
150 2071.6 1772.7140060280421 5060.93002790478 31138.885009765625 0.286865234375 1281.9611232278887 269424
160 2089.1 2473.222707751979 5964.291944926206 31138.885009765625 0.286865234375 1317.0008858255587 290140
170 2036.7 2374.9182190160122 6089.6617738796995 31138.885009765625 0.286865234375 1394.6607656506078 311031
180 2020.4 2364.874448810627 6187.322602193731 31138.885009765625 0.286865234375 1454.9052558186027 331398
190 2073.4 2425.4582673193554 5699.917398249375 31214.952880859375 0.281005859375 1507.194541929634 351602
200 1996 3765.9673432802956 7833.985501047517 31232.284912109375 0.281005859375 1558.3292162083244 372336
