10 59 24.040973003840033 4.771311671424993 52.076171875 17.177001953125 0 0
20 152.5 39.82168497054301 34.591104829387895 1049.333984375 17.177001953125 24.040973003840033 590
30 180.1 870.1420036286261 647.9898833254781 3682.446044921875 17.177001953125 35.41950054484336 2115
40 131.8 4281.49688137211 2091.16518425223 12149.8330078125 17.177001953125 419.31511547178224 3916
50 132 8135.883478523023 3827.2319670277557 21239.846923828125 17.177001953125 1391.8706308437027 5234
60 154.4 12433.49530187418 5792.602452180069 29656.64599609375 17.177001953125 2750.1399257684357 6554
70 138.3 14311.922381816872 8568.334524543103 39236.90478515625 17.177001953125 4596.410696416407 8098
80 161.9 18056.296396822192 10813.669518291255 49542.693115234375 17.177001953125 6013.619077484737 9481
90 168.3 20501.10361890972 12728.390681240195 59743.0400390625 17.177001953125 7770.1140846926055 11100
100 178.3 22027.813008135632 14352.09555668606 65610.65307617188 17.177001953125 9446.266426559727 12783
110 160.1 25196.018778241632 16432.133869140336 78763.19580078125 17.177001953125 10986.352761514405 14566
120 150.6 30822.336528398126 22591.137751492864 90663.5830078125 17.177001953125 12393.520157616358 16167
130 162.6 35794.744689866326 27993.6658342746 101480.919921875 17.177001953125 13963.926848862742 17673
140 168.4 41956.2849860475 31738.30786262903 108743.65502929688 17.177001953125 15803.240274919628 19299
150 146.5 46271.87329734819 33713.989509233594 119188.4169921875 17.177001953125 17902.164513281125 20983
160 155.9 48878.517752421605 35475.83196824946 131053.60498046875 17.177001953125 19753.626708962624 22448
170 158.7 47378.15667413084 36685.872174366275 133345.68017578125 17.177001953125 21644.979445112604 24007
180 166.2 55847.514916669 38657.67689293478 144601.44995117188 17.177001953125 23240.609368627956 25594
190 146 59565.51997070313 38212.96925371443 159511.92822265625 17.177001953125 25228.893673766066 27256
200 150.7 64146.17476645445 38716.21370027312 165883.60717773438 17.177001953125 26974.66169137047 28716
