10 0.1 353 0 353 353 0 0
20 0.1 3595.0 0.0 3595 353 353.0 1
30 0.1 7756.0 0.0 7756 353 1974.0 2
40 0.1 11055.0 0.0 11055 353 3901.3333333333335 3
50 0.1 14797.0 0.0 14797 353 5689.75 4
60 0.1 18696.0 0.0 18696 353 7511.2 5
70 0.1 22993.0 0.0 22993 353 9375.333333333334 6
80 0.1 26111.0 0.0 26111 353 11320.714285714286 7
90 0.1 29535.0 0.0 29535 353 13169.5 8
100 0.1 33132.0 0.0 33132 353 14987.888888888889 9
110 0.1 35405.0 0.0 35405 353 16802.3 10
120 0.1 37257.0 0.0 37257 353 18493.454545454544 11
130 0.1 29924.0 0.0 37257 353 20057.083333333332 12
140 0.1 33738.0 0.0 37257 353 20816.076923076922 13
150 0.1 30128.0 0.0 37257 353 21739.071428571428 14
160 0.1 31198.0 0.0 37257 353 22298.333333333332 15
170 0.1 32297.0 0.0 37257 353 22854.5625 16
180 0.1 30457.0 0.0 37257 353 23410.0 17
190 0.1 36726.0 0.0 37257 353 23801.5 18
200 0.1 30685.0 0.0 37257 353 24481.736842105263 19
