10 552 0.972066066576088 0.7067205841749211 14.14501953125 0.240234375 0 0
20 1528.4 0.9615111921320904 0.6955393668243729 19.257080078125 0.1328125 0.972066066576088 5520
30 2375.6 1.0446444265889596 1.1274867680848857 43.740966796875 0.126953125 0.9643117548570888 20804
40 3314.6 1.0857262468392763 1.2602722744747554 45.31005859375 0.126953125 1.0071390203342505 44560
50 4185.7 1.2661597272876115 7.623100927215657 1001.61181640625 0.109130859375 1.0406609132348705 77706
60 5273.5 1.7272035618466777 13.106829082217152 1052.205078125 0.109130859375 1.1196042641026607 119563
70 6110.7 4.309261060516834 23.121643159364446 1052.205078125 0.109130859375 1.3055713035722467 172298
80 6856.2 12.945013546845601 46.23852550198312 1631.807861328125 0.109130859375 2.091957499144805 233405
90 7636.1 22.33998812231135 83.70714638323041 2293.7060546875 0.109130859375 4.5561579870870705 301967
100 7702.7 72.4649494258357 315.61505861680655 9042.819091796875 0.109130859375 8.145612251523913 378328
110 7272.3 168.691219878883 781.0308646774172 16295.77197265625 0.089111328125 19.025751010351012 455355
120 7271.9 291.1521688204344 1426.04744548237 23371.565185546875 0.070068359375 39.63657345045693 528078
130 7185.4 353.7754616511872 1932.1335454069676 36007.490234375 0.070068359375 70.079406187154 600797
140 6976.3 400.92280038826186 2381.994251062387 46096.784912109375 0.070068359375 100.38441780434127 672651
150 7147.5 447.322522564434 2675.5712929060896 48356.23583984375 0.070068359375 128.62534427421124 742414
160 7088.2 456.3073241374662 2813.161837373151 61815.958984375 0.070068359375 156.6130438478554 813889
170 7111 433.5774085600472 2924.125679322715 68362.23608398438 0.070068359375 180.62256718834485 884771
180 7232.2 398.0964312596798 2809.304533708974 68362.23608398438 0.070068359375 199.44041038215428 955881
190 7372.3 468.24902880559404 3063.473726199178 86056.58911132813 0.070068359375 213.41352730741554 1028203
200 6904.9 508.7289610988159 3197.412617950877 95216.89794921875 0.070068359375 230.46298224082327 1101926
