10 0.1 283 0 283 283 0 0
20 0.1 2461.0 0.0 2461 283 283.0 1
30 0.1 5228.0 0.0 5228 283 1372.0 2
40 0.1 7356.0 0.0 7356 283 2657.3333333333335 3
50 0.1 9814.0 0.0 9814 283 3832.0 4
60 0.1 12301.0 0.0 12301 283 5028.4 5
70 0.1 15031.0 0.0 15031 283 6240.5 6
80 0.1 17128.0 0.0 17128 283 7496.285714285715 7
90 0.1 19369.0 0.0 19369 283 8700.25 8
100 0.1 21784.0 0.0 21784 283 9885.666666666666 9
110 0.1 23341.0 0.0 23341 283 11075.5 10
120 0.1 24706.0 0.0 24706 283 12190.545454545454 11
130 0.1 20090.0 0.0 24706 283 13233.5 12
140 0.1 22804.0 0.0 24706 283 13760.923076923076 13
150 0.1 20755.0 0.0 24706 283 14406.857142857143 14
160 0.1 21660.0 0.0 24706 283 14830.066666666668 15
170 0.1 22169.0 0.0 24706 283 15256.9375 16
180 0.1 21080.0 0.0 24706 283 15663.529411764706 17
190 0.1 25267.0 0.0 25267 283 15964.444444444445 18
200 0.1 21497.0 0.0 25267 283 16454.052631578947 19
