10 0.1 1989.96484375 0 1989.96484375 1989.96484375 0 0
20 0.1 1998.06640625 0.0 1998.06640625 1989.96484375 1989.96484375 1
30 0.1 2008.04296875 0.0 2008.04296875 1989.96484375 1994.015625 2
40 0.1 2019.4765625 0.0 2019.4765625 1989.96484375 1998.69140625 3
50 0.1 2025.828125 0.0 2025.828125 1989.96484375 2003.8876953125 4
60 0.1 2029.0 0.0 2029.0 1989.96484375 2008.27578125 5
70 0.1 2035.4296875 0.0 2035.4296875 1989.96484375 2011.7298177083333 6
80 0.1 2042.9765625 0.0 2042.9765625 1989.96484375 2015.115513392857 7
90 0.1 2044.05078125 0.0 2044.05078125 1989.96484375 2018.59814453125 8
100 0.1 2078.61328125 0.0 2078.61328125 1989.96484375 2021.4262152777778 9
110 0.1 2085.7421875 0.0 2085.7421875 1989.96484375 2027.144921875 10
120 0.1 2085.890625 0.0 2085.890625 1989.96484375 2032.4719460227273 11
130 0.1 2090.11328125 0.0 2090.11328125 1989.96484375 2036.9235026041667 12
140 0.1 2090.36328125 0.0 2090.36328125 1989.96484375 2041.0150240384614 13
150 0.1 2090.48828125 0.0 2090.48828125 1989.96484375 2044.5398995535713 14
160 0.1 2090.8828125 0.0 2090.8828125 1989.96484375 2047.603125 15
170 0.1 2091.0859375 0.0 2091.0859375 1989.96484375 2050.30810546875 16
180 0.1 2091.31640625 0.0 2091.31640625 1989.96484375 2052.7068014705883 17
190 0.1 2091.25 0.0 2091.31640625 1989.96484375 2054.8517795138887 18
200 0.1 2091.26171875 0.0 2091.31640625 1989.96484375 2056.7674753289475 19
