0 0.1 1353.2109375 0 1353.2109375 1353.2109375 0 0
10 0.1 1352.7578125 0.0 1353.2109375 1352.7578125 1353.2109375 1
20 0.1 1353.45703125 0.0 1353.45703125 1352.7578125 1352.984375 2
30 0.1 1356.1796875 0.0 1356.1796875 1352.7578125 1353.1419270833333 3
40 0.1 1359.7578125 0.0 1359.7578125 1352.7578125 1353.9013671875 4
50 0.1 1357.96875 0.0 1359.7578125 1352.7578125 1355.07265625 5
60 0.1 1355.609375 0.0 1359.7578125 1352.7578125 1355.5553385416667 6
70 0.1 1359.83984375 0.0 1359.83984375 1352.7578125 1355.5630580357142 7
80 0.1 1351.453125 0.0 1359.83984375 1351.453125 1356.09765625 8
90 0.1 1355.40234375 0.0 1359.83984375 1351.453125 1355.5815972222222 9
100 0.1 1357.05859375 0.0 1359.83984375 1351.453125 1355.563671875 10
110 0.1 1342.3046875 0.0 1359.83984375 1342.3046875 1355.6995738636363 11
120 0.1 1342.04296875 0.0 1359.83984375 1342.04296875 1354.5833333333333 12
130 0.1 1344.078125 0.0 1359.83984375 1342.04296875 1353.6186899038462 13
140 0.1 1334.7734375 0.0 1359.83984375 1334.7734375 1352.937220982143 14
150 0.1 1329.15625 0.0 1359.83984375 1329.15625 1351.7263020833334 15
160 0.1 1331.55859375 0.0 1359.83984375 1329.15625 1350.315673828125 16
170 0.1 1336.80859375 0.0 1359.83984375 1329.15625 1349.2123161764705 17
180 0.1 1343.3359375 0.0 1359.83984375 1329.15625 1348.523220486111 18
190 0.1 1342.5234375 0.0 1359.83984375 1329.15625 1348.2502055921052 19
200 0.1 1345.7421875 0.0 1359.83984375 1329.15625 1347.9638671875 20
