10 0.1 1240.07421875 0 1240.07421875 1240.07421875 0 0
20 0.1 1240.73828125 0.0 1240.73828125 1240.07421875 1240.07421875 1
30 0.1 1240.1328125 0.0 1240.73828125 1240.07421875 1240.40625 2
40 0.1 1241.390625 0.0 1241.390625 1240.07421875 1240.3151041666667 3
50 0.1 1242.375 0.0 1242.375 1240.07421875 1240.583984375 4
60 0.1 1243.421875 0.0 1243.421875 1240.07421875 1240.9421875 5
70 0.1 1229.8046875 0.0 1243.421875 1229.8046875 1241.35546875 6
80 0.1 1197.48046875 0.0 1243.421875 1197.48046875 1239.705357142857 7
90 0.1 1167.6171875 0.0 1243.421875 1167.6171875 1234.42724609375 8
100 0.1 1167.3046875 0.0 1243.421875 1167.3046875 1227.00390625 9
110 0.1 1168.015625 0.0 1243.421875 1167.3046875 1221.033984375 10
130 0.1 1175.68359375 0.0 1243.421875 1167.3046875 1216.2141335227273 11
140 0.1 1162.26953125 0.0 1243.421875 1162.26953125 1212.8365885416667 12
150 0.1 1171.08203125 0.0 1243.421875 1162.26953125 1208.9468149038462 13
160 0.1 1171.4375 0.0 1243.421875 1162.26953125 1206.2421875 14
170 0.1 1162.77734375 0.0 1243.421875 1162.26953125 1203.921875 15
180 0.1 1165.87890625 0.0 1243.421875 1162.26953125 1201.350341796875 16
200 0.1 1163.58984375 0.0 1243.421875 1162.26953125 1199.2637867647059 17
