10 882.325 882.325
20 1892.6828125 2775.0078125
30 2870.9125 5645.9203125
40 3816.81640625 9462.73671875
50 4791.46796875 14254.2046875
60 5365.43828125 19619.64296875
70 5515.9671875 25135.61015625
80 5582.24921875 30717.859375
90 5561.78203125 36279.64140625
100 5543.103125 41822.74453125
110 5556.596875 47379.34140625
120 5609.53046875 52988.871875
130 5356.23203125 58345.10390625
140 5533.559375 63878.66328125
150 5513.2265625 69391.88984375
160 5487.3671875 74879.25703125
170 5658.7421875 80537.99921875
180 5499.55078125 86037.55
190 5620.5875 91658.1375
200 5671.0328125 97329.1703125
