10 894.9 1.4823989859638638 15.033902103016821 1003.60791015625 0.403076171875 0 0
20 1927.5 3.208883501540205 44.888882002488984 1006.90185546875 0.3662109375 1.4823989859638638 8949
30 2834.9 10.48834769992981 83.18813110232357 1514.450927734375 0.3662109375 2.6614660578790414 28224
40 3279 50.78018505099913 164.11405467990514 1596.8720703125 0.3662109375 6.583553761739491 56573
50 3570.6 179.12967978590555 245.9299211942524 7228.468017578125 0.3662109375 22.800640699004617 89363
60 3581.5 316.07191501411205 479.271392921976 7228.468017578125 0.3662109375 67.43108205247259 125069
70 3472.1 258.22897067539293 422.11458374157104 15122.64306640625 0.3662109375 122.78196487811788 160884
80 3413 241.91973327940724 330.9498817831744 15122.64306640625 0.3662109375 146.82457875959935 195605
90 3300.2 191.06444034168416 338.6172231785028 15122.64306640625 0.3662109375 160.9521501952145 229735
100 3556.7 269.5661949136073 403.79099818607193 15155.5009765625 0.3662109375 164.73450973884098 262737
110 3464.3 237.3256434310209 381.3869584994503 15229.38720703125 0.3662109375 177.2336667954373 298304
120 3469.9 248.92001478479528 362.6752413643398 15229.38720703125 0.3662109375 183.48621253570985 332947
130 3390.5 262.36038686045947 336.12325111145 15229.38720703125 0.3662109375 189.66195633338756 367646
140 3463.5 262.0963179914183 386.753936445114 15229.38720703125 0.3662109375 195.80025579477694 401551
150 3188.2 279.11781904023064 478.8086049748164 15229.38720703125 0.3662109375 201.06444151871278 436186
160 3358.5 208.2529797877594 329.86518092377634 15229.38720703125 0.3662109375 206.3809719846729 468068
170 3534.7 257.2105059318692 339.437648291574 15229.38720703125 0.3662109375 206.5063004130221 501653
180 3357.6 240.25072122409742 391.89518180374205 15229.38720703125 0.3662109375 209.84380795952993 537000
190 3504.7 216.7076229986116 334.13917243241497 15229.38720703125 0.3662109375 211.63312703318726 570576
200 3255.4 228.91037271725415 378.3064003572828 15229.38720703125 0.3662109375 211.92678473789834 605623
