10 887.51171875 887.51171875
20 1911.05234375 2798.5640625
30 2807.096875 5605.6609375
40 3252.7875 8858.4484375
50 3429.1984375 12287.646875
60 3376.51328125 15664.16015625
70 3424.53515625 19088.6953125
80 3382.06953125 22470.76484375
90 3383.45859375 25854.2234375
100 3418.58203125 29272.80546875
110 3385.740625 32658.54609375
120 3434.3578125 36092.90390625
130 3310.83046875 39403.734375
140 3449.14140625 42852.87578125
150 3140.76953125 45993.6453125
160 3446.065625 49439.7109375
170 3423.2453125 52862.95625
180 3370.36171875 56233.31796875
190 3431.38125 59664.69921875
200 3302.5953125 62967.29453125
