10 0.1 2.084379708689101 0 2.084379708689101 2.084379708689101 0 0
20 0.1 17.578027465667915 0.0 17.578027465667915 2.084379708689101 2.084379708689101 1
30 0.1 33.85146804835924 0.0 33.85146804835924 2.084379708689101 9.831203587178509 2
40 0.1 48.37810440952864 0.0 48.37810440952864 2.084379708689101 17.837958407572085 3
50 0.1 64.10513141426783 0.0 64.10513141426783 2.084379708689101 25.472994908061224 4
60 0.1 68.93180151552187 0.0 68.93180151552187 2.084379708689101 33.19942220930254 5
70 0.1 69.1187547075069 0.0 69.1187547075069 2.084379708689101 39.1548187603391 6
80 0.1 67.87250189729319 0.0 69.1187547075069 2.084379708689101 43.43538103850592 7
90 0.1 68.75466070096942 0.0 69.1187547075069 2.084379708689101 46.490021145854335 8
100 0.1 69.26249393498301 0.0 69.26249393498301 2.084379708689101 48.96386998531156 9
110 0.1 68.54554604932058 0.0 69.26249393498301 2.084379708689101 50.99373238027871 10
120 0.1 69.24407114624506 0.0 69.26249393498301 2.084379708689101 52.58935180473706 11
130 0.1 68.81559220389805 0.0 69.26249393498301 2.084379708689101 53.97724508319607 12
140 0.1 67.88087619985232 0.0 69.26249393498301 2.084379708689101 55.118656400173144 13
150 0.1 69.25173439048564 0.0 69.26249393498301 2.084379708689101 56.030243528721655 14
160 0.1 68.66899302093718 0.0 69.26249393498301 2.084379708689101 56.91167625283926 15
170 0.1 67.80855199222546 0.0 69.26249393498301 2.084379708689101 57.646508550845375 16
180 0.1 66.93587860988742 0.0 69.26249393498301 2.084379708689101 58.24427581210303 17
190 0.1 69.12751677852349 0.0 69.26249393498301 2.084379708689101 58.72714263420216 18
