10 611.3953125 611.3953125
20 1498.1203125 2109.515625
30 2393.60625 4503.121875
40 3050.184375 7553.30625
50 3294.1125 10847.41875
60 3210.6375 14058.05625
70 3222.9421875 17280.9984375
80 3312.9140625 20593.9125
90 3293.521875 23887.434375
100 3330.0421875 27217.4765625
110 3283.9734375 30501.45
120 3297.7546875 33799.2046875
130 3289.584375 37088.7890625
140 3257.3953125 40346.184375
150 3286.3359375 43632.5203125
160 3303.4640625 46935.984375
170 3202.36875 50138.353125
180 3182.878125 53321.23125
190 3237.9046875 56559.1359375
200 3232.3921875 59791.528125
