10 90.2 1.0952933368555984 0.3764956226406398 7.0458984375 0.571044921875 0 0
20 183.3 1.5903036613901427 23.355654213752768 1001.014892578125 0.5 1.0952933368555984 902
30 289.6 1.0125686898415924 0.27262049871914207 1001.014892578125 0.416015625 1.4270497993315836 2735
40 374.9 3.710274237192421 51.46566590728517 1001.014892578125 0.416015625 1.2138838797643638 5631
50 450.3 8.47096071152218 85.15891980901525 1004.14404296875 0.416015625 2.2116416036447246 9380
60 553.1 46.67320300846926 213.1067037486046 3004.31298828125 0.416015625 4.241873825986595 13883
70 627 241.67900328324356 531.1917900322334 7097.193115234375 0.416015625 16.330453289688645 19414
80 756.7 700.9799046164178 1136.1923018510006 15064.89990234375 0.416015625 71.34273363774928 25684
90 693.9 811.3025052226885 1666.1086416041373 18421.491943359375 0.416015625 214.63058882392664 33251
100 769.6 717.0402970660999 1461.700178664615 31899.2548828125 0.416015625 317.64891248381736 40190
110 756.7 631.0451792115416 1347.6497262045136 32085.260009765625 0.416015625 381.8371114510572 47886
120 749.8 639.9701948514412 1320.884091201296 32085.260009765625 0.416015625 415.84352136113574 55453
130 791.4 654.5488626761133 1178.339898602888 32085.260009765625 0.416015625 442.5389161575696 62951
140 685.8 692.2217588605502 1355.6944531736087 32085.260009765625 0.416015625 466.21557906235694 70865
150 793 589.4747808276037 1115.1691918857837 32085.260009765625 0.416015625 486.1575573835232 77723
160 707.4 748.4654138946318 1201.0778285165693 32085.260009765625 0.416015625 495.72296176996105 85653
170 688.7 612.4538231067716 1513.3032325807394 32085.260009765625 0.416015625 515.0042941362613 92727
180 720.8 550.8807630126117 918.3088912021498 32085.260009765625 0.416015625 521.741649387731 99614
190 655.4 588.3767773765303 1069.7884110853631 32085.260009765625 0.416015625 523.7078616942608 106822
200 727.8 723.8263207477826 1294.730449576209 32085.260009765625 0.416015625 527.4462196658033 113376
