10 0.1 0.44140625 0 0.44140625 0.44140625 0 0
20 0.1 0.44921875 0.0 0.44921875 0.44140625 0.44140625 1
30 0.1 0.609375 0.0 0.609375 0.44140625 0.4453125 2
40 0.1 0.8984375 0.0 0.8984375 0.44140625 0.5 3
50 0.1 1.078125 0.0 1.078125 0.44140625 0.599609375 4
60 0.1 1.51953125 0.0 1.51953125 0.44140625 0.6953125 5
70 0.1 1.6796875 0.0 1.6796875 0.44140625 0.8326822916666666 6
80 0.1 2.28125 0.0 2.28125 0.44140625 0.9536830357142857 7
90 0.1 2.51171875 0.0 2.51171875 0.44140625 1.11962890625 8
110 0.1 2.76171875 0.0 2.76171875 0.44140625 1.2743055555555556 9
120 0.1 2.94921875 0.0 2.94921875 0.44140625 1.423046875 10
140 0.1 3.19140625 0.0 3.19140625 0.44140625 1.5617897727272727 11
160 0.1 3.33984375 0.0 3.33984375 0.44140625 1.6975911458333333 12
170 0.1 3.37109375 0.0 3.37109375 0.44140625 1.8239182692307692 13
180 0.1 3.37890625 0.0 3.37890625 0.44140625 1.9344308035714286 14
190 0.1 3.62890625 0.0 3.62890625 0.44140625 2.0307291666666667 15
