20 0.1 3400 0 3400 3400 0 0
30 0.1 5943.0 0.0 5943 3400 3.4e3 1
40 0.1 8438.0 0.0 8438 3400 4671.5 2
50 0.1 10023.0 0.0 10023 3400 5927.0 3
60 0.1 11658.0 0.0 11658 3400 6951.0 4
70 0.1 10593.0 0.0 11658 3400 7892.4 5
80 0.1 12741.0 0.0 12741 3400 8342.5 6
90 0.1 8927.0 0.0 12741 3400 8970.857142857143 7
100 0.1 13023.0 0.0 13023 3400 8965.375 8
110 0.1 12353.0 0.0 13023 3400 9416.222222222223 9
120 0.1 12850.0 0.0 13023 3400 9709.9 10
130 0.1 12959.0 0.0 13023 3400 9995.363636363636 11
140 0.1 14262.0 0.0 14262 3400 10242.333333333334 12
150 0.1 12930.0 0.0 14262 3400 10551.538461538461 13
160 0.1 16140.0 0.0 16140 3400 10721.42857142857 14
170 0.1 13915.0 0.0 16140 3400 11082.666666666666 15
180 0.1 13887.0 0.0 16140 3400 11259.6875 16
190 0.1 14867.0 0.0 16140 3400 11414.235294117647 17
200 0.1 15539.0 0.0 16140 3400 11606.055555555555 18
