10 0.1 3.5965794768611667 0 3.5965794768611667 3.5965794768611667 0 0
20 0.1 19.598997493734334 0.0 19.598997493734334 3.5965794768611667 3.5965794768611667 1
30 0.1 35.58080808080808 0.0 35.58080808080808 3.5965794768611667 11.59778848529775 2
40 0.1 48.43037974683544 0.0 48.43037974683544 3.5965794768611667 19.59212835046786 3
50 0.1 64.44274028629857 0.0 64.44274028629857 3.5965794768611667 26.801691199559755 4
60 0.1 77.89634146341463 0.0 77.89634146341463 3.5965794768611667 34.32990101690752 5
70 0.1 88.5012285012285 0.0 88.5012285012285 3.5965794768611667 41.590974424658704 6
80 0.1 91.4606400728045 0.0 91.4606400728045 3.5965794768611667 48.292439292740106 7
100 0.1 92.71819590290929 0.0 92.71819590290929 3.5965794768611667 53.68846439024816 8
110 0.1 91.2421985101671 0.0 92.71819590290929 3.5965794768611667 58.02510122498828 9
130 0.1 90.85857182550708 0.0 92.71819590290929 3.5965794768611667 61.346810953506164 10
140 0.1 90.26859504132231 0.0 92.71819590290929 3.5965794768611667 64.02969830550624 11
160 0.1 91.89278079263279 0.0 92.71819590290929 3.5965794768611667 66.21627303349092 12
170 0.1 89.1995221027479 0.0 92.71819590290929 3.5965794768611667 68.19138901496338 13
180 0.1 92.29338842975207 0.0 92.71819590290929 3.5965794768611667 69.69196994980513 14
200 0.1 84.90536766987279 0.0 92.71819590290929 3.5965794768611667 71.19873118180159 15
