0 1.3 15.874380258413462 5.983966682155104 26.907958984375 9.947021484375 0 0
10 96.3 12.300735109196516 2.2009555391088513 26.907958984375 8.85400390625 15.874380258413462 13
20 196 13.205105279416461 8.395725645250003 262.302978515625 8.85400390625 12.348334890897151 976
30 297.3 16.975520324193802 27.00819246507059 273.26904296875 8.6669921875 12.920293324649824 2936
40 360.3 25.65710987913714 57.57947249139559 1019.889892578125 8.6669921875 14.960602999661543 5909
50 463.4 71.1191687585981 140.34654530233786 1505.75390625 8.6669921875 19.012276074383006 9512
60 525.6 372.6523475124407 415.61239981562545 3737.691162109375 8.6669921875 36.08164838448146 14146
70 465.1 1497.989127212227 1119.8337640618577 8447.236083984375 8.6669921875 127.25861955325549 19402
80 451.6 4205.191596167193 2305.8866343737473 17127.755126953125 8.6669921875 392.3094486025166 24053
90 613.4 6249.49460868724 3812.489920997824 25569.701904296875 8.6669921875 995.0248316541487 28569
100 496.2 6219.0096728299095 4539.702181072937 35101.739990234375 8.6669921875 1923.7894229667436 34703
110 595.8 6275.942194318568 5327.225106713898 39535.863037109375 8.6669921875 2461.1115679263057 39665
120 511 6509.343102430128 5711.441983195739 51329.988037109375 8.6669921875 2959.2980280899314 45623
130 495.6 6403.827010504936 6512.700674435557 62482.912841796875 8.6669921875 3316.870620483017 50733
140 594.9 6341.505763056614 6942.735568952342 70640.35791015625 8.6669921875 3591.591945501398 55689
150 505.3 6292.061591369759 5707.755532605624 74593.58984375 8.6669921875 3857.0002536982247 61638
160 535 6266.342077431377 5905.262427131057 84517.880859375 8.6669921875 4041.49838596876 66691
170 580.6 6212.444521923386 5894.877152450711 89630.5771484375 8.6669921875 4206.722546506857 72041
180 504.2 6735.440730965353 7228.196796145321 102943.6220703125 8.6669921875 4356.313690536406 77847
190 471.4 6128.6441028386225 7558.272596180763 102943.6220703125 8.6669921875 4501.032031182846 82889
200 552.8 6157.16416818532 5421.109343927361 107197.36010742188 8.6669921875 4588.615370860543 87603
