0 13.4296875 13.4296875
10 997.8828125 1011.3125
20 2035.665625 3046.978125
30 3081.79296875 6128.77109375
40 3739.44296875 9868.2140625
50 4847.178125 14715.3921875
60 5612.4859375 20327.878125
70 5533.5796875 25861.4578125
80 5787.02734375 31648.48515625
90 5784.7140625 37433.19921875
100 5807.69453125 43240.89375
110 5479.15390625 48720.04765625
120 5516.35859375 54236.40625
130 5503.4359375 59739.8421875
140 5629.39765625 65369.23984375
150 5738.82890625 71108.06875
160 5561.85390625 76669.92265625
170 5527.95703125 82197.8796875
180 5681.76640625 87879.64609375
190 4965.38671875 92845.0328125
200 5706.61796875 98551.65078125
