0 15.22421875 15.22421875
10 1126.465625 1141.68984375
20 2262.89375 3404.58359375
30 3390.0875 6794.67109375
40 4066.7625 10861.43359375
50 5194.7671875 16056.20078125
60 5586.003125 21642.20390625
70 4437.6953125 26079.89921875
80 3668.17109375 29748.0703125
90 3797.90546875 33545.97578125
100 3643.22578125 37189.2015625
110 3695.53515625 40884.73671875
120 3387.3140625 44272.05078125
130 3611.07734375 47883.128125
140 4058.17578125 51941.30390625
150 3498.88046875 55440.184375
160 3645.40625 59085.590625
170 3873.01953125 62958.61015625
180 3686.40390625 66645.0140625
190 3634.175 70279.1890625
200 3652.2578125 73931.446875
