10 0.1 952.7578125 0 952.7578125 952.7578125 0 0
20 0.1 956.2734375 0.0 956.2734375 952.7578125 952.7578125 1
30 0.1 958.671875 0.0 958.671875 952.7578125 954.515625 2
40 0.1 959.6015625 0.0 959.6015625 952.7578125 955.9010416666666 3
50 0.1 960.140625 0.0 960.140625 952.7578125 956.826171875 4
60 0.1 960.61328125 0.0 960.61328125 952.7578125 957.4890625 5
70 0.1 961.08984375 0.0 961.08984375 952.7578125 958.009765625 6
80 0.1 961.36328125 0.0 961.36328125 952.7578125 958.4497767857143 7
90 0.1 961.19140625 0.0 961.36328125 952.7578125 958.81396484375 8
100 0.1 960.4921875 0.0 961.36328125 952.7578125 959.078125 9
110 0.1 957.5078125 0.0 961.36328125 952.7578125 959.21953125 10
120 0.1 946.05859375 0.0 961.36328125 946.05859375 959.0639204545455 11
130 0.1 919.578125 0.0 961.36328125 919.578125 957.9801432291666 12
140 0.1 915.21484375 0.0 961.36328125 915.21484375 955.0261418269231 13
150 0.1 921.09375 0.0 961.36328125 915.21484375 952.1824776785714 14
160 0.1 906.9375 0.0 961.36328125 906.9375 950.1098958333333 15
180 0.1 911.03125 0.0 961.36328125 906.9375 947.41162109375 16
190 0.1 903.91796875 0.0 961.36328125 903.91796875 945.2715992647059 17
200 0.1 902.8125 0.0 961.36328125 902.8125 942.9741753472222 18
