10 0.1 3.03125 0 3.03125 3.03125 0 0
20 0.1 2.5703125 0.0 3.03125 2.5703125 3.03125 1
30 0.1 2.328125 0.0 3.03125 2.328125 2.80078125 2
40 0.1 2.12890625 0.0 3.03125 2.12890625 2.6432291666666665 3
50 0.1 1.87890625 0.0 3.03125 1.87890625 2.5146484375 4
60 0.1 2.12890625 0.0 3.03125 1.87890625 2.3875 5
70 0.1 2.1796875 0.0 3.03125 1.87890625 2.3444010416666665 6
80 0.1 2.078125 0.0 3.03125 1.87890625 2.3208705357142856 7
90 0.1 2.37109375 0.0 3.03125 1.87890625 2.29052734375 8
100 0.1 2.3984375 0.0 3.03125 1.87890625 2.2994791666666665 9
110 0.1 2.6484375 0.0 3.03125 1.87890625 2.309375 10
120 0.1 2.7890625 0.0 3.03125 1.87890625 2.3401988636363638 11
130 0.1 3.05859375 0.0 3.05859375 1.87890625 2.3776041666666665 12
140 0.1 3.28125 0.0 3.28125 1.87890625 2.429987980769231 13
150 0.1 3.390625 0.0 3.390625 1.87890625 2.4907924107142856 14
160 0.1 3.328125 0.0 3.390625 1.87890625 2.55078125 15
180 0.1 3.28125 0.0 3.390625 1.87890625 2.599365234375 16
190 0.1 3.359375 0.0 3.390625 1.87890625 2.6394761029411766 17
200 0.1 3.4609375 0.0 3.4609375 1.87890625 2.679470486111111 18
