20 0.1 4938 0 4938 4938 0 0
30 0.1 8864.0 0.0 8864 4938 4938.0 1
40 0.1 12682.0 0.0 12682 4938 6901.0 2
50 0.1 16681.0 0.0 16681 4938 8828.0 3
60 0.1 20393.0 0.0 20393 4938 10791.25 4
70 0.1 24126.0 0.0 24126 4938 12711.6 5
80 0.1 27455.0 0.0 27455 4938 14614.0 6
90 0.1 30448.0 0.0 30448 4938 16448.428571428572 7
100 0.1 35250.0 0.0 35250 4938 18198.375 8
110 0.1 37327.0 0.0 37327 4938 20093.0 9
120 0.1 43176.0 0.0 43176 4938 21816.4 10
130 0.1 45374.0 0.0 45374 4938 23758.18181818182 11
140 0.1 45175.0 0.0 45374 4938 25559.5 12
150 0.1 34426.0 0.0 45374 4938 27068.384615384617 13
160 0.1 40487.0 0.0 45374 4938 27593.928571428572 14
180 0.1 38098.0 0.0 45374 4938 28453.466666666667 15
190 0.1 41424.0 0.0 45374 4938 29056.25 16
200 0.1 42610.0 0.0 45374 4938 29783.764705882353 17
