10 895.6 0.9890237308176781 0.5033714901547339 5.821044921875 0.27294921875 0 0
20 1797.5 1.0065409178329268 0.478667524309825 8.474853515625 0.195068359375 0.9890237308176781 8956
30 2855.9 1.0535176698348083 0.5092597417026574 8.474853515625 0.14599609375 1.0007155148806202 26931
40 3698.5 1.1239155099829368 1.6415160370034214 208.4599609375 0.14599609375 1.0278911635260817 55490
50 4683.4 1.2775418920582564 8.211281159311257 1007.739013671875 0.13916015625 1.0662957102003914 92475
60 5519.2 1.3641822196760371 3.5971706203784564 1007.739013671875 0.13916015625 1.1373141202179153 139309
70 6271.3 2.3780518454046202 18.92329595014753 1007.739013671875 0.13916015625 1.2016906742988334 194501
80 7181.2 3.7121103214817737 28.399894471183845 1007.739013671875 0.13916015625 1.4885068589682418 257214
90 8032.3 9.822804668703903 55.585226808932724 1209.906005859375 0.13916015625 1.9738223411794402 329026
100 8689.1 43.626251115689556 136.67938964306055 6486.863037109375 0.13916015625 3.513959992654703 409349
110 8786.6 129.98447449454306 302.4552537666197 7246.10400390625 0.13916015625 10.537571728854166 496240
120 8765.5 272.73437127891253 539.9791976817954 8904.181884765625 0.13916015625 28.505751405847757 584106
130 8518.3 417.173523596237 898.4725861397169 16536.656005859375 0.13916015625 60.374019547305046 671761
140 8839.5 423.33168606424056 1053.5410118395225 32248.06884765625 0.13916015625 100.52659642670454 756944
150 8732.4 343.80312554127204 1112.0951556401922 36693.076904296875 0.13916015625 134.28152302835193 845339
160 8465.2 344.2226994819135 974.7432018858368 45611.33984375 0.13916015625 153.89875285074032 932663
170 8673.9 350.2221061813746 1085.4410123742446 48696.571044921875 0.13916015625 169.73583647795712 1017315
180 8467.9 344.89620980869483 976.0071892533592 60829.740966796875 0.13916015625 183.91557637093766 1104054
190 8883.1 371.75288352310173 1053.5230220873566 65423.81298828125 0.13916015625 195.38297826764267 1188733
200 8594.3 389.21406970010776 1009.953550179834 65423.81298828125 0.13916015625 207.64625044324225 1277564
