10 90.1 12.676474110797031 1.8827288249728098 28.2880859375 9.470947265625 0 0
20 183.6 12.539594662734883 1.738028833282313 28.2880859375 9.3759765625 12.676474110797031 901
30 287 12.917544183498496 2.1787444185407 28.2880859375 9.129150390625 12.584654356817456 2737
40 370.2 13.5755232074723 5.6373190298957185 221.240966796875 9.129150390625 12.755047401685404 5607
50 469.7 15.144997024779785 26.139319216550856 1020.3359375 9.129150390625 13.081333945140456 9309
60 556.9 16.08726902867717 12.090336555077766 1020.3359375 9.129150390625 13.773396310202996 14006
70 645.9 26.51452158567497 61.3448204662076 1020.4619140625 9.129150390625 14.431682755627397 19575
80 713.8 40.45195252302809 93.47428048389632 1426.006103515625 9.129150390625 17.429418639597483 26034
90 805.3 103.7935973370754 190.19108523603654 1900.40087890625 9.129150390625 22.38344151611767 33172
100 851.5 443.68377441119605 495.55347643633365 4445.904052734375 9.129150390625 38.28631561741962 41225
110 837.4 1276.0511338457422 1084.9741693070775 10677.2431640625 9.129150390625 107.68638320143663 49740
120 807.9 2507.833625431768 1619.4447462139672 13293.509033203125 9.129150390625 276.04317195966036 58114
130 832.7 4002.1711770867723 2595.446675931561 19033.588134765625 9.129150390625 548.4380637699901 66193
140 932.2 4177.749252257144 3427.1453896615076 33808.93701171875 9.129150390625 934.3644678841722 74520
150 922.4 3662.7543568143765 3793.726916621131 39392.69287109375 9.129150390625 1294.9812585132704 83842
160 755.7 3104.0923651795874 3273.6807473740105 49083.64697265625 9.129150390625 1529.657069859298 93066
170 903.4 3699.7009652716038 3562.0378692927197 56862.65283203125 9.129150390625 1647.9004886277248 100623
180 817.3 3402.808423063651 3306.2672881338926 60606.2119140625 9.129150390625 1816.9363505061349 109657
190 909.1 3601.0137959191734 3481.764234233466 74554.7451171875 9.129150390625 1926.9366258945129 117830
200 846.8 3768.061052858465 3711.786360619916 77178.72387695313 9.129150390625 2046.8461408896214 126921
