10 755.6625 755.6625
20 1516.640625 2272.303125
30 2409.665625 4681.96875
40 3120.609375 7802.578125
50 3951.61875 11754.196875
60 4656.825 16411.021875
70 5291.409375 21702.43125
80 6059.1375 27761.56875
90 6777.253125 34538.821875
100 7331.428125 41870.25
110 7413.69375 49283.94375
120 7395.6375 56679.58125
130 7187.315625 63866.896875
140 7458.075 71324.971875
150 7367.9625 78692.934375
160 7142.5125 85835.446875
170 7318.603125 93154.05
180 7144.790625 100298.840625
190 7495.115625 107793.95625
200 7251.440625 115045.396875
