20 0.1 5518 0 5518 5518 0 0
30 0.1 9465.0 0.0 9465 5518 5518.0 1
40 0.1 15118.0 0.0 15118 5518 7491.5 2
50 0.1 16570.0 0.0 16570 5518 10033.666666666666 3
60 0.1 15161.0 0.0 16570 5518 11667.75 4
70 0.1 15159.0 0.0 16570 5518 12366.4 5
80 0.1 17501.0 0.0 17501 5518 12831.833333333334 6
90 0.1 15514.0 0.0 17501 5518 13498.857142857143 7
110 0.1 15975.0 0.0 17501 5518 13750.75 8
120 0.1 19238.0 0.0 19238 5518 13997.888888888889 9
130 0.1 20385.0 0.0 20385 5518 14521.9 10
140 0.1 18144.0 0.0 20385 5518 15054.90909090909 11
160 0.1 20498.0 0.0 20498 5518 15312.333333333334 12
170 0.1 24961.0 0.0 24961 5518 15711.23076923077 13
180 0.1 20224.0 0.0 24961 5518 16371.92857142857 14
190 0.1 18966.0 0.0 24961 5518 16628.733333333334 15
