20 0.1 3714 0 3714 3714 0 0
30 0.1 6260.0 0.0 6260 3714 3714.0 1
40 0.1 10035.0 0.0 10035 3714 4987.0 2
50 0.1 11071.0 0.0 11071 3714 6669.666666666667 3
60 0.1 10475.0 0.0 11071 3714 7770.0 4
70 0.1 11027.0 0.0 11071 3714 8311.0 5
80 0.1 12670.0 0.0 12670 3714 8763.666666666666 6
90 0.1 11460.0 0.0 12670 3714 9321.714285714286 7
110 0.1 11986.0 0.0 12670 3714 9589.0 8
120 0.1 14370.0 0.0 14370 3714 9855.333333333334 9
130 0.1 15332.0 0.0 15332 3714 10306.8 10
140 0.1 13963.0 0.0 15332 3714 10763.636363636364 11
160 0.1 15894.0 0.0 15894 3714 11030.25 12
170 0.1 19332.0 0.0 19332 3714 11404.384615384615 13
180 0.1 15957.0 0.0 19332 3714 11970.642857142857 14
190 0.1 15067.0 0.0 19332 3714 12236.4 15
