10 0.1 3.2373183787917412 0 3.2373183787917412 3.2373183787917412 0 0
20 0.1 18.188874514877103 0.0 18.188874514877103 3.2373183787917412 3.2373183787917412 1
30 0.1 39.627589824285344 0.0 39.627589824285344 3.2373183787917412 10.713096446834422 2
40 0.1 61.60062565172054 0.0 61.60062565172054 3.2373183787917412 20.35126090598473 3
50 0.1 70.00710732054016 0.0 70.00710732054016 3.2373183787917412 30.663602092418685 4
60 0.1 71.30785481083157 0.0 71.30785481083157 3.2373183787917412 38.532303138042984 5
70 0.1 71.96753674051327 0.0 71.96753674051327 3.2373183787917412 43.99489508350774 6
90 0.1 69.59382800090765 0.0 71.96753674051327 3.2373183787917412 47.99098674879424 7
100 0.1 69.90645676477298 0.0 71.96753674051327 3.2373183787917412 50.69134190530842 8
110 0.1 70.58677274987568 0.0 71.96753674051327 3.2373183787917412 52.82635466747115 9
120 0.1 70.7186030893217 0.0 71.96753674051327 3.2373183787917412 54.6023964757116 10
130 0.1 70.2696017808558 0.0 71.96753674051327 3.2373183787917412 56.06750616785798 11
140 0.1 70.8649468892261 0.0 71.96753674051327 3.2373183787917412 57.2510141356078 12
150 0.1 70.20937642239417 0.0 71.96753674051327 3.2373183787917412 58.298239732039974 13
170 0.1 55.176821474222415 0.0 71.96753674051327 3.2373183787917412 59.14903520992242 14
180 0.1 70.7932141219624 0.0 71.96753674051327 3.2373183787917412 58.884220960875744 15
190 0.1 71.13665389527458 0.0 71.96753674051327 3.2373183787917412 59.62853303344366 16
200 0.1 70.02980967667966 0.0 71.96753674051327 3.2373183787917412 60.30548131943371 17
