20 0.1 3725 0 3725 3725 0 0
30 0.1 7640.0 0.0 7640 3725 3725.0 1
40 0.1 11185.0 0.0 11185 3725 5682.5 2
50 0.1 14506.0 0.0 14506 3725 7516.666666666667 3
60 0.1 21434.0 0.0 21434 3725 9264.0 4
70 0.1 14462.0 0.0 21434 3725 11698.0 5
90 0.1 14899.0 0.0 21434 3725 12158.666666666666 6
100 0.1 16902.0 0.0 21434 3725 12550.142857142857 7
110 0.1 14475.0 0.0 21434 3725 13094.125 8
120 0.1 17662.0 0.0 21434 3725 13247.555555555555 9
130 0.1 17265.0 0.0 21434 3725 13689.0 10
140 0.1 18762.0 0.0 21434 3725 14014.09090909091 11
150 0.1 18349.0 0.0 21434 3725 14409.75 12
170 0.1 15706.0 0.0 21434 3725 14712.76923076923 13
180 0.1 19303.0 0.0 21434 3725 14783.714285714286 14
190 0.1 20446.0 0.0 21434 3725 15085.0 15
200 0.1 16205.0 0.0 21434 3725 15420.0625 16
