10 572.7 2.173855322785701 0.8767418253286463 18.26708984375 1.06591796875 0 0
20 1508 6.267418510781049 107.92105822674486 9926.251953125 1.015869140625 2.173855322785701 5727
30 2383 23.723950482175105 157.177090353428 10442.85400390625 1.015869140625 5.140690180043827 20807
40 2876.7 130.0503741283003 268.4664015058492 18694.742919921875 1.015869140625 15.061587484965491 44637
50 2916.1 452.18118857009597 473.0859631417495 18694.742919921875 1.015869140625 60.12564973455424 73404
60 2983.3 965.584624412485 1268.7630701318776 22968.85400390625 1.015869140625 171.59380717601317 102565
70 2758.9 1289.01670487692 1988.4321156294839 22968.85400390625 1.015869140625 350.5023107079069 132398
80 2947.4 1272.2452964619613 2445.0222936586883 34275.6201171875 1.015869140625 512.344670529198 159987
90 2984.7 1426.8377142371492 2952.9703379361863 38716.5830078125 1.015869140625 630.5606149649514 189461
100 2990 1480.4434322497523 3055.5560901815966 49818.901123046875 1.015869140625 738.9309552260329 219308
110 3036.2 1343.7721988172284 3365.9554279297076 49818.901123046875 1.015869140625 827.897694106844 249208
120 2994 1688.6566079505967 4001.8157370409917 55434.160888671875 1.015869140625 883.9229532978042 279570
130 3009.8 2079.6751616999836 4178.012334626971 86935.33911132813 1.015869140625 961.7676937595164 309510
140 2954.9 1830.4663337109293 3897.838201674938 86935.33911132813 1.015869140625 1060.8430364195015 339608
150 2968 1786.515080446309 3972.226463804553 86935.33911132813 1.015869140625 1122.4471745278522 369157
160 2203.8 2635.6679711096563 5080.1456873472125 86935.33911132813 1.015869140625 1171.8646945865723 398837
170 2968.9 2216.4145759280127 4760.096668076492 86935.33911132813 1.015869140625 1248.5128599753832 420875
180 2996.6 2118.5148483303965 5308.68979890267 120743.4931640625 1.015869140625 1312.2907784174195 450564
190 2942 2334.2731950605366 5780.526028747103 120743.4931640625 1.015869140625 1362.5671617421074 480530
200 3025 2543.8887853499305 6059.0524564352445 120743.4931640625 1.015869140625 1418.6267587618706 509950
