10 550.4 0.9429989304653431 0.27508071765766856 7.7421875 0.43212890625 0 0
20 1524 0.9712839842468423 0.3614421072437812 7.7421875 0.39990234375 0.9429989304653431 5504
30 2450.3 2.797549293629228 37.732991758018215 1006.010009765625 0.2861328125 0.9637791184536794 20744
40 3125.9 27.618620657563238 120.8781722009999 2265.93505859375 0.2861328125 1.9568365720379275 45247
50 3436.2 125.25117986381666 189.27348492451205 3186.700927734375 0.2861328125 12.44178819321059 76506
60 3574.1 288.51307490844596 370.7389029343339 7209.35791015625 0.2861328125 47.405495634360115 110868
70 3243 285.44583591551486 466.96880311382654 7221.621826171875 0.2861328125 106.18378339865224 146609
80 3486.5 267.3401638182544 393.56756597746715 15186.75390625 0.2861328125 138.65418573066847 179039
90 3436.7 257.16276905977605 375.39479983148084 15186.75390625 0.2861328125 159.6291867873279 213904
100 3399.6 269.31752733202757 397.5575974693115 15186.75390625 0.2861328125 173.13030702270467 248271
110 3340.6 231.5800059483606 380.29063966332546 15186.75390625 0.2861328125 184.71501491146157 282267
120 3596.8 256.6117104296149 348.77580597706213 15186.75390625 0.2861328125 189.6744884507844 315673
130 3253.3 254.56625461610582 402.80135614626107 15186.75390625 0.2861328125 196.5212384035333 351641
140 3550.8 257.50987730620346 331.70290847054173 15186.75390625 0.2861328125 201.4366634777018 384174
150 3473.7 265.87319233184326 368.6799920786368 15186.75390625 0.2861328125 206.18084520725523 419682
160 3276.1 261.16024318704376 393.44217944805285 15186.75390625 0.2861328125 210.74388738213526 454419
170 3368.8 276.39176598492224 365.20269065702627 15186.75390625 0.2861328125 214.13419534330896 487180
180 3342.8 278.0240847049074 395.98389134377624 15206.56689453125 0.2861328125 218.16080676841986 520868
190 3450.8 304.08461269680566 417.64429975897804 15206.56689453125 0.2861328125 221.77098915267106 554296
200 3296.7 268.2423919317656 397.245350142242 15206.56689453125 0.2861328125 226.5951386510797 588804
