10 0.1 2.2744503411675514 0 2.2744503411675514 2.2744503411675514 0 0
20 0.1 19.057071960297765 0.0 19.057071960297765 2.2744503411675514 2.2744503411675514 1
30 0.1 36.6940502862833 0.0 36.6940502862833 2.2744503411675514 10.665761150732658 2
40 0.1 50.56455571919489 0.0 50.56455571919489 2.2744503411675514 19.341857529249538 3
50 0.1 69.86231514533401 0.0 69.86231514533401 2.2744503411675514 27.147532076735878 4
60 0.1 72.57510729613735 0.0 72.57510729613735 2.2744503411675514 35.6904886904555 5
70 0.1 73.92595978062158 0.0 73.92595978062158 2.2744503411675514 41.83792512473581 6
80 0.1 71.1282918579367 0.0 73.92595978062158 2.2744503411675514 46.42193007557663 7
90 0.1 73.86982248520711 0.0 73.92595978062158 2.2744503411675514 49.51022529837164 8
100 0.1 72.53158633598503 0.0 73.92595978062158 2.2744503411675514 52.21684720802003 9
110 0.1 69.76684601588522 0.0 73.92595978062158 2.2744503411675514 54.24832112081653 10
130 0.1 72.90853031860226 0.0 73.92595978062158 2.2744503411675514 55.659096111277314 11
140 0.1 69.8868778280543 0.0 73.92595978062158 2.2744503411675514 57.09654896188773 12
150 0.1 72.81277340332458 0.0 73.92595978062158 2.2744503411675514 58.08042041313131 13
160 0.1 70.69418386491557 0.0 73.92595978062158 2.2744503411675514 59.13273134100226 14
170 0.1 72.72110382266456 0.0 73.92595978062158 2.2744503411675514 59.90349484259648 15
190 0.1 72.78053177106804 0.0 73.92595978062158 2.2744503411675514 60.70459540385073 16
200 0.1 73.19444444444444 0.0 73.92595978062158 2.2744503411675514 61.41494460192234 17
