10 0.1 2.37890625 0 2.37890625 2.37890625 0 0
20 0.1 2.01953125 0.0 2.37890625 2.01953125 2.37890625 1
30 0.1 1.859375 0.0 2.37890625 1.859375 2.19921875 2
40 0.1 1.73046875 0.0 2.37890625 1.73046875 2.0859375 3
50 0.1 2.1484375 0.0 2.37890625 1.73046875 1.9970703125 4
60 0.1 2.58984375 0.0 2.58984375 1.73046875 2.02734375 5
70 0.1 2.91015625 0.0 2.91015625 1.73046875 2.12109375 6
80 0.1 3.0 0.0 3.0 1.73046875 2.2338169642857144 7
90 0.1 3.078125 0.0 3.078125 1.73046875 2.32958984375 8
100 0.1 3.140625 0.0 3.140625 1.73046875 2.4127604166666665 9
110 0.1 3.19140625 0.0 3.19140625 1.73046875 2.485546875 10
130 0.1 3.1484375 0.0 3.19140625 1.73046875 2.549715909090909 11
140 0.1 3.12109375 0.0 3.19140625 1.73046875 2.599609375 12
150 0.1 3.1796875 0.0 3.19140625 1.73046875 2.6397235576923075 13
160 0.1 3.140625 0.0 3.19140625 1.73046875 2.6782924107142856 14
170 0.1 3.26953125 0.0 3.26953125 1.73046875 2.709114583333333 15
190 0.1 3.3515625 0.0 3.3515625 1.73046875 2.744140625 16
200 0.1 3.44921875 0.0 3.44921875 1.73046875 2.7798713235294117 17
