10 54.9 23.243300585581732 26.672407472890683 644.042236328125 15.99609375 0 0
20 152.3 25.65533146698539 75.6859191652257 2971.93701171875 15.773193359375 23.243300585581732 549
30 243.8 50.735693038927835 122.63020392525927 2971.93701171875 15.137939453125 25.016236412018884 2072
40 293.5 459.31596912598474 507.99598009645194 5150.406005859375 15.137939453125 38.919570171753705 4510
50 283.7 2129.552928431081 1370.2068306492647 10578.837890625 15.137939453125 204.6500511563968 7445
60 251.3 5310.846359574766 1928.4449409691288 15449.7548828125 15.137939453125 735.7674857827612 10282
70 298 9285.148522457626 3541.497297669657 21215.911865234375 15.137939453125 1634.335145793649 12795
80 346.8 11973.54305569166 5409.894326824527 30571.72900390625 15.137939453125 3079.6235047450696 15775
90 359.1 11886.989903415235 6616.120600447075 39807.43115234375 15.137939453125 4682.497952735653 19243
100 307.9 12344.93578150055 6869.482054462216 45206.19580078125 15.137939453125 5815.515846879927 22834
110 353.1 12565.821576831771 7341.003229403485 51939.346923828125 15.137939453125 6591.345892752535 25913
120 319.7 12968.29758619226 8121.754751583575 67203.09204101563 15.137939453125 7307.820340534216 29444
130 347.8 13020.200494837534 7724.453422873808 67203.09204101563 15.137939453125 7862.231840009377 32641
140 332.1 14008.351256019347 8383.193157364896 78403.833984375 15.137939453125 8358.907135047786 36119
150 325.2 14180.540308052612 8442.186480004786 78477.5009765625 15.137939453125 8834.61210273913 39440
160 330.2 14884.578966996804 8460.544149695601 78477.5009765625 15.137939453125 9241.830282343726 42692
170 313.3 16055.572695462117 9137.210257884495 78477.5009765625 15.137939453125 9646.934342802144 45994
180 320.1 16312.956082144749 9446.020565708524 78477.5009765625 15.137939453125 10055.635544969662 49127
190 343.1 17222.230250083656 9334.944362235601 88357.421875 15.137939453125 10438.40735049438 52328
200 340.2 17315.109959803634 10202.580580459406 99830.34887695313 15.137939453125 10855.834068485929 55759
