20 0.1 3649 0 3649 3649 0 0
30 0.1 7685.0 0.0 7685 3649 3649.0 1
40 0.1 11517.0 0.0 11517 3649 5667.0 2
50 0.1 14830.0 0.0 14830 3649 7617.0 3
60 0.1 17937.0 0.0 17937 3649 9420.25 4
70 0.1 20183.0 0.0 20183 3649 11123.6 5
80 0.1 15464.0 0.0 20183 3649 12633.5 6
90 0.1 16504.0 0.0 20183 3649 13037.857142857143 7
100 0.1 17727.0 0.0 20183 3649 13471.125 8
110 0.1 17103.0 0.0 20183 3649 13944.0 9
130 0.1 20153.0 0.0 20183 3649 14259.9 10
140 0.1 18654.0 0.0 20183 3649 14795.636363636364 11
150 0.1 21154.0 0.0 21154 3649 15117.166666666666 12
160 0.1 18770.0 0.0 21154 3649 15581.538461538461 13
170 0.1 24361.0 0.0 24361 3649 15809.285714285714 14
190 0.1 19828.0 0.0 24361 3649 16379.4 15
200 0.1 19352.0 0.0 24361 3649 16594.9375 16
