10 932.2 4.396045539952532 96.0564625151367 5750.660888671875 1.259033203125 0 0
20 1717.4 10.767764933661509 162.4770884739921 14446.176025390625 1.138916015625 4.396045539952532 9322
30 2498.5 96.59467730442931 266.101175223892 14446.176025390625 1.138916015625 8.526023984531259 26496
40 2833 361.05987069250625 530.1661268666003 27864.0419921875 1.138916015625 51.26791522979947 51481
50 2911.6 845.6044696567319 971.2360706403285 27864.0419921875 1.138916015625 161.23278345922253 79811
60 2953.2 1269.3547170908505 1665.3467275712846 27864.0419921875 1.138916015625 344.16415965912415 108927
70 2854.7 1418.0026875737576 2359.85811727039 30382.824951171875 1.138916015625 541.4985874830556 138459
80 2312.6 1842.1661516938625 2998.2579400932377 32594.071044921875 1.138916015625 691.322920412946 167006
90 3044.3 1791.3453926382394 3305.7004271600167 36364.050048828125 1.138916015625 831.3014646169858 190132
100 2943.6 1798.3232497184044 3361.7018700398867 48670.947998046875 1.138916015625 963.8034131639698 220575
110 2743.4 2050.939972161885 3724.3019232328425 60643.782958984375 1.138916015625 1062.0587935624976 250011
120 2449.1 2419.6997040605984 4375.764079104792 69104.54516601563 1.138916015625 1159.8402142177467 277445
130 2791.9 2095.8911876541156 4413.073918237804 76047.40307617188 1.138916015625 1262.031469204702 301936
140 2911.5 2276.039852571433 4511.9728454191645 90445.18188476563 1.138916015625 1332.609539809632 329855
150 2925.5 2212.5698840459136 4304.938442851728 90445.18188476563 1.138916015625 1409.128395301901 358970
160 2736.1 2518.150673919521 4977.235038548901 90445.18188476563 1.138916015625 1469.6723601501362 388225
170 2748.9 2545.8856353176893 5365.179390061097 103235.39794921875 1.138916015625 1538.7011896656736 415586
180 2919.7 2492.677092419862 5372.505819282663 111261.89697265625 1.138916015625 1601.1883379510164 443075
190 2808.4 2993.6014710994 6196.23273302055 111261.89697265625 1.138916015625 1656.3023340469672 472272
200 2538.4 3087.829585708054 6243.174249775738 111261.89697265625 1.138916015625 1731.3623092745663 500356
