10 966.06875 966.06875
20 1783.84765625 2749.91640625
30 2609.63203125 5359.5484375
40 2996.45234375 8356.00078125
50 3224.1921875 11580.19296875
60 3097.6015625 14677.79453125
70 3013.47265625 17691.2671875
80 2480.85390625 20172.12109375
90 3121.475 23293.59609375
100 3150.15859375 26443.7546875
110 2777.03203125 29220.78671875
120 2503.98359375 31724.7703125
130 3015.803125 34740.5734375
140 2930.23125 37670.8046875
150 3174.84609375 40845.65078125
160 2798.659375 43644.31015625
170 2920.4078125 46564.71796875
180 3158.86015625 49723.578125
190 2741.78046875 52465.35859375
200 2701.903125 55167.26171875
