10 0.1 2933.4453125 0 2933.4453125 2933.4453125 0 0
20 0.1 2934.4453125 0.0 2934.4453125 2933.4453125 2933.4453125 1
30 0.1 2934.56640625 0.0 2934.56640625 2933.4453125 2933.9453125 2
40 0.1 2929.60546875 0.0 2934.56640625 2929.60546875 2934.15234375 3
50 0.1 2918.5078125 0.0 2934.56640625 2918.5078125 2933.015625 4
60 0.1 2917.44921875 0.0 2934.56640625 2917.44921875 2930.1140625 5
70 0.1 2916.3984375 0.0 2934.56640625 2916.3984375 2928.0032552083335 6
80 0.1 2916.5546875 0.0 2934.56640625 2916.3984375 2926.3454241071427 7
90 0.1 2916.44921875 0.0 2934.56640625 2916.3984375 2925.12158203125 8
100 0.1 2916.40625 0.0 2934.56640625 2916.3984375 2924.1579861111113 9
110 0.1 2915.9921875 0.0 2934.56640625 2915.9921875 2923.3828125 10
120 0.1 2913.44140625 0.0 2934.56640625 2913.44140625 2922.7109375 11
130 0.1 2913.51953125 0.0 2934.56640625 2913.44140625 2921.9384765625 12
140 0.1 2912.28125 0.0 2934.56640625 2912.28125 2921.2908653846152 13
150 0.1 2912.79296875 0.0 2934.56640625 2912.28125 2920.6473214285716 14
160 0.1 2912.82421875 0.0 2934.56640625 2912.28125 2920.1236979166665 15
170 0.1 2912.26171875 0.0 2934.56640625 2912.26171875 2919.66748046875 16
180 0.1 2912.1875 0.0 2934.56640625 2912.1875 2919.2318474264707 17
190 0.1 2912.515625 0.0 2934.56640625 2912.1875 2918.8404947916665 18
200 0.1 2909.38671875 0.0 2934.56640625 2909.38671875 2918.5076069078946 19
