10 0.1 2269.9921875 0 2269.9921875 2269.9921875 0 0
20 0.1 2284.71484375 0.0 2284.71484375 2269.9921875 2269.9921875 1
30 0.1 2299.76953125 0.0 2299.76953125 2269.9921875 2277.353515625 2
40 0.1 2315.1875 0.0 2315.1875 2269.9921875 2284.8255208333335 3
50 0.1 2319.59375 0.0 2319.59375 2269.9921875 2292.416015625 4
60 0.1 2305.48046875 0.0 2319.59375 2269.9921875 2297.8515625 5
70 0.1 2297.70703125 0.0 2319.59375 2269.9921875 2299.123046875 6
90 0.1 2296.7421875 0.0 2319.59375 2269.9921875 2298.9207589285716 7
100 0.1 2296.64453125 0.0 2319.59375 2269.9921875 2298.6484375 8
110 0.1 2296.54296875 0.0 2319.59375 2269.9921875 2298.42578125 9
120 0.1 2296.05859375 0.0 2319.59375 2269.9921875 2298.2375 10
130 0.1 2290.58984375 0.0 2319.59375 2269.9921875 2298.0394176136365 11
140 0.1 2283.24609375 0.0 2319.59375 2269.9921875 2297.4186197916665 12
160 0.1 2279.85546875 0.0 2319.59375 2269.9921875 2296.328425480769 13
170 0.1 2277.8125 0.0 2319.59375 2269.9921875 2295.1517857142853 14
180 0.1 2266.0625 0.0 2319.59375 2266.0625 2293.995833333333 15
190 0.1 2249.92578125 0.0 2319.59375 2249.92578125 2292.2499999999995 16
200 0.1 2238.30078125 0.0 2319.59375 2238.30078125 2289.760340073529 17
