20 0.1 3642 0 3642 3642 0 0
30 0.1 7686.0 0.0 7686 3642 3642.0 1
40 0.1 11459.0 0.0 11459 3642 5664.0 2
50 0.1 15587.0 0.0 15587 3642 7595.666666666667 3
60 0.1 17020.0 0.0 17020 3642 9593.5 4
70 0.1 14867.0 0.0 17020 3642 11078.8 5
90 0.1 16426.0 0.0 17020 3642 11710.166666666666 6
100 0.1 14279.0 0.0 17020 3642 12383.857142857143 7
110 0.1 16856.0 0.0 17020 3642 12620.75 8
120 0.1 14584.0 0.0 17020 3642 13091.333333333334 9
130 0.1 16628.0 0.0 17020 3642 13240.6 10
140 0.1 18613.0 0.0 18613 3642 13548.545454545454 11
160 0.1 15575.0 0.0 18613 3642 13970.583333333334 12
170 0.1 18515.0 0.0 18613 3642 14094.0 13
180 0.1 17099.0 0.0 18613 3642 14409.785714285714 14
190 0.1 21386.0 0.0 21386 3642 14589.066666666668 15
200 0.1 16954.0 0.0 21386 3642 15013.875 16
