20 0.1 2510 0 2510 2510 0 0
30 0.1 5164.0 0.0 5164 2510 2510.0 1
40 0.1 7687.0 0.0 7687 2510 3837.0 2
50 0.1 10506.0 0.0 10506 2510 5120.333333333333 3
60 0.1 11714.0 0.0 11714 2510 6466.75 4
70 0.1 10811.0 0.0 11714 2510 7516.2 5
90 0.1 12068.0 0.0 12068 2510 8065.333333333333 6
100 0.1 10665.0 0.0 12068 2510 8637.142857142857 7
110 0.1 12714.0 0.0 12714 2510 8890.625 8
120 0.1 11126.0 0.0 12714 2510 9315.444444444445 9
130 0.1 12646.0 0.0 12714 2510 9496.5 10
140 0.1 14373.0 0.0 14373 2510 9782.818181818182 11
160 0.1 12294.0 0.0 14373 2510 10165.333333333334 12
170 0.1 14213.0 0.0 14373 2510 10329.076923076924 13
180 0.1 13459.0 0.0 14373 2510 10606.5 14
190 0.1 16823.0 0.0 16823 2510 10796.666666666666 15
200 0.1 13829.0 0.0 16823 2510 11173.3125 16
