10 0.1 1.9667170953101363 0 1.9667170953101363 1.9667170953101363 0 0
20 0.1 19.596320899335716 0.0 19.596320899335716 1.9667170953101363 1.9667170953101363 1
30 0.1 41.158140742664244 0.0 41.158140742664244 1.9667170953101363 10.781518997322927 2
40 0.1 42.68142681426814 0.0 42.68142681426814 1.9667170953101363 20.907059579103365 3
50 0.1 17.951318458417852 0.0 42.68142681426814 1.9667170953101363 26.35065138789456 4
60 0.1 5.516194331983805 0.0 42.68142681426814 1.9667170953101363 24.67078480199922 5
70 0.1 4.646413071227981 0.0 42.68142681426814 1.9667170953101363 21.47835305699665 6
80 0.1 19.42138364779874 0.0 42.68142681426814 1.9667170953101363 19.07379020188684 7
90 0.1 7.635717909690512 0.0 42.68142681426814 1.9667170953101363 19.117239382625826 8
100 0.1 11.437991377124018 0.0 42.68142681426814 1.9667170953101363 17.8415147745219 9
110 0.1 11.83206106870229 0.0 42.68142681426814 1.9667170953101363 17.201162434782113 10
120 0.1 8.9171974522293 0.0 42.68142681426814 1.9667170953101363 16.71306231059304 11
130 0.1 7.543815087630175 0.0 42.68142681426814 1.9667170953101363 16.06340690572939 12
140 0.1 13.637509452987143 0.0 42.68142681426814 1.9667170953101363 15.408053688952528 13
150 0.1 11.860992193402167 0.0 42.68142681426814 1.9667170953101363 15.281586243526428 14
160 0.1 8.539383125159317 0.0 42.68142681426814 1.9667170953101363 15.053546640184809 15
170 0.1 14.826097994414827 0.0 42.68142681426814 1.9667170953101363 14.646411420495715 16
180 0.1 9.961783439490446 0.0 42.68142681426814 1.9667170953101363 14.656981218961546 17
190 0.1 2.225633154259401 0.0 42.68142681426814 1.9667170953101363 14.396136897879817 18
200 0.1 2.5510204081632653 0.0 42.68142681426814 1.9667170953101363 13.755584069268217 19
