0 6.203125 6.203125
10 876.24296875 882.44609375
20 1927.975 2810.42109375
30 2959.83828125 5770.259375
40 3974.08203125 9744.34140625
50 4727.90078125 14472.2421875
60 5781.24921875 20253.49140625
70 6714.2953125 26967.78671875
80 7471.771875 34439.55859375
90 8387.771875 42827.33046875
100 9104.0453125 51931.37578125
110 9013.9578125 60945.33359375
120 9121.88671875 70067.2203125
130 8983.0171875 79050.2375
140 8978.38359375 88028.62109375
150 8895.9359375 96924.55703125
160 8523.55859375 105448.115625
170 8856.5453125 114304.6609375
180 8670.6921875 122975.353125
190 8946.53984375 131921.89296875
200 8808.48671875 140730.3796875
