10 582.1 0.9637312975111665 0.47244886096587096 14.739013671875 0.39990234375 0 0
20 1303.8 47.08562282112258 236.55807961462227 3008.7470703125 0.39990234375 0.9637312975111665 5821
30 2328.2 67.67990707136592 300.6624826601962 7018.10009765625 0.39990234375 32.84968610343118 18859
40 2305.2 207.74170065910775 562.8482815484031 7046.240966796875 0.39990234375 52.092637257306414 42141
50 2286.1 619.8677274052292 1233.2025692955685 15055.47607421875 0.39990234375 107.12956161326986 65193
60 2351.1 1205.3739812365154 2329.8281198044724 15055.47607421875 0.39990234375 240.24909290281926 88054
70 2308 1391.1687523588887 2727.405470055061 31064.114990234375 0.39990234375 443.63771164179235 111565
80 2320.5 1663.9145096124407 3911.288262102745 31124.904052734375 0.35302734375 606.0575298285098 134645
90 2302.4 1827.7406417708844 4216.299391467196 31124.904052734375 0.35302734375 761.569542599407 157850
100 2312.9 1966.423990892455 4418.594813932193 31178.064208984375 0.35302734375 897.2856952101972 180874
110 2277.3 1860.1881988449006 4160.228846410083 31178.064208984375 0.35302734375 1018.5000873555821 204003
120 2294.5 2090.4020540158886 4489.049991780059 31223.583984375 0.35302734375 1103.022979385366 226776
130 2281.9 1974.6659260208207 4407.782905343636 31223.583984375 0.35302734375 1193.7458776093733 249721
140 2302.4 2531.9641135337015 5129.965921597919 31223.583984375 0.35302734375 1259.1300949158265 272540
150 2298.7 2290.963942191689 4840.981044998425 31223.583984375 0.35302734375 1358.2819890729565 295564
160 2318.8 2769.2530683089917 5655.70609186541 31223.583984375 0.35302734375 1425.5853723815642 318551
170 2349.3 2448.7967046222066 4846.714607254163 31223.583984375 0.35302734375 1516.7571922006812 341739
180 2286.6 3058.420773035961 6164.165659780199 31223.583984375 0.35302734375 1576.7092343692723 365232
190 2295.6 2856.888732218874 5514.918146408725 31223.583984375 0.35302734375 1664.008875292834 388098
200 2299.4 3310.3944265288023 6467.370566668047 31223.583984375 0.35302734375 1730.6272514565358 411054
