10 0.1 2.2503160556257904 0 2.2503160556257904 2.2503160556257904 0 0
20 0.1 18.421052631578945 0.0 18.421052631578945 2.2503160556257904 2.2503160556257904 1
30 0.1 29.55793879152498 0.0 29.55793879152498 2.2503160556257904 10.335684343602368 2
40 0.1 39.09324208725407 0.0 39.09324208725407 2.2503160556257904 16.743102492909905 3
50 0.1 39.19612314709236 0.0 39.19612314709236 2.2503160556257904 22.330637391495948 4
60 0.1 39.56296722254169 0.0 39.56296722254169 2.2503160556257904 25.70373454261523 5
70 0.1 38.98550724637681 0.0 39.56296722254169 2.2503160556257904 28.013606655936304 6
80 0.1 38.73403019744483 0.0 39.56296722254169 2.2503160556257904 29.581021025999235 7
90 0.1 38.96631823461092 0.0 39.56296722254169 2.2503160556257904 30.725147172429935 8
100 0.1 39.77175463623395 0.0 39.77175463623395 2.2503160556257904 31.6408328460056 9
110 0.1 40.337078651685395 0.0 40.337078651685395 2.2503160556257904 32.45392502502843 10
120 0.1 39.62101636520241 0.0 40.337078651685395 2.2503160556257904 33.17057535472452 11
130 0.1 38.847262247838614 0.0 40.337078651685395 2.2503160556257904 33.70811210559768 12
140 0.1 38.06884480746791 0.0 40.337078651685395 2.2503160556257904 34.10343134730852 13
150 0.1 38.93703061813981 0.0 40.337078651685395 2.2503160556257904 34.38667516589134 14
160 0.1 37.32946298984035 0.0 40.337078651685395 2.2503160556257904 34.69003219604124 15
170 0.1 39.11653589072944 0.0 40.337078651685395 2.2503160556257904 34.85499662065368 16
180 0.1 37.848956802821036 0.0 40.337078651685395 2.2503160556257904 35.10567540124637 17
190 0.1 37.806680461129176 0.0 40.337078651685395 2.2503160556257904 35.258079923556075 18
200 0.1 37.68115942028986 0.0 40.337078651685395 2.2503160556257904 35.39221679395466 19
