10 57.9 65.13301363139577 43.02005854239335 173.62109375 20.1650390625 0 0
20 109.5 942.1400134221611 755.3702625907831 4928.159912109375 20.1650390625 65.13301363139577 579
30 237.6 1369.0995171029972 1231.4043889919108 9004.432861328125 20.1650390625 638.8024668995488 1674
40 179.5 2389.782972857552 1520.032449080447 11989.754150390625 20.1650390625 1067.2434030189052 4050
50 136.2 6483.145789416705 2854.294208515557 23350.69091796875 20.1650390625 1473.3954180506198 5845
60 182.2 11173.412340786012 4239.854353448144 25307.43701171875 20.1650390625 2420.1527381284063 7207
70 184.6 15287.890038983152 6274.723661636908 35465.408935546875 20.1650390625 4186.509920102286 9029
80 217.2 17411.800476748638 8349.367294640202 44130.5830078125 20.1650390625 6070.93729476473 10875
90 180.1 21137.735134940223 10261.43266569538 55013.452880859375 20.1650390625 7958.9080797167535 13047
100 204.8 21776.1547979116 12065.102467416042 60553.0048828125 20.1650390625 9557.444416358556 14848
110 202.1 24691.322246659118 13051.398229472958 69440.52514648438 20.1650390625 11038.500220183167 16896
120 179.6 26881.736144883587 15819.31537679444 87781.20288085938 20.1650390625 12497.101124951781 18917
130 188.5 29640.806695928994 18197.91036386527 96035.59985351563 20.1650390625 13744.37600043083 20713
140 179.6 32990.78150229683 21573.473582361035 102860.02685546875 20.1650390625 15070.368205980614 22598
150 176.5 35525.026674956905 22311.798588344955 113519.44799804688 20.1650390625 16389.75257427544 24394
160 188 37802.89303601861 24288.42460502164 118369.71997070313 20.1650390625 17680.847753284685 26159
170 167.5 41204.483513001425 25144.004814591157 133160.52001953125 20.1650390625 19030.020160700777 28039
180 179.1 45444.690556188 27198.55184213367 136810.416015625 20.1650390625 20280.01094333198 29714
190 184.2 48245.59611850863 29206.33816703744 144099.87109375 20.1650390625 21710.575653270884 31505
200 188 51111.837307674294 29661.519904947756 152794.01611328125 20.1650390625 23176.2999372235 33347
