10 603.24296875 603.24296875
20 1352.2390625 1955.48203125
30 2415.2984375 4370.78046875
40 2388.278125 6759.05859375
50 2370.16171875 9129.2203125
60 2437.41015625 11566.63046875
70 2393.23125 13959.86171875
80 2405.69921875 16365.5609375
90 2387.49375 18753.0546875
100 2397.48359375 21150.53828125
110 2360.54296875 23511.08125
120 2380.35859375 25891.43984375
130 2366.30703125 28257.746875
140 2387.99375 30645.740625
150 2383.61328125 33029.35390625
160 2404.584375 35433.93828125
170 2436.74296875 37870.68125
180 2372.1921875 40242.8734375
190 2382.74765625 42625.62109375
200 2383.34765625 45008.96875
