20 0.1 3608 0 3608 3608 0 0
30 0.1 7886.0 0.0 7886 3608 3608.0 1
40 0.1 11748.0 0.0 11748 3608 5747.0 2
50 0.1 15527.0 0.0 15527 3608 7747.333333333333 3
60 0.1 16694.0 0.0 16694 3608 9692.25 4
70 0.1 12248.0 0.0 16694 3608 11092.6 5
80 0.1 15779.0 0.0 16694 3608 11285.166666666666 6
100 0.1 16988.0 0.0 16988 3608 11927.142857142857 7
110 0.1 15314.0 0.0 16988 3608 12559.75 8
120 0.1 13797.0 0.0 16988 3608 12865.777777777777 9
130 0.1 17041.0 0.0 17041 3608 12958.9 10
140 0.1 22774.0 0.0 22774 3608 13330.0 11
150 0.1 20847.0 0.0 22774 3608 14117.0 12
170 0.1 20741.0 0.0 22774 3608 14634.692307692309 13
180 0.1 18825.0 0.0 22774 3608 15070.857142857143 14
190 0.1 20934.0 0.0 22774 3608 15321.133333333333 15
200 0.1 19139.0 0.0 22774 3608 15671.9375 16
