10 0.1 2909.140625 0 2909.140625 2909.140625 0 0
20 0.1 2910.7109375 0.0 2910.7109375 2909.140625 2909.140625 1
30 0.1 2909.1328125 0.0 2910.7109375 2909.1328125 2909.92578125 2
40 0.1 2904.234375 0.0 2910.7109375 2904.234375 2909.6614583333335 3
50 0.1 2900.5859375 0.0 2910.7109375 2900.5859375 2908.3046875 4
60 0.1 2900.70703125 0.0 2910.7109375 2900.5859375 2906.7609375 5
70 0.1 2899.90234375 0.0 2910.7109375 2899.90234375 2905.751953125 6
80 0.1 2900.02734375 0.0 2910.7109375 2899.90234375 2904.9162946428573 7
90 0.1 2903.61328125 0.0 2910.7109375 2899.90234375 2904.30517578125 8
100 0.1 2902.21484375 0.0 2910.7109375 2899.90234375 2904.2282986111113 9
110 0.1 2902.27734375 0.0 2910.7109375 2899.90234375 2904.026953125 10
120 0.1 2901.72265625 0.0 2910.7109375 2899.90234375 2903.8678977272725 11
130 0.1 2900.796875 0.0 2910.7109375 2899.90234375 2903.6891276041665 12
140 0.1 2900.90234375 0.0 2910.7109375 2899.90234375 2903.4666466346152 13
150 0.1 2897.0234375 0.0 2910.7109375 2897.0234375 2903.2834821428573 14
160 0.1 2893.703125 0.0 2910.7109375 2893.703125 2902.866145833333 15
170 0.1 2893.67578125 0.0 2910.7109375 2893.67578125 2902.29345703125 16
180 0.1 2892.3046875 0.0 2910.7109375 2892.3046875 2901.7865349264707 17
190 0.1 2891.515625 0.0 2910.7109375 2891.515625 2901.259765625 18
200 0.1 2891.484375 0.0 2910.7109375 2891.484375 2900.7469161184213 19
