10 0.1 2.03125 0 2.03125 2.03125 0 0
20 0.1 1.7890625 0.0 2.03125 1.7890625 2.03125 1
30 0.1 1.921875 0.0 2.03125 1.7890625 1.91015625 2
40 0.1 2.0 0.0 2.03125 1.7890625 1.9140625 3
50 0.1 2.609375 0.0 2.609375 1.7890625 1.935546875 4
60 0.1 2.80859375 0.0 2.80859375 1.7890625 2.0703125 5
70 0.1 3.0703125 0.0 3.0703125 1.7890625 2.193359375 6
80 0.1 2.98046875 0.0 3.0703125 1.7890625 2.318638392857143 7
90 0.1 2.91015625 0.0 3.0703125 1.7890625 2.4013671875 8
100 0.1 3.01171875 0.0 3.0703125 1.7890625 2.4578993055555554 9
110 0.1 2.9296875 0.0 3.0703125 1.7890625 2.51328125 10
120 0.1 2.859375 0.0 3.0703125 1.7890625 2.5511363636363638 11
130 0.1 2.890625 0.0 3.0703125 1.7890625 2.5768229166666665 12
140 0.1 2.91015625 0.0 3.0703125 1.7890625 2.6009615384615383 13
150 0.1 3.171875 0.0 3.171875 1.7890625 2.623046875 14
160 0.1 3.1484375 0.0 3.171875 1.7890625 2.6596354166666667 15
170 0.1 2.96875 0.0 3.171875 1.7890625 2.690185546875 16
180 0.1 2.96875 0.0 3.171875 1.7890625 2.7065716911764706 17
190 0.1 2.8984375 0.0 3.171875 1.7890625 2.7211371527777777 18
200 0.1 2.98828125 0.0 3.171875 1.7890625 2.73046875 19
