10 89.7 1.1250911784942879 0.3376707624307041 4.504150390625 0.495849609375 0 0
20 182.3 1.0525747394404834 0.38391870737618755 7.412841796875 0.495849609375 1.1250911784942879 897
30 282.3 1.0198659379981407 0.3524533926869492 7.412841796875 0.35400390625 1.0764891680549182 2720
40 384 2.11434516906738 32.34728258071814 1008.066162109375 0.35400390625 1.0476514667288703 5543
50 454.6 2.194790707146394 33.10285654460837 1008.066162109375 0.35400390625 1.484196688617379 9383
60 529.7 5.222655743006061 64.17416618027548 1398.97900390625 0.35400390625 1.7161128640953676 13929
70 600.9 39.13346658885373 191.99973459730484 2289.0478515625 0.35400390625 2.682208652589591 19226
80 662.7 290.9228552096881 553.9046974271861 3508.552978515625 0.35400390625 11.36204257131403 25235
90 750.1 562.140670534295 894.9243368751235 15066.5869140625 0.35400390625 69.50809446242272 31862
100 825 696.7318690814394 1081.0929969125978 15728.522216796875 0.35400390625 163.38399195791632 39363
110 812.4 473.4154180754939 1222.8696592477081 15728.522216796875 0.35400390625 255.79824828011962 47613
120 864.9 643.7005885513754 1090.9767589122891 31065.512939453125 0.35400390625 287.51724800054984 55737
130 821.7 443.8363784208809 952.9287444148605 31065.512939453125 0.35400390625 335.36351446257714 64386
140 820.6 296.6681288129497 611.5660338127723 31065.512939453125 0.35400390625 347.6401631292353 72603
150 803.1 379.10398265680436 817.8488703560214 31065.512939453125 0.35400390625 342.46405015172735 80809
160 796.2 592.4242804076196 918.5993614156121 31065.512939453125 0.35400390625 345.7762439602401 88840
170 930.2 652.2361746644282 1208.6545643665254 31065.512939453125 0.35400390625 366.0631354107683 96802
180 704.6 530.408592585775 1431.2226122334273 31065.512939453125 0.35400390625 391.1515544254854 106104
190 708.1 404.79872255253935 1282.5366156274956 31824.678955078125 0.35400390625 399.8232741857806 113150
200 641.3 459.16765182021584 941.2930369796045 31824.678955078125 0.35400390625 400.1163030209813 120231
