10 0.1 2.9609375 0 2.9609375 2.9609375 0 0
20 0.1 2.66015625 0.0 2.9609375 2.66015625 2.9609375 1
30 0.1 2.41015625 0.0 2.9609375 2.41015625 2.810546875 2
40 0.1 2.33984375 0.0 2.9609375 2.33984375 2.6770833333333335 3
50 0.1 2.37109375 0.0 2.9609375 2.33984375 2.5927734375 4
60 0.1 2.23046875 0.0 2.9609375 2.23046875 2.5484375 5
70 0.1 2.26953125 0.0 2.9609375 2.23046875 2.4954427083333335 6
80 0.1 2.44921875 0.0 2.9609375 2.23046875 2.463169642857143 7
90 0.1 2.5390625 0.0 2.9609375 2.23046875 2.46142578125 8
100 0.1 2.76953125 0.0 2.9609375 2.23046875 2.4700520833333335 9
110 0.1 2.9609375 0.0 2.9609375 2.23046875 2.5 10
120 0.1 2.9609375 0.0 2.9609375 2.23046875 2.541903409090909 11
130 0.1 3.0390625 0.0 3.0390625 2.23046875 2.5768229166666665 12
140 0.1 3.03125 0.0 3.0390625 2.23046875 2.6123798076923075 13
150 0.1 3.03125 0.0 3.0390625 2.23046875 2.642299107142857 14
170 0.1 3.01953125 0.0 3.0390625 2.23046875 2.668229166666667 15
180 0.1 3.25 0.0 3.25 2.23046875 2.690185546875 16
190 0.1 3.2109375 0.0 3.25 2.23046875 2.7231158088235294 17
200 0.1 3.1796875 0.0 3.25 2.23046875 2.750217013888889 18
