20 0.1 5015 0 5015 5015 0 0
30 0.1 8823.0 0.0 8823 5015 5015.0 1
40 0.1 12737.0 0.0 12737 5015 6919.0 2
50 0.1 16852.0 0.0 16852 5015 8858.333333333334 3
60 0.1 19966.0 0.0 19966 5015 10856.75 4
70 0.1 23377.0 0.0 23377 5015 12678.6 5
80 0.1 26752.0 0.0 26752 5015 14461.666666666666 6
90 0.1 2.58e4 0.0 26752 5015 16217.42857142857 7
100 0.1 24777.0 0.0 26752 5015 17415.25 8
110 0.1 26781.0 0.0 26781 5015 18233.222222222223 9
120 0.1 32053.0 0.0 32053 5015 19088.0 10
130 0.1 25371.0 0.0 32053 5015 20266.636363636364 11
140 0.1 26468.0 0.0 32053 5015 20692.0 12
150 0.1 24093.0 0.0 32053 5015 21136.30769230769 13
170 0.1 30660.0 0.0 32053 5015 21347.5 14
180 0.1 30340.0 0.0 32053 5015 21968.333333333332 15
190 0.1 28568.0 0.0 32053 5015 22491.5625 16
200 0.1 26761.0 0.0 32053 5015 22849.0 17
