20 0.1 3380 0 3380 3380 0 0
30 0.1 5901.0 0.0 5901 3380 3380.0 1
40 0.1 8410.0 0.0 8410 3380 4640.5 2
50 0.1 11090.0 0.0 11090 3380 5897.0 3
60 0.1 13056.0 0.0 13056 3380 7195.25 4
70 0.1 15312.0 0.0 15312 3380 8367.4 5
80 0.1 17489.0 0.0 17489 3380 9524.833333333334 6
90 0.1 17053.0 0.0 17489 3380 10662.57142857143 7
100 0.1 16513.0 0.0 17489 3380 11461.375 8
110 0.1 18176.0 0.0 18176 3380 12022.666666666666 9
120 0.1 21640.0 0.0 21640 3380 12638.0 10
130 0.1 17042.0 0.0 21640 3380 13456.363636363636 11
140 0.1 18086.0 0.0 21640 3380 13755.166666666666 12
150 0.1 16685.0 0.0 21640 3380 14088.307692307691 13
170 0.1 21055.0 0.0 21640 3380 14273.785714285714 14
180 0.1 21153.0 0.0 21640 3380 14725.866666666667 15
190 0.1 19686.0 0.0 21640 3380 15127.5625 16
200 0.1 18230.0 0.0 21640 3380 15395.70588235294 17
