10 90.9 14.673801804008527 2.570285830023277 30.47607421875 10.638916015625 0 0
20 183.1 14.740033035653328 2.8259605452881607 30.47607421875 10.015869140625 14.673801804008527 909
30 282.7 16.237295878747382 10.722636237001895 265.182861328125 10.015869140625 14.718060703695253 2740
40 384.9 19.57058740399293 37.41949957026306 1239.718994140625 10.015869140625 15.48954944805889 5567
50 456.2 24.829878242221753 44.987486675901195 1239.718994140625 10.015869140625 17.15776472974858 9416
60 548.3 60.858657761775056 91.65802694752365 1417.887939453125 10.015869140625 19.661712493656335 13978
70 528.9 664.1784307458589 591.8966336354954 4250.264892578125 10.015869140625 31.26866233719443 19461
80 525.9 2326.2941372732357 1173.5433154257767 8223.071044921875 10.015869140625 166.51956193773694 24750
90 550.3 3666.318305693345 2269.3012456048673 17915.115966796875 10.015869140625 545.014496513677 30009
100 472.2 4482.780088910194 3316.077853515157 24717.266845703125 10.015869140625 1028.6970506338537 35512
110 637.2 6035.237604729111 4960.279840698006 33362.06494140625 10.015869140625 1434.0800626818946 40234
120 530.8 4713.453336438309 4295.58132614373 42434.4599609375 10.015869140625 2063.1530545268256 46606
130 626.5 5574.833263604847 6323.299285985719 52775.751953125 10.015869140625 2334.1357161669644 51914
140 549.5 4690.834811120911 6960.696279326609 61641.296142578125 10.015869140625 2683.1099187950317 58179
150 574.6 4991.77401381802 6229.963956369299 68590.0830078125 10.015869140625 2856.3744896297635 63674
160 523.9 4692.7055480456065 5169.865679375461 78999.26806640625 10.015869140625 3033.124787324746 69420
170 507.8 6160.847599998617 6000.14001241273 78999.26806640625 10.015869140625 3149.581525365928 74659
180 682.6 6692.393638523648 7540.62414454445 79942.5400390625 10.015869140625 3341.352085168589 79737
190 535.2 4671.161243797953 8091.361638292929 89120.77514648438 10.015869140625 3605.6013561411946 86563
200 513.9 4707.917328730051 7906.775746321509 99986.59204101563 10.015869140625 3667.6464686771133 91915
