10 0.1 2752.21484375 0 2752.21484375 2752.21484375 0 0
20 0.1 2765.64453125 0.0 2765.64453125 2752.21484375 2752.21484375 1
30 0.1 2781.5859375 0.0 2781.5859375 2752.21484375 2758.9296875 2
40 0.1 2790.44921875 0.0 2790.44921875 2752.21484375 2766.4817708333335 3
50 0.1 2789.96875 0.0 2790.44921875 2752.21484375 2772.4736328125 4
60 0.1 2774.5390625 0.0 2790.44921875 2752.21484375 2775.97265625 5
70 0.1 2768.359375 0.0 2790.44921875 2752.21484375 2775.7337239583335 6
80 0.1 2766.3984375 0.0 2790.44921875 2752.21484375 2774.680245535714 7
100 0.1 2766.09765625 0.0 2790.44921875 2752.21484375 2773.64501953125 8
110 0.1 2760.4453125 0.0 2790.44921875 2752.21484375 2772.8064236111113 9
120 0.1 2752.34375 0.0 2790.44921875 2752.21484375 2771.5703125 10
130 0.1 2748.0625 0.0 2790.44921875 2748.0625 2769.822443181818 11
140 0.1 2743.265625 0.0 2790.44921875 2743.265625 2768.0091145833335 12
150 0.1 2731.05859375 0.0 2790.44921875 2731.05859375 2766.105769230769 13
160 0.1 2726.01953125 0.0 2790.44921875 2726.01953125 2763.6023995535716 14
180 0.1 2717.23828125 0.0 2790.44921875 2717.23828125 2761.096875 15
190 0.1 2714.3203125 0.0 2790.44921875 2714.3203125 2758.355712890625 16
200 0.1 2700.84375 0.0 2790.44921875 2700.84375 2755.7653952205883 17
