20 0.1 3685 0 3685 3685 0 0
30 0.1 7556.0 0.0 7556 3685 3685.0 1
40 0.1 11671.0 0.0 11671 3685 5620.5 2
50 0.1 15340.0 0.0 15340 3685 7637.333333333333 3
60 0.1 14971.0 0.0 15340 3685 9563.0 4
70 0.1 14489.0 0.0 15340 3685 10644.6 5
80 0.1 15775.0 0.0 15775 3685 11285.333333333334 6
100 0.1 17542.0 0.0 17542 3685 11926.714285714286 7
110 0.1 15854.0 0.0 17542 3685 12628.625 8
120 0.1 16771.0 0.0 17542 3685 12987.0 9
130 0.1 16679.0 0.0 17542 3685 13365.4 10
140 0.1 16161.0 0.0 17542 3685 13666.636363636364 11
150 0.1 19138.0 0.0 19138 3685 13874.5 12
160 0.1 17157.0 0.0 19138 3685 14279.384615384615 13
180 0.1 18243.0 0.0 19138 3685 14484.92857142857 14
190 0.1 18044.0 0.0 19138 3685 14735.466666666667 15
200 0.1 19666.0 0.0 19666 3685 14942.25 16
