20 0.1 2550 0 2550 2550 0 0
30 0.1 5080.0 0.0 5080 2550 2550.0 1
40 0.1 7791.0 0.0 7791 2550 3815.0 2
50 0.1 10259.0 0.0 10259 2550 5140.333333333333 3
60 0.1 10273.0 0.0 10273 2550 6420.0 4
70 0.1 10535.0 0.0 10535 2550 7190.6 5
80 0.1 11525.0 0.0 11525 2550 7748.0 6
100 0.1 12967.0 0.0 12967 2550 8287.57142857143 7
110 0.1 11871.0 0.0 12967 2550 8872.5 8
120 0.1 12446.0 0.0 12967 2550 9205.666666666666 9
130 0.1 12844.0 0.0 12967 2550 9529.7 10
140 0.1 12440.0 0.0 12967 2550 9831.0 11
150 0.1 14486.0 0.0 14486 2550 10048.416666666666 12
160 0.1 13345.0 0.0 14486 2550 10389.76923076923 13
180 0.1 14558.0 0.0 14558 2550 10600.857142857143 14
190 0.1 14467.0 0.0 14558 2550 10864.666666666666 15
200 0.1 15420.0 0.0 15420 2550 11089.8125 16
