20 0.1 2645 0 2645 2645 0 0
30 0.1 4695.0 0.0 4695 2645 2645.0 1
40 0.1 6249.0 0.0 6249 2645 3670.0 2
50 0.1 6452.0 0.0 6452 2645 4529.666666666667 3
60 0.1 6244.0 0.0 6452 2645 5010.25 4
70 0.1 8331.0 0.0 8331 2645 5257.0 5
80 0.1 8353.0 0.0 8353 2645 5769.333333333333 6
90 0.1 9344.0 0.0 9344 2645 6138.428571428572 7
100 0.1 10666.0 0.0 10666 2645 6539.125 8
110 0.1 8575.0 0.0 10666 2645 6997.666666666667 9
120 0.1 11669.0 0.0 11669 2645 7155.4 10
130 0.1 12522.0 0.0 12522 2645 7565.727272727273 11
140 0.1 11295.0 0.0 12522 2645 7978.75 12
150 0.1 11741.0 0.0 12522 2645 8233.846153846154 13
160 0.1 10591.0 0.0 12522 2645 8484.357142857143 14
170 0.1 13333.0 0.0 13333 2645 8624.8 15
180 0.1 14419.0 0.0 14419 2645 8919.0625 16
190 0.1 15072.0 0.0 15072 2645 9242.588235294117 17
200 0.1 14965.0 0.0 15072 2645 9566.444444444445 18
