10 606.8 1.384840782331497 18.099216362319815 997.651123046875 0.407958984375 0 0
20 1549.4 3.785297559740864 51.320550195440184 1005.740966796875 0.39404296875 1.384840782331497 6068
30 2324.8 19.361391554515453 125.2083859160349 2059.2060546875 0.39404296875 3.1097585686769533 21562
40 2854.2 148.22453369157753 324.4689099009503 3442.06396484375 0.39404296875 11.54131321395197 44810
50 3081 338.3172495058557 465.2214761455565 4637.7890625 0.39404296875 64.72612724591276 73352
60 3160.7 434.1351888216514 637.9248659074406 8693.68408203125 0.39404296875 145.65144047750243 104162
70 2972.8 326.1826378747371 532.0174926372154 15193.206787109375 0.39404296875 212.81040779635666 135769
80 3080.2 313.91282434353747 453.51148382959127 16484.14501953125 0.39404296875 233.17530659071602 165497
90 2940.6 324.495092844838 481.2397550922654 16484.14501953125 0.39404296875 245.8441282445319 196299
100 2540 366.985502189573 550.8235536187807 16484.14501953125 0.39404296875 256.09117755684935 225705
110 3138.5 295.8120175684801 474.8804141603194 16484.14501953125 0.39404296875 267.30846054871006 251105
120 2826.2 390.90246717655447 569.4094599252159 16484.14501953125 0.39404296875 270.47524215891036 282490
130 2688.6 338.2741318197376 489.5225410361136 16484.14501953125 0.39404296875 281.4277516631087 310752
140 3053.6 404.42607781497975 691.5143729005476 16484.14501953125 0.39404296875 285.9544097314871 337638
150 2916.4 357.9025528148713 532.5736269842041 16484.14501953125 0.39404296875 295.7803367567456 368174
160 3083.9 356.5000170286483 535.4141709666758 31247.11083984375 0.39404296875 300.3400121694149 397338
170 2743.2 376.61751918842964 589.3912991851788 31247.11083984375 0.39404296875 304.384877703654 428177
180 2906.5 259.5382466175632 428.64562314002035 31247.11083984375 0.39404296875 308.73397050298496 455609
190 2779.8 305.18442422159234 483.7826009975156 31247.11083984375 0.39404296875 305.7837942716836 484674
200 2816.2 361.5201785581538 540.5256823390919 31247.11083984375 0.39404296875 305.75128266392267 512472
