10 0.1 2203.32421875 0 2203.32421875 2203.32421875 0 0
20 0.1 2211.171875 0.0 2211.171875 2203.32421875 2203.32421875 1
30 0.1 2219.0 0.0 2219.0 2203.32421875 2207.248046875 2
40 0.1 2227.86328125 0.0 2227.86328125 2203.32421875 2211.1653645833335 3
50 0.1 2234.09375 0.0 2234.09375 2203.32421875 2215.33984375 4
60 0.1 2242.328125 0.0 2242.328125 2203.32421875 2219.090625 5
70 0.1 2251.92578125 0.0 2251.92578125 2203.32421875 2222.9635416666665 6
80 0.1 2254.84765625 0.0 2254.84765625 2203.32421875 2227.101004464286 7
90 0.1 2271.85546875 0.0 2271.85546875 2203.32421875 2230.5693359375 8
100 0.1 2296.61328125 0.0 2296.61328125 2203.32421875 2235.156684027778 9
110 0.1 2297.66015625 0.0 2297.66015625 2203.32421875 2241.30234375 10
120 0.1 2302.921875 0.0 2302.921875 2203.32421875 2246.42578125 11
130 0.1 2306.55078125 0.0 2306.55078125 2203.32421875 2251.1337890625 12
140 0.1 2306.125 0.0 2306.55078125 2203.32421875 2255.3966346153848 13
150 0.1 2306.55078125 0.0 2306.55078125 2203.32421875 2259.020089285714 14
160 0.1 2305.54296875 0.0 2306.55078125 2203.32421875 2262.1888020833335 15
170 0.1 2304.87890625 0.0 2306.55078125 2203.32421875 2264.8984375 16
180 0.1 2305.49609375 0.0 2306.55078125 2203.32421875 2267.2502297794117 17
190 0.1 2306.6015625 0.0 2306.6015625 2203.32421875 2269.375 18
200 0.1 2306.60546875 0.0 2306.60546875 2203.32421875 2271.334292763158 19
