10 0.1 4.51171875 0 4.51171875 4.51171875 0 0
20 0.1 3.96875 0.0 4.51171875 3.96875 4.51171875 1
30 0.1 3.5 0.0 4.51171875 3.5 4.240234375 2
40 0.1 3.19140625 0.0 4.51171875 3.19140625 3.9934895833333335 3
50 0.1 2.78125 0.0 4.51171875 2.78125 3.79296875 4
60 0.1 2.3515625 0.0 4.51171875 2.3515625 3.590625 5
70 0.1 1.98828125 0.0 4.51171875 1.98828125 3.3841145833333335 6
80 0.1 1.6796875 0.0 4.51171875 1.6796875 3.1847098214285716 7
90 0.1 1.5 0.0 4.51171875 1.5 2.99658203125 8
100 0.1 1.671875 0.0 4.51171875 1.5 2.830295138888889 9
110 0.1 1.55859375 0.0 4.51171875 1.5 2.714453125 10
120 0.1 1.640625 0.0 4.51171875 1.5 2.609375 11
130 0.1 1.4609375 0.0 4.51171875 1.4609375 2.5286458333333335 12
140 0.1 1.3203125 0.0 4.51171875 1.3203125 2.446514423076923 13
150 0.1 1.12109375 0.0 4.51171875 1.12109375 2.3660714285714284 14
160 0.1 1.03125 0.0 4.51171875 1.03125 2.283072916666667 15
170 0.1 0.87109375 0.0 4.51171875 0.87109375 2.204833984375 16
180 0.1 0.80859375 0.0 4.51171875 0.80859375 2.1263786764705883 17
190 0.1 0.76953125 0.0 4.51171875 0.76953125 2.0531684027777777 18
200 0.1 0.6484375 0.0 4.51171875 0.6484375 1.985608552631579 19
