10 55.5 29.536592940596847 96.43719769776429 2296.923828125 18.246826171875 0 0
20 150.8 48.78367375948073 218.9704167644522 6671.3388671875 17.119140625 29.536592940596847 555
30 212.3 266.6544479822921 609.6861693189625 16597.322998046875 17.048095703125 43.60571454742035 2063
40 12.5 4197.3420429687485 2193.86512962779 16597.322998046875 17.048095703125 156.72861494929154 4186
50 6.2 12489.826479019655 3535.257170449932 20179.85400390625 17.048095703125 273.8885960447293 4311
60 3 22999.020458984374 3575.9459762768347 29436.97607421875 17.048095703125 447.08506271393696 4373
70 9.8 24207.32439064494 8300.897008974474 39811.239990234375 17.048095703125 600.7434914870719 4403
80 5.8 28327.18852286503 14642.452618314039 50026.4599609375 17.048095703125 1114.7281455900425 4501
90 4 33181.54450073242 16026.025644762603 59766.0859375 17.048095703125 1460.9274660291628 4559
100 1.6 42489.49827575683 17317.896257101373 69814.68286132813 17.048095703125 1736.8188949024245 4599
110 1.9 49337.03073601974 15151.601809799318 74107.57104492188 17.048095703125 1878.1066240668167 4615
120 4.6 62457.7975278108 20167.638986692175 90105.33618164063 17.048095703125 2072.6943578016258 4634
130 1.8 71001.31722005208 20853.431993386923 96174.69604492188 17.048095703125 2666.2231496435966 4680
140 2.7 87966.93677662041 22823.592601159202 106769.68310546875 17.048095703125 2928.043433438265 4698
150 3 89662.06970214844 29217.71310258108 120045.12109375 17.048095703125 3413.979966827877 4725
160 1.4 106183.94928850446 13546.559876599224 122042.40698242188 17.048095703125 3958.1319525396784 4755
170 1.3 93898.40448467548 22776.79491150238 125855.00805664063 17.048095703125 4258.2287113368075 4769
180 1.1 117421.95183771307 27652.30520057102 144045.55200195313 17.048095703125 4501.918022305733 4782
190 1.6 131087.25718688965 29199.454076904818 159939.77294921875 17.048095703125 4761.071031270782 4793
200 3.8 121487.16135125411 42206.8595011244 169885.50805664063 17.048095703125 5181.370257407173 4809
