20 0.1 5304 0 5304 5304 0 0
30 0.1 8565.0 0.0 8565 5304 5304.0 1
40 0.1 10498.0 0.0 10498 5304 6934.5 2
50 0.1 15674.0 0.0 15674 5304 8122.333333333333 3
60 0.1 13701.0 0.0 15674 5304 10010.25 4
70 0.1 15970.0 0.0 15970 5304 10748.4 5
80 0.1 15980.0 0.0 15980 5304 11618.666666666666 6
90 0.1 12069.0 0.0 15980 5304 12241.714285714286 7
100 0.1 18865.0 0.0 18865 5304 12220.125 8
110 0.1 13789.0 0.0 18865 5304 12958.444444444445 9
120 0.1 17428.0 0.0 18865 5304 13041.5 10
130 0.1 14683.0 0.0 18865 5304 13440.272727272728 11
140 0.1 16923.0 0.0 18865 5304 13543.833333333334 12
150 0.1 16856.0 0.0 18865 5304 13803.76923076923 13
160 0.1 16839.0 0.0 18865 5304 14021.785714285714 14
170 0.1 16829.0 0.0 18865 5304 14209.6 15
180 0.1 1.59e4 0.0 18865 5304 14373.3125 16
190 0.1 15995.0 0.0 18865 5304 14463.117647058823 17
200 0.1 19140.0 0.0 19140 5304 14548.222222222223 18
