0 10.9140625 10.9140625
10 966.5890625 977.503125
20 1736.1296875 2713.6328125
30 1492.4484375 4206.08125
40 3041.55078125 7247.63203125
50 3080.54375 10328.17578125
60 3156.84296875 13485.01875
70 3180.159375 16665.178125
80 3152.775 19817.953125
90 3133.9234375 22951.8765625
100 3201.3921875 26153.26875
110 3218.16015625 29371.42890625
120 3222.12890625 32593.5578125
130 3235.82109375 35829.37890625
140 3252.09296875 39081.471875
150 3186.01328125 42267.48515625
160 3265.58671875 45533.071875
170 3237.1109375 48770.1828125
180 3246.6359375 52016.81875
190 3242.56796875 55259.38671875
200 3204.9640625 58464.35078125
