0 11.3828125 11.3828125
10 1009.7 1021.0828125
20 1842.828125 2863.9109375
30 1745.07421875 4608.98515625
40 3209.20703125 7818.1921875
50 3218.79765625 11036.98984375
60 3320.34375 14357.33359375
70 3315.62734375 17672.9609375
80 3258.6953125 20931.65625
90 3327.55234375 24259.20859375
100 3338.6734375 27597.88203125
110 3391.17109375 30989.053125
120 3326.64609375 34315.69921875
130 3420.0359375 37735.73515625
140 3378.76171875 41114.496875
150 3327.9046875 44442.4015625
160 3390.09921875 47832.50078125
170 3405.44375 51237.94453125
180 3419.6046875 54657.54921875
190 3339.58203125 57997.13125
200 3363.33125 61360.4625
