10 0.1 4.4795113260371595 0 4.4795113260371595 4.4795113260371595 0 0
20 0.1 27.015706806282726 0.0 27.015706806282726 4.4795113260371595 4.4795113260371595 1
30 0.1 49.54320020882276 0.0 49.54320020882276 4.4795113260371595 15.747609066159942 2
40 0.1 70.41800643086816 0.0 70.41800643086816 4.4795113260371595 27.012806113714216 3
50 0.1 76.46602944975459 0.0 76.46602944975459 4.4795113260371595 37.8641061930027 4
60 0.1 78.00702370500439 0.0 78.00702370500439 4.4795113260371595 45.58449084435308 5
70 0.1 77.07509881422925 0.0 78.00702370500439 4.4795113260371595 50.988246321128294 6
80 0.1 76.80676576114813 0.0 78.00702370500439 4.4795113260371595 54.71493953442843 7
90 0.1 77.99862919808088 0.0 78.00702370500439 4.4795113260371595 57.476417812768396 8
100 0.1 75.81996648312186 0.0 78.00702370500439 4.4795113260371595 59.756663522247564 9
110 0.1 75.88636363636364 0.0 78.00702370500439 4.4795113260371595 61.362993818335 10
120 0.1 77.12094978976008 0.0 78.00702370500439 4.4795113260371595 62.683300165428506 11
140 0.1 72.74784970574922 0.0 78.00702370500439 4.4795113260371595 63.88643763412281 12
150 0.1 75.94721157939549 0.0 78.00702370500439 4.4795113260371595 64.5680847165556 13
160 0.1 75.64543889845095 0.0 78.00702370500439 4.4795113260371595 65.38087949247274 14
180 0.1 69.08560645050609 0.0 78.00702370500439 4.4795113260371595 66.0651834528713 15
190 0.1 71.75965665236052 0.0 78.00702370500439 4.4795113260371595 66.25395989022347 16
200 0.1 76.72727272727272 0.0 78.00702370500439 4.4795113260371595 66.5778244056433 17
