20 0.1 3188 0 3188 3188 0 0
30 0.1 5366.0 0.0 5366 3188 3188.0 1
40 0.1 8099.0 0.0 8099 3188 4277.0 2
50 0.1 9457.0 0.0 9457 3188 5551.0 3
60 0.1 11019.0 0.0 11019 3188 6527.5 4
70 0.1 10253.0 0.0 11019 3188 7425.8 5
80 0.1 10587.0 0.0 11019 3188 7897.0 6
90 0.1 11222.0 0.0 11222 3188 8281.285714285714 7
100 0.1 11314.0 0.0 11314 3188 8648.875 8
110 0.1 13223.0 0.0 13223 3188 8945.0 9
120 0.1 12791.0 0.0 13223 3188 9372.8 10
140 0.1 12011.0 0.0 13223 3188 9683.545454545454 11
150 0.1 13567.0 0.0 13567 3188 9877.5 12
160 0.1 16111.0 0.0 16111 3188 10161.307692307691 13
180 0.1 14068.0 0.0 16111 3188 10586.285714285714 14
190 0.1 19645.0 0.0 19645 3188 10818.4 15
200 0.1 16101.0 0.0 19645 3188 11370.0625 16
