0 0.1 1545.33984375 0 1545.33984375 1545.33984375 0 0
10 0.1 1545.515625 0.0 1545.515625 1545.33984375 1545.33984375 1
20 0.1 1544.91796875 0.0 1545.515625 1544.91796875 1545.427734375 2
30 0.1 1545.3046875 0.0 1545.515625 1544.91796875 1545.2578125 3
40 0.1 1544.953125 0.0 1545.515625 1544.91796875 1545.26953125 4
50 0.1 1544.95703125 0.0 1545.515625 1544.91796875 1545.20625 5
60 0.1 1545.08984375 0.0 1545.515625 1544.91796875 1545.1647135416667 6
70 0.1 1544.89453125 0.0 1545.515625 1544.89453125 1545.154017857143 7
80 0.1 1544.69921875 0.0 1545.515625 1544.69921875 1545.12158203125 8
90 0.1 1544.84375 0.0 1545.515625 1544.69921875 1545.0746527777778 9
100 0.1 1544.72265625 0.0 1545.515625 1544.69921875 1545.0515625 10
110 0.1 1542.578125 0.0 1545.515625 1542.578125 1545.0216619318182 11
120 0.1 1531.3125 0.0 1545.515625 1531.3125 1544.8180338541667 12
130 0.1 1512.671875 0.0 1545.515625 1512.671875 1543.7791466346155 13
140 0.1 1503.07421875 0.0 1545.515625 1503.07421875 1541.5571986607142 14
150 0.1 1484.17578125 0.0 1545.515625 1484.17578125 1538.9916666666666 15
170 0.1 1485.0625 0.0 1545.515625 1484.17578125 1535.565673828125 16
180 0.1 1478.34375 0.0 1545.515625 1478.34375 1532.5948988970588 17
190 0.1 1478.2421875 0.0 1545.515625 1478.2421875 1529.5809461805557 18
200 0.1 1463.2109375 0.0 1545.515625 1463.2109375 1526.87890625 19
