0 0.4 1.25274658203125 0.26022798935205466 1.628173828125 0.89501953125 0 0
10 92.4 1.1390917228929924 0.2682506191802868 2.35791015625 0.52392578125 1.25274658203125 4
20 187.7 1.0963702519395953 1.3413246745515164 51.923828125 0.52392578125 1.139581614527209 928
30 291.6 0.9461814765249914 0.2467220669890677 51.923828125 0.48291015625 1.1106662036263353 2805
40 322 142.22651238293398 523.7797588027862 3009.98095703125 0.420166015625 1.0268281570911983 5721
50 276.1 1389.7569714925773 1726.9726440303527 7025.205078125 0.420166015625 51.878297031625785 8941
60 278.3 3337.0342775016597 3936.600291884726 15048.8740234375 0.420166015625 367.5408350752668 11702
70 276.6 3932.503820280025 6002.387060591179 31103.88916015625 0.420166015625 938.0689849042382 14485
80 262.7 4896.235240319126 7775.239415332679 31103.88916015625 0.420166015625 1418.1922678820033 17251
90 273.4 5325.852195801138 8347.556575407416 31103.88916015625 0.420166015625 1877.8370454548135 19878
100 276.2 6961.761017265569 10191.888100828184 31104.7890625 0.4111328125 2294.733977218782 22612
110 274.8 6753.526569749593 9920.1532001578 31109.259033203125 0.4111328125 2802.747246100678 25374
120 257.3 5846.947880198972 8366.689624308005 31109.259033203125 0.4111328125 3188.8059041401916 28122
130 263.3 6096.3573432455805 8591.836721397643 31109.259033203125 0.4111328125 3411.6239300206034 30695
140 277.2 6069.401737714049 8772.491419333363 31109.259033203125 0.4111328125 3623.7249584958004 33328
150 277.4 6783.301737834159 9578.056511077571 31109.259033203125 0.4111328125 3811.5204164457446 36100
160 273.1 7563.027113376367 10412.362970219223 31109.259033203125 0.4111328125 4023.5830131821613 38874
170 267.3 6296.208757953523 9169.98558003249 31109.259033203125 0.4111328125 4255.916190387554 41605
180 288.1 8266.483771215915 11242.910296847933 31113.816162109375 0.4111328125 4379.085756156194 44278
190 268.9 6705.415102526361 9358.768054151498 31113.816162109375 0.39501953125 4616.571573951039 47159
200 269 7323.077950652758 9622.871130024749 31113.816162109375 0.39501953125 4729.252127801525 49848
