10 0.1 2.62890625 0 2.62890625 2.62890625 0 0
20 0.1 2.30078125 0.0 2.62890625 2.30078125 2.62890625 1
30 0.1 2.03125 0.0 2.62890625 2.03125 2.46484375 2
40 0.1 1.87109375 0.0 2.62890625 1.87109375 2.3203125 3
50 0.1 1.80859375 0.0 2.62890625 1.80859375 2.2080078125 4
60 0.1 1.69140625 0.0 2.62890625 1.69140625 2.128125 5
70 0.1 1.578125 0.0 2.62890625 1.578125 2.0553385416666665 6
80 0.1 1.48828125 0.0 2.62890625 1.48828125 1.9871651785714286 7
90 0.1 1.421875 0.0 2.62890625 1.421875 1.9248046875 8
100 0.1 1.3515625 0.0 2.62890625 1.3515625 1.8689236111111112 9
110 0.1 1.30078125 0.0 2.62890625 1.30078125 1.8171875 10
120 0.1 1.25 0.0 2.62890625 1.25 1.7702414772727273 11
130 0.1 1.2109375 0.0 2.62890625 1.2109375 1.7268880208333333 12
140 0.1 1.1796875 0.0 2.62890625 1.1796875 1.6871995192307692 13
150 0.1 1.1484375 0.0 2.62890625 1.1484375 1.6509486607142858 14
160 0.1 1.12890625 0.0 2.62890625 1.12890625 1.6174479166666667 15
170 0.1 1.109375 0.0 2.62890625 1.109375 1.5869140625 16
180 0.1 1.171875 0.0 2.62890625 1.109375 1.5588235294117647 17
190 0.1 1.140625 0.0 2.62890625 1.109375 1.5373263888888888 18
200 0.1 1.12109375 0.0 2.62890625 1.109375 1.5164473684210527 19
