0 0.4 22.208740234375 5.838147126807152 28.02001953125 13.4560546875 0 0
10 92.8 13.190391803609906 2.5289562365400675 34.777099609375 9.366943359375 22.208740234375 4
20 189.2 16.583428477636065 6.514701237746009 93.155029296875 8.924072265625 13.229097161681858 932
30 260.8 527.3114874904142 368.5641347754234 1202.68896484375 8.924072265625 15.476404119821149 2824
40 253.7 2528.859062630878 1058.3276070304275 4960.614013671875 8.924072265625 261.2175487130661 5432
50 273.4 4600.597493370513 1194.89699810826 11308.8740234375 8.924072265625 983.1408164768367 7969
60 278.9 6187.019262336414 2666.2730805283736 19465.81201171875 8.924072265625 1907.1926294850875 10703
70 271.4 8564.748918278905 5211.056765019103 19911.56494140625 8.924072265625 2791.8973788938 13492
80 267.8 8332.094475584492 7431.457787891269 36715.254150390625 8.924072265625 3758.6701221920334 16206
90 265.5 9674.24591728827 8628.157581336272 36715.254150390625 8.924072265625 4407.241951168152 18884
100 283.1 9169.036975446925 8563.823744434718 37759.35888671875 8.924072265625 5056.47801273317 21539
110 267.7 12009.808810804425 10824.93461694023 61079.40185546875 8.924072265625 5534.223372743126 24370
120 257.5 11975.21681792322 14258.677142266182 79995.82397460938 8.924072265625 6175.149990027486 27047
130 271.3 22083.619725734596 26360.67468392439 85900.81713867188 8.924072265625 6679.341877200246 29622
140 267.4 25641.02108620847 30052.192665327704 98486.43115234375 8.924072265625 7971.8053317564145 32335
150 275.7 22853.111944630968 26994.197015540176 108279.8359375 8.924072265625 9321.38638026979 35009
160 268.3 20899.528864464934 27229.139884297518 114627.68505859375 8.924072265625 10309.231727432418 37766
170 270.1 27354.01286144745 31102.804429879117 114627.68505859375 8.924072265625 11011.690804755919 40449
180 275.2 30260.23186022737 32808.14308145326 114627.68505859375 8.924072265625 12034.648206265161 43150
190 269.2 25919.283120414686 30302.48996894072 137336.65698242188 8.924072265625 13127.341470517349 45902
200 265 39207.11307543481 39362.102849483286 163580.0390625 8.924072265625 13835.98671317125 48594
