0 3.34375 3.34375
10 771.82109375 775.16484375
20 1568.13515625 2343.3
30 2281.2734375 4624.5734375
40 2396.71640625 7021.28984375
50 2216.82265625 9238.1125
60 2300.91796875 11539.03046875
70 2310.61484375 13849.6453125
80 2234.628125 16084.2734375
90 2290.803125 18375.0765625
100 2321.3984375 20696.475
110 2233.290625 22929.765625
120 2197.42890625 25127.19453125
130 2182.21484375 27309.409375
140 2245.07734375 29554.48671875
150 2242.1515625 31796.63828125
160 2274.83671875 34071.475
170 2236.88515625 36308.36015625
180 2309.44453125 38617.8046875
190 2221.33671875 40839.14140625
200 2234.29375 43073.43515625
