0 4.21875 4.21875
10 956.51953125 960.73828125
20 1947.44609375 2908.184375
30 2863.41796875 5771.60234375
40 3040.8625 8812.46484375
50 2760.2828125 11572.74765625
60 2855.8125 14428.56015625
70 2864.3671875 17292.92734375
80 2743.2453125 20036.17265625
90 2873.178125 22909.35078125
100 2869.4578125 25778.80859375
110 2778.696875 28557.50546875
120 2722.6734375 31280.17890625
130 2699.27578125 33979.4546875
140 2770.84609375 36750.30078125
150 2809.2140625 39559.51484375
160 2824.44765625 42383.9625
170 2775.96171875 45159.92421875
180 2864.46328125 48024.3875
190 2761.09296875 50785.48046875
200 2764.978125 53550.45859375
