10 92.9 56.017403100612235 142.9556106127646 1293.52587890625 20.31005859375 0 0
20 142 1026.6273726342426 779.8368478722342 4864.885986328125 20.31005859375 56.017403100612235 929
30 102.2 2056.7442935114973 2131.457848479506 12881.81103515625 20.31005859375 642.7633191234966 2349
40 77.5 7839.404086126509 5635.338964006164 23001.513916015625 20.31005859375 1071.4457741292922 3371
50 98.8 13829.398361144284 5965.326755035134 31990.162109375 20.31005859375 2336.5609916396256 4146
60 91.9 20041.74969635179 9743.584757268338 41316.820068359375 20.31005859375 4548.271806028134 5134
70 110.9 25535.974698313516 9797.82883055933 50004.72998046875 20.31005859375 6900.577469535063 6053
80 91.1 31715.770204445664 11747.307558237506 59131.9580078125 20.31005859375 9786.175839643314 7162
90 88.2 36757.69678675503 13288.73541308094 70515.94116210938 20.31005859375 12260.8272042333 8073
100 93.1 40981.61817350287 16225.69408033994 80233.40502929688 20.31005859375 14673.584208340966 8955
110 94.1 43722.1798994691 19118.79894411858 89237.93701171875 20.31005859375 17151.10591798751 9886
120 97.1 46754.14273652729 22457.25404632911 101972.13598632813 20.31005859375 19460.460366733623 10827
130 114 46993.840877492825 26440.276558377984 109511.43188476563 20.31005859375 21706.78733580208 11798
140 100.3 57808.73471480089 28968.28795632734 120878.14208984375 20.31005859375 23934.893769371985 12938
150 92.4 64561.106564212154 30640.610788393242 130020.89697265625 20.31005859375 26371.983107888966 13941
160 99.2 69475.29966194394 33583.408130003074 138736.68383789063 20.31005859375 28745.79744180371 14865
170 118.3 75793.78489147197 35720.8291801391 143437.86791992188 20.31005859375 31293.799346475404 15857
180 110.9 83587.22917782066 36737.32381161989 158415.05517578125 20.31005859375 34383.2056199338 17040
190 99.7 89700.23847666045 37478.73722647103 169961.63305664063 20.31005859375 37389.83199745854 18149
200 88.3 93109.12393496078 37170.02757470216 183846.0029296875 20.31005859375 40113.82005030322 19146
