0 5 1.3768310546875 0.8546992595777186 4.596923828125 0.698974609375 0 0
10 861 1.183634269971327 0.7376417313418895 30.81103515625 0.304931640625 1.3768310546875 50
20 1920.8 1.2062704331772531 0.6208407738219238 30.81103515625 0.27587890625 1.184749724848441 8660
30 2877.4 1.2928118157885575 0.696426907326134 30.81103515625 0.196044921875 1.1995828583915666 27868
40 3627.9 1.537323656699637 4.942916338223816 252.885009765625 0.196044921875 1.246942944902301 56642
50 4740.4 2.0847939882446735 8.343924200796591 254.970947265625 0.196044921875 1.3603158298615197 92921
60 5655.5 6.2275145815260124 19.62493093284623 1011.869140625 0.196044921875 1.6050559874955481 140325
70 5458.8 135.8539384657572 145.93562304510326 1787.64892578125 0.196044921875 2.9328858624721477 196880
80 5837.4 414.9973288696952 600.7592175235694 8067.110107421875 0.078857421875 31.787031994417863 251468
90 5831.9 592.583937421498 1051.4486803772597 16217.94677734375 0.06591796875 103.98356400039975 309842
100 5907.4 599.235237075849 1185.9548034887573 27345.777099609375 0.06591796875 181.38091238207252 368161
110 6039.6 557.4458482180029 1343.1849001167598 32945.18994140625 0.0390625 239.1578416527553 427235
120 5775.7 526.5122450787527 1441.0018029528856 37589.31103515625 0.0390625 278.5797045870533 487631
130 5867.9 545.1809190331986 1251.7773248371132 43232.472900390625 0.0390625 304.8359473741683 545388
140 4947.8 668.4787798236584 1668.3997027622625 64661.60400390625 0.0390625 328.1830307142287 604067
150 5994.7 537.1714297214214 1526.4479119994173 64661.60400390625 0.0390625 353.9458367557964 653545
160 5756.9 579.4356197070988 1545.4005743544653 68829.8251953125 0.0390625 369.3402975507462 713492
170 5651.2 520.4835313211663 1675.4135286693179 68829.8251953125 0.0390625 385.02644637842525 771061
180 5856.4 523.6140514744086 1485.1789970528407 70157.51586914063 0.0390625 394.27632618876726 827573
190 5665.2 502.79601684906453 1396.5541575944314 71257.82104492188 0.0390625 402.82414051502644 886137
200 5923.4 625.9174576307937 1710.468221773683 78116.28295898438 0.0390625 408.8314303095361 942789
