10 0.1 1.232394366197183 0 1.232394366197183 1.232394366197183 0 0
20 0.1 8.700050581689428 0.0 8.700050581689428 1.232394366197183 1.232394366197183 1
30 0.1 19.172276240339066 0.0 19.172276240339066 1.232394366197183 4.966222473943306 2
40 0.1 27.161112503132046 0.0 27.161112503132046 1.232394366197183 9.70157372940856 3
50 0.1 36.42333922707755 0.0 36.42333922707755 1.232394366197183 14.066458422839432 4
60 0.1 44.08246373122932 0.0 44.08246373122932 1.232394366197183 18.537834583687054 5
70 0.1 50.92898956477475 0.0 50.92898956477475 1.232394366197183 22.7952727749441 6
80 0.1 58.28049708343901 0.0 58.28049708343901 1.232394366197183 26.814375173491335 7
90 0.1 64.45461479786422 0.0 64.45461479786422 1.232394366197183 30.747640412234794 8
100 0.1 68.38514025777104 0.0 68.38514025777104 1.232394366197183 34.49285978841584 9
110 0.1 74.21383647798741 0.0 74.21383647798741 1.232394366197183 37.88208783535136 10
120 0.1 76.47206213981458 0.0 76.47206213981458 1.232394366197183 41.18497407559101 11
130 0.1 79.5020120724346 0.0 79.5020120724346 1.232394366197183 44.125564747609644 12
140 0.1 78.90951276102088 0.0 79.5020120724346 1.232394366197183 46.84682992644233 13
150 0.1 78.18808468734613 0.0 79.5020120724346 1.232394366197183 49.137021557483656 14
160 0.1 79.07094168139359 0.0 79.5020120724346 1.232394366197183 51.073759099474486 15
170 0.1 77.77219009303495 0.0 79.5020120724346 1.232394366197183 52.82358301084443 16
180 0.1 80.50202839756592 0.0 80.50202839756592 1.232394366197183 54.291148133326224 17
190 0.1 78.26086956521739 0.0 80.50202839756592 1.232394366197183 55.74730814800621 18
200 0.1 77.99344592891354 0.0 80.50202839756592 1.232394366197183 56.932232433122586 19
