10 0.1 3.5390625 0 3.5390625 3.5390625 0 0
20 0.1 2.98828125 0.0 3.5390625 2.98828125 3.5390625 1
30 0.1 2.53125 0.0 3.5390625 2.53125 3.263671875 2
40 0.1 2.140625 0.0 3.5390625 2.140625 3.01953125 3
50 0.1 1.80859375 0.0 3.5390625 1.80859375 2.7998046875 4
60 0.1 1.62109375 0.0 3.5390625 1.62109375 2.6015625 5
70 0.1 1.671875 0.0 3.5390625 1.62109375 2.4381510416666665 6
80 0.1 1.71875 0.0 3.5390625 1.62109375 2.3286830357142856 7
90 0.1 1.8515625 0.0 3.5390625 1.62109375 2.25244140625 8
100 0.1 1.94140625 0.0 3.5390625 1.62109375 2.2078993055555554 9
110 0.1 2.109375 0.0 3.5390625 1.62109375 2.18125 10
120 0.1 2.23828125 0.0 3.5390625 1.62109375 2.174715909090909 11
130 0.1 2.359375 0.0 3.5390625 1.62109375 2.1800130208333335 12
140 0.1 2.4609375 0.0 3.5390625 1.62109375 2.1938100961538463 13
150 0.1 2.5390625 0.0 3.5390625 1.62109375 2.212890625 14
160 0.1 2.609375 0.0 3.5390625 1.62109375 2.234635416666667 15
170 0.1 2.671875 0.0 3.5390625 1.62109375 2.258056640625 16
180 0.1 2.80078125 0.0 3.5390625 1.62109375 2.2823988970588234 17
190 0.1 2.91015625 0.0 3.5390625 1.62109375 2.3111979166666665 18
200 0.1 3.0 0.0 3.5390625 1.62109375 2.342722039473684 19
