10 500.6 0.9910456573205898 0.7028428214503841 19.77490234375 0.241943359375 0 0
20 1441.4 0.9530611447095706 0.4563240257335159 19.77490234375 0.13818359375 0.9910456573205898 5006
30 2337 0.9766173872419233 0.4815889375235211 19.77490234375 0.13818359375 0.9628526210293832 19420
40 3323.1 1.0303308451869178 0.6613328647746138 24.098876953125 0.13818359375 0.9703703257825279 42790
50 4438.7 1.0800316311909264 0.6447588861768766 26.25 0.13818359375 0.9965808205185518 76021
60 5199.5 1.1846679405772038 4.53545956573096 1001.075927734375 0.13818359375 1.027343985202914 120408
70 6073.2 1.345571089189745 6.074071140691199 1001.075927734375 0.13818359375 1.074791297950872 172403
80 6994.1 1.9343175185156039 15.901735913625815 1017.406005859375 0.116943359375 1.145329819758062 233135
90 7605.8 2.4790070327188767 16.238543144069336 1017.406005859375 0.116943359375 1.3274049053431998 303076
100 8768.4 5.171864235805184 26.706353029210476 1210.825927734375 0.116943359375 1.5584275902090763 379134
110 8556.7 55.730755169491644 110.85504037815197 3113.789794921875 0.116943359375 2.237151587211011 466818
120 8339.2 164.99010702324995 477.26807645917114 9107.324951171875 0.116943359375 10.52355903441723 552385
130 8301.9 316.1116447235057 1330.5985506196648 18333.155029296875 0.116943359375 30.784239068273028 635777
140 8482.1 245.69488679020154 1201.2414264874608 31312.8759765625 0.116943359375 63.73878512875717 718796
150 8102.1 403.36597983241546 2263.3724989341436 35917.552001953125 0.116943359375 82.94407632969664 803617
160 8337.7 334.8322407681416 1707.2868223604212 36740.06201171875 0.116943359375 112.29043387220983 884638
170 8544.9 304.1584140512524 1888.2571868541509 36740.06201171875 0.116943359375 131.45838915550823 968015
180 8218.6 317.81165171634 1657.426434811278 36740.06201171875 0.116943359375 145.46650374444192 1053464
190 8165.8 279.067933311372 1356.5122002315961 36740.06201171875 0.116943359375 157.9389717858441 1135650
200 8093.2 358.45130419878427 2005.9579042660741 36740.06201171875 0.116943359375 166.0643999767798 1217308
