10 465.4015625 465.4015625
20 1340.0515625 1805.453125
30 2172.6796875 3978.1328125
40 3089.44453125 7067.57734375
50 4126.60390625 11194.18125
60 4833.91015625 16028.09140625
70 5646.178125 21674.26953125
80 6502.32734375 28176.596875
90 7071.0171875 35247.6140625
100 8151.871875 43399.4859375
110 7955.05703125 51354.54296875
120 7752.85 59107.39296875
130 7718.17265625 66825.565625
140 7885.70234375 74711.26796875
150 7532.42109375 82243.6890625
160 7751.45546875 89995.14453125
170 7944.08671875 97939.23125
180 7640.7296875 105579.9609375
190 7591.6421875 113171.603125
200 7524.146875 120695.75
