10 0.1 2.6484375 0 2.6484375 2.6484375 0 0
20 0.1 2.23828125 0.0 2.6484375 2.23828125 2.6484375 1
30 0.1 1.8984375 0.0 2.6484375 1.8984375 2.443359375 2
40 0.1 1.76171875 0.0 2.6484375 1.76171875 2.26171875 3
50 0.1 1.640625 0.0 2.6484375 1.640625 2.13671875 4
60 0.1 1.5390625 0.0 2.6484375 1.5390625 2.0375 5
70 0.1 1.4609375 0.0 2.6484375 1.4609375 1.9544270833333333 6
80 0.1 1.390625 0.0 2.6484375 1.390625 1.8839285714285714 7
90 0.1 1.328125 0.0 2.6484375 1.328125 1.822265625 8
100 0.1 1.28125 0.0 2.6484375 1.28125 1.7673611111111112 9
110 0.1 1.23828125 0.0 2.6484375 1.23828125 1.71875 10
120 0.1 1.19921875 0.0 2.6484375 1.19921875 1.6750710227272727 11
130 0.1 1.25 0.0 2.6484375 1.19921875 1.6354166666666667 12
140 0.1 1.2109375 0.0 2.6484375 1.19921875 1.6057692307692308 13
150 0.1 1.1796875 0.0 2.6484375 1.1796875 1.5775669642857142 14
160 0.1 1.23046875 0.0 2.6484375 1.1796875 1.5510416666666667 15
170 0.1 1.3515625 0.0 2.6484375 1.1796875 1.531005859375 16
180 0.1 1.44140625 0.0 2.6484375 1.1796875 1.5204503676470589 17
190 0.1 1.44921875 0.0 2.6484375 1.1796875 1.5160590277777777 18
200 0.1 1.53125 0.0 2.6484375 1.1796875 1.5125411184210527 19
