20 0.1 2342 0 2342 2342 0 0
30 0.1 5331.0 0.0 5331 2342 2342.0 1
40 0.1 7439.0 0.0 7439 2342 3836.5 2
50 0.1 9290.0 0.0 9290 2342 5037.333333333333 3
60 0.1 10899.0 0.0 10899 2342 6100.5 4
70 0.1 10520.0 0.0 10899 2342 7060.2 5
80 0.1 11027.0 0.0 11027 2342 7636.833333333333 6
90 0.1 12335.0 0.0 12335 2342 8121.142857142857 7
100 0.1 12781.0 0.0 12781 2342 8647.875 8
110 0.1 10602.0 0.0 12781 2342 9107.111111111111 9
120 0.1 12796.0 0.0 12796 2342 9256.6 10
130 0.1 11989.0 0.0 12796 2342 9578.363636363636 11
140 0.1 12324.0 0.0 12796 2342 9779.25 12
150 0.1 12406.0 0.0 12796 2342 9975.0 13
160 0.1 1.35e4 0.0 13500 2342 10148.642857142857 14
170 0.1 13508.0 0.0 13508 2342 10372.066666666668 15
180 0.1 13234.0 0.0 13508 2342 10568.0625 16
190 0.1 15241.0 0.0 15241 2342 10724.882352941177 17
200 0.1 15641.0 0.0 15641 2342 10975.777777777777 18
