10 53.5 13.387527836594623 2.7377251622047156 30.412841796875 9.8359375 0 0
20 158.2 17.18604873676518 8.887499231914143 58.48388671875 9.514892578125 13.387527836594623 535
30 240.5 121.77074129417882 149.44012646774425 584.218017578125 9.324951171875 16.226101319858593 2117
40 241.9 1609.4863396305914 644.9744858457956 4889.388916015625 9.324951171875 72.3594182456083 4522
50 254.8 3323.193784129861 1930.111686325163 9324.4228515625 9.324951171875 608.0617698995882 6941
60 250.6 4831.099398065755 3106.7350775257237 17916.510986328125 9.324951171875 1337.1329441285623 9489
70 257.3 7067.0990553380325 5621.231427072308 33254.9599609375 9.324951171875 2067.0937555972246 11995
80 255.9 6938.2621363363705 8153.852171856326 36460.927001953125 9.324951171875 2950.194636722506 14568
90 245.7 9913.553809806031 10377.169160952702 36460.927001953125 9.324951171875 3546.064592436401 17127
100 253.6 7732.438460004067 8609.364521967833 36526.41796875 9.324951171875 4344.926980461175 19584
110 259.1 9384.03916454719 9814.986904304727 59873.18798828125 9.324951171875 4733.296289327394 22120
120 252.6 15730.639328329124 23385.379422994247 82322.7900390625 9.324951171875 5220.936400601503 24711
130 253.2 22139.881412355437 26976.437343707425 90509.30078125 9.324951171875 6195.621923803029 27237
140 247.6 25777.755678340174 30777.849999668 93109.17797851563 9.324951171875 7551.759685401157 29769
150 261 23955.9715031767 30725.706240239502 106926.29516601563 9.324951171875 8951.28103998379 32245
160 250.2 27940.493093806264 33782.80629642671 113623.9658203125 9.324951171875 10074.857058028074 34855
170 260.1 32632.109929267728 35540.08101763983 122447.69897460938 9.324951171875 11271.41516926605 37357
180 248.3 26527.55473095959 33144.50770648613 129232.45703125 9.324951171875 12661.854307129917 39958
190 252.9 28640.56230991976 34121.31192522088 129232.45703125 9.324951171875 13473.063613045637 42441
200 248.7 24400.35326176587 34113.97867377154 161631.88916015625 9.324951171875 14326.045694530954 44970
