10 88.9 1.0961779496801223 0.2617493693216355 2.796875 0.572021484375 0 0
20 190.9 2.084820259298059 32.24370333043857 997.68994140625 0.52197265625 1.0961779496801223 889
30 279.5 3.2447759147193636 46.17300057062993 1000.080078125 0.513916015625 1.770701955777564 2798
40 382.1 10.414113487756794 95.27102776260053 1064.984130859375 0.513916015625 2.5073435998402016 5593
50 463.5 42.885261122488544 201.11761818263656 1578.85498046875 0.513916015625 5.71658172834342 9414
60 535.5 142.5376685960841 391.69354642345195 3439.547119140625 0.513916015625 17.979150522696234 14049
70 683.8 482.9084838974293 858.2764289904678 7527.68603515625 0.513916015625 52.35406622476756 19404
80 772.7 834.3024462846394 1560.2330000788581 15514.909912109375 0.513916015625 164.54563348510064 26242
90 785.1 828.301600431822 1659.2148781786614 31066.64404296875 0.513916015625 316.8966268173163 33969
100 780.6 831.8295869663558 1924.0706550005646 32083.595947265625 0.513916015625 412.9042893674714 41820
110 621 877.1666236570297 2310.2176454524715 32083.595947265625 0.513916015625 478.79980528769244 49626
120 427.8 208.0360446410957 1572.3444755854262 32083.595947265625 0.513916015625 523.1055926305104 55836
130 301.8 37.16054252285766 808.0272217415758 32083.595947265625 0.5048828125 500.68373538762654 60114
140 405 25.30080982349537 152.36821655073823 32083.595947265625 0.5048828125 478.52519461486673 63132
150 429.2 31.755450615789524 170.82882569729713 32083.595947265625 0.489013671875 451.20301369728384 67182
160 489.3 40.551741496541716 192.33556821945663 32083.595947265625 0.489013671875 426.015267933149 71474
170 500.8 57.18960551789006 229.92801354669683 32083.595947265625 0.489013671875 401.3177803422482 76367
180 481.7 50.71648461625161 215.01773533159002 32083.595947265625 0.489013671875 380.1393606860837 81375
190 488.7 68.93158752054228 249.91299588480004 32083.595947265625 0.489013671875 361.7289514366362 86192
200 503.1 74.08589552392378 257.2621280566335 32083.595947265625 0.489013671875 346.0184065529862 91079
