10 88.8 12.571741877375421 2.3895283368773406 28.2490234375 8.5908203125 0 0
20 189.4 14.563827691888857 32.63530128926149 1016.06201171875 8.5908203125 12.571741877375421 888
30 274.9 78.71346434214725 573.304323072358 13880.239013671875 8.5908203125 13.927964211195857 2782
40 376.8 146.18199763530856 685.7585630995752 20477.10205078125 8.5908203125 46.12744710036335 5531
50 458.9 325.1971988042055 916.648800661287 34485.43994140625 8.5908203125 86.67003731605037 9299
60 462.6 890.9593300561702 1038.773991733094 45638.47900390625 8.5908203125 165.48636393393227 13888
70 371.3 2947.149966124094 1952.2027262506772 50254.488037109375 8.5908203125 346.75664271115346 18514
80 470.7 6258.312061563485 3496.7112233669927 56105.06005859375 8.5908203125 781.1499665889709 22227
90 476.2 7353.315507410549 5007.482838979358 56105.06005859375 8.5908203125 1738.3416938127416 26934
100 465.5 7496.834589665429 6018.323636932012 56105.06005859375 8.5908203125 2581.934112425587 31696
110 565.6 7235.612131682616 6483.249718432524 56105.06005859375 8.5908203125 3211.3215218930422 36351
120 482.9 3983.7978784083575 8560.256076244037 60231.18603515625 8.5908203125 3753.1690160956714 42007
130 299.5 2173.3406342113153 9301.597818572092 64133.39892578125 8.5908203125 3776.9478779990777 46836
140 400.7 607.4206487523777 5073.325135887732 73166.86596679688 8.5908203125 3680.5660334616546 49831
150 351.4 477.61027187288806 5309.455580734523 133686.15600585938 8.5908203125 3451.841089063087 53838
160 448.5 1196.8554066941904 2799.061890605797 133686.15600585938 8.5908203125 3269.6077390211294 57352
170 438.7 1260.6424232484674 3450.003334996462 133686.15600585938 8.5908203125 3119.2722730301157 61837
180 455.2 1259.533550993212 4301.492174175096 133686.15600585938 8.5908203125 2996.1475878556757 66224
190 468.5 1236.381709099021 5274.985954335632 133686.15600585938 8.5908203125 2884.456236326938 70776
200 460.3 1003.0997305701618 4633.056185797022 133686.15600585938 8.5908203125 2782.135445984075 75461
