20 0.1 3383 0 3383 3383 0 0
30 0.1 6013.0 0.0 6013 3383 3383.0 1
40 0.1 8315.0 0.0 8315 3383 4698.0 2
50 0.1 11381.0 0.0 11381 3383 5903.666666666667 3
60 0.1 13365.0 0.0 13365 3383 7273.0 4
70 0.1 15096.0 0.0 15096 3383 8491.4 5
80 0.1 18603.0 0.0 18603 3383 9592.166666666666 6
90 0.1 17782.0 0.0 18603 3383 10879.42857142857 7
120 0.1 42874.0 0.0 42874 3383 11742.25 8
130 0.1 9115.0 0.0 42874 3383 15201.333333333334 9
140 0.1 11198.0 0.0 42874 3383 14592.7 10
160 0.1 11356.0 0.0 42874 3383 14284.09090909091 11
170 0.1 11809.0 0.0 42874 3383 14040.083333333334 12
180 0.1 12541.0 0.0 42874 3383 13868.461538461539 13
190 0.1 12493.0 0.0 42874 3383 13773.642857142857 14
200 0.1 12773.0 0.0 42874 3383 13688.266666666666 15
