10 56.4 21.279308562583108 3.3328113601293334 39.5419921875 14.6708984375 0 0
20 151.7 22.9848732593111 6.4667459507998 110.322021484375 14.6708984375 21.279308562583108 564
30 242.9 86.41384961822008 106.41059018010449 1220.341064453125 14.6708984375 22.522625066637104 2081
40 271.6 716.4252827213162 730.8141771215721 6364.4111328125 14.6708984375 56.93322028521694 4510
50 227.6 2792.9469142169573 2239.3583231516004 14430.625 14.6708984375 304.8131596121538 7226
60 257.1 5941.943585283421 4124.354197127656 22421.845947265625 14.6708984375 900.7921561897724 9502
70 282.9 8589.590556581936 6266.387140936581 33414.18505859375 14.6708984375 1974.328172440892 12073
80 275.1 9237.01855380001 8214.77723237385 42377.712158203125 14.6708984375 3230.1715011709293 14902
90 282.1 11357.341401628555 9828.617365421105 48434.6298828125 14.6708984375 4166.263737152496 17653
100 278.2 11807.777425364256 10724.173743111533 57471.70703125 14.6708984375 5157.082829244269 20474
110 298.6 13735.048219163387 12080.166058520195 74468.32592773438 14.6708984375 5952.672456282703 23256
120 334.2 14137.93821795752 14713.863133876299 82513.99389648438 14.6708984375 6838.20610569821 26242
130 274.3 18002.060068117244 20766.29692395692 90527.97705078125 14.6708984375 7662.831062403544 29584
140 280.6 20632.984958901543 24020.383910808974 100785.86596679688 14.6708984375 8540.131930491294 32327
150 288.2 20429.978531635585 23925.120968205792 107561.14599609375 14.6708984375 9505.963074934387 35133
160 283.5 23553.56207690906 26164.34045407249 120660.5830078125 14.6708984375 10334.136494537513 38015
170 292 25714.856133949583 27428.94780397434 120660.5830078125 14.6708984375 11251.567866043591 40850
180 286.2 24361.693971944514 25822.980823343914 126633.35913085938 14.6708984375 12216.447960681142 43770
190 294.2 26813.009616086834 27520.216007384057 146503.84204101563 14.6708984375 12961.852277121263 46632
200 326.7 25198.955893047994 27145.472260593004 158630.77807617188 14.6708984375 13783.857862533712 49574
