10 0.1 577 0 577 577 0 0
20 0.1 3730.0 0.0 3730 577 577.0 1
30 0.1 7662.0 0.0 7662 577 2153.5 2
40 0.1 11368.0 0.0 11368 577 3989.6666666666665 3
50 0.1 14622.0 0.0 14622 577 5834.25 4
60 0.1 16719.0 0.0 16719 577 7591.8 5
70 0.1 14604.0 0.0 16719 577 9113.0 6
80 0.1 16675.0 0.0 16719 577 9897.42857142857 7
90 0.1 14318.0 0.0 16719 577 10744.625 8
100 0.1 17615.0 0.0 17615 577 11141.666666666666 9
110 0.1 13223.0 0.0 17615 577 11789.0 10
120 0.1 18160.0 0.0 18160 577 11919.363636363636 11
130 0.1 15880.0 0.0 18160 577 12439.416666666666 12
140 0.1 17477.0 0.0 18160 577 12704.076923076924 13
150 0.1 16260.0 0.0 18160 577 13045.0 14
160 0.1 17714.0 0.0 18160 577 13259.333333333334 15
170 0.1 19798.0 0.0 19798 577 13537.75 16
180 0.1 17358.0 0.0 19798 577 13906.0 17
190 0.1 16575.0 0.0 19798 577 14097.777777777777 18
200 0.1 19578.0 0.0 19798 577 14228.157894736842 19
