10 0.1 504 0 504 504 0 0
20 0.1 2586.0 0.0 2586 504 504.0 1
30 0.1 5101.0 0.0 5101 504 1545.0 2
40 0.1 7525.0 0.0 7525 504 2730.3333333333335 3
50 0.1 9729.0 0.0 9729 504 3929.0 4
60 0.1 11237.0 0.0 11237 504 5089.0 5
70 0.1 10284.0 0.0 11237 504 6113.666666666667 6
80 0.1 11828.0 0.0 11828 504 6709.428571428572 7
90 0.1 10605.0 0.0 11828 504 7349.25 8
100 0.1 12760.0 0.0 12760 504 7711.0 9
110 0.1 10157.0 0.0 12760 504 8215.9 10
120 0.1 13307.0 0.0 13307 504 8392.363636363636 11
130 0.1 12019.0 0.0 13307 504 8801.916666666666 12
140 0.1 13179.0 0.0 13307 504 9049.384615384615 13
150 0.1 12467.0 0.0 13307 504 9344.357142857143 14
160 0.1 13660.0 0.0 13660 504 9552.533333333333 15
170 0.1 15080.0 0.0 15080 504 9809.25 16
180 0.1 13546.0 0.0 15080 504 10119.29411764706 17
190 0.1 13362.0 0.0 15080 504 10309.666666666666 18
200 0.1 15191.0 0.0 15191 504 10470.315789473685 19
