10 57.5 23.37654509171196 3.505259273630331 40.986083984375 16.157958984375 0 0
20 151.6 24.95287699435192 6.501910189109652 112.806884765625 16.157958984375 23.37654509171196 575
30 243.1 89.36246969081012 107.00046494693017 1222.61181640625 16.157958984375 24.519404567753174 2091
40 270.6 720.6855357776993 731.7539223510836 6365.8369140625 16.157958984375 59.378646344434166 4522
50 230.8 2810.8360146137443 2256.6464871217163 14432.0849609375 16.157958984375 306.95701419258245 7228
60 258.5 6034.229929468394 4172.67368203885 22423.56201171875 16.157958984375 912.9713528012277 9536
70 286.9 8653.367003181937 6355.645089299489 33415.7138671875 16.157958984375 2005.162873359319 12121
80 277.6 9238.727550407668 8292.54164651409 42379.028076171875 16.157958984375 3277.5910020091583 14990
90 281.3 11393.233148915882 9874.2849798592 50459.780029296875 16.157958984375 4209.0395587104 17766
100 279.6 11938.483584773734 10805.18539188255 61496.226806640625 16.157958984375 5191.066701392165 20579
110 295.5 13752.845393880203 12202.338290739064 74471.46801757813 16.157958984375 5998.1587914856345 23375
120 329.6 14406.379032986837 15121.78579799059 82515.7109375 16.157958984375 6868.462586019472 26330
130 279.9 18903.870450384024 21706.802067518416 90530.04809570313 16.157958984375 7707.083142598302 29626
140 276.8 21565.418005618023 24942.032219059984 100788.13916015625 16.157958984375 8673.615376198679 32425
150 287.7 21254.42772028834 24751.224586779117 111666.64892578125 16.157958984375 9687.581496683797 35193
160 285.4 24866.196166735535 27159.986651581625 120662.80908203125 16.157958984375 10561.703287734761 38070
170 292.5 26778.135052083333 28082.979516386647 120662.80908203125 16.157958984375 11559.284723485622 40924
180 284 26282.15640318963 27504.97472479194 126635.19311523438 16.157958984375 12574.476340424395 43849
190 295.1 28408.58308309814 28690.21771355741 146505.97875976563 16.157958984375 13408.287546024287 46689
200 326.7 26423.392882123793 28382.394899340637 158632.73315429688 16.157958984375 14300.025501904725 49640
