10 0.1 0.98828125 0 0.98828125 0.98828125 0 0
20 0.1 0.828125 0.0 0.98828125 0.828125 0.98828125 1
30 0.1 0.859375 0.0 0.98828125 0.828125 0.908203125 2
40 0.1 0.87890625 0.0 0.98828125 0.828125 0.8919270833333334 3
50 0.1 1.1484375 0.0 1.1484375 0.828125 0.888671875 4
60 0.1 1.359375 0.0 1.359375 0.828125 0.940625 5
70 0.1 1.37890625 0.0 1.37890625 0.828125 1.0104166666666667 6
80 0.1 1.3203125 0.0 1.37890625 0.828125 1.0630580357142858 7
90 0.1 1.41015625 0.0 1.41015625 0.828125 1.09521484375 8
100 0.1 1.66015625 0.0 1.66015625 0.828125 1.1302083333333333 9
120 0.1 1.859375 0.0 1.859375 0.828125 1.183203125 10
130 0.1 2.12109375 0.0 2.12109375 0.828125 1.2446732954545454 11
140 0.1 2.37890625 0.0 2.37890625 0.828125 1.3177083333333333 12
160 0.1 2.390625 0.0 2.390625 0.828125 1.3993389423076923 13
170 0.1 2.640625 0.0 2.640625 0.828125 1.4701450892857142 14
180 0.1 2.390625 0.0 2.640625 0.828125 1.5481770833333333 15
190 0.1 2.23046875 0.0 2.640625 0.828125 1.600830078125 16
200 0.1 2.3515625 0.0 2.640625 0.828125 1.6378676470588236 17
