10 51 26.559860409007353 6.607359101366221 98.757080078125 18.126953125 0 0
20 145.2 166.73634662050185 211.67551019029383 1517.774169921875 18.126953125 26.559860409007353 510
30 159.1 1223.1263031063424 971.2117295480872 5704.344970703125 18.126953125 130.2990336909085 1962
40 103.6 5127.420008125452 2517.0456562361737 14989.236083984375 18.126953125 619.6568118051656 3553
50 270 9428.739652868222 3802.7400975269 24862.68896484375 18.126953125 1637.3170147661194 4589
60 267.6 11922.699032086413 4987.2733908822265 32970.593994140625 18.126953125 4523.425002538884 7289
70 153.1 14458.69771930239 7083.029516287562 42004.35595703125 18.126953125 6510.425233654709 9965
80 125.5 16664.912122797865 9208.350908681019 47756.8291015625 18.126953125 7568.950388102046 11496
90 209.8 19964.70193676365 11482.38534931817 66025.14306640625 18.126953125 8464.208170004898 12751
100 382.2 23327.6927488318 12059.457874305888 73333.73999023438 18.126953125 10089.101154223357 14849
110 361.6 23031.593105687505 13866.078582768456 83992.89697265625 18.126953125 12799.073682453954 18671
120 394.7 20564.39399694883 15046.244854727764 91567.99096679688 18.126953125 14459.269771403231 22287
130 368.6 18897.666322026125 15813.93364570429 96344.27587890625 18.126953125 15377.807749531936 26234
140 353.6 17691.49690094681 16095.101380781716 111812.22094726563 18.126953125 15811.437385167417 29920
150 376.6 17819.221913909507 17376.2426337741 119826.92504882813 18.126953125 16010.142862444914 33456
160 305.3 17037.145516049088 17350.909605253244 119826.92504882813 18.126953125 16193.179553321697 37222
170 141.8 17989.266537686508 14758.119484687937 120816.17407226563 18.126953125 16257.155421334279 40275
180 117.9 20953.32131846704 14762.668160432491 139853.18896484375 18.126953125 16316.065395742151 41693
190 249.5 23299.16792119397 13293.864281312299 139853.18896484375 18.126953125 16443.592096919903 42872
200 331.6 25403.881545486718 12973.89285489468 159974.15209960938 18.126953125 16820.620811218047 45367
