10 522.8890625 522.8890625
20 1549.10546875 2071.99453125
30 2001.08984375 4073.084375
40 1937.1 6010.184375
50 3628.70234375 9638.88671875
60 2810.87109375 12449.7578125
70 1983.3328125 14433.090625
80 2019.3890625 16452.4796875
90 2725.171875 19177.6515625
100 3775.13359375 22952.78515625
110 3594.44375 26547.22890625
120 3528.7296875 30075.95859375
130 3645.6734375 33721.63203125
140 3595.1875 37316.81953125
150 3603.7703125 40920.58984375
160 3292.07890625 44212.66875
170 2126.80859375 46339.47734375
180 2014.0671875 48353.54453125
190 3228.13984375 51581.684375
200 3580.8390625 55162.5234375
