10 0.1 1028.2578125 0 1028.2578125 1028.2578125 0 0
20 0.1 1050.19921875 0.0 1050.19921875 1028.2578125 1028.2578125 1
30 0.1 1058.8671875 0.0 1058.8671875 1028.2578125 1039.228515625 2
40 0.1 1061.1328125 0.0 1061.1328125 1028.2578125 1045.7747395833333 3
50 0.1 1058.44140625 0.0 1061.1328125 1028.2578125 1049.6142578125 4
60 0.1 1059.9609375 0.0 1061.1328125 1028.2578125 1051.3796875 5
70 0.1 1060.6015625 0.0 1061.1328125 1028.2578125 1052.8098958333333 6
80 0.1 1068.71484375 0.0 1068.71484375 1028.2578125 1053.9229910714287 7
90 0.1 1082.359375 0.0 1082.359375 1028.2578125 1055.77197265625 8
100 0.1 1081.00390625 0.0 1082.359375 1028.2578125 1058.7261284722222 9
110 0.1 1090.9921875 0.0 1090.9921875 1028.2578125 1060.95390625 10
120 0.1 1094.58203125 0.0 1094.58203125 1028.2578125 1063.684659090909 11
130 0.1 1096.41015625 0.0 1096.41015625 1028.2578125 1066.2594401041667 12
140 0.1 1097.06640625 0.0 1097.06640625 1028.2578125 1068.5787259615386 13
150 0.1 1095.54296875 0.0 1097.06640625 1028.2578125 1070.6135602678573 14
160 0.1 1095.5625 0.0 1097.06640625 1028.2578125 1072.2755208333335 15
170 0.1 1093.58984375 0.0 1097.06640625 1028.2578125 1073.7309570312502 16
180 0.1 1091.7109375 0.0 1097.06640625 1028.2578125 1074.8991268382356 17
190 0.1 1088.35546875 0.0 1097.06640625 1028.2578125 1075.8331163194446 18
200 0.1 1084.234375 0.0 1097.06640625 1028.2578125 1076.4921875000002 19
