10 0.1 5.26953125 0 5.26953125 5.26953125 0 0
20 0.1 4.4609375 0.0 5.26953125 4.4609375 5.26953125 1
30 0.1 3.78125 0.0 5.26953125 3.78125 4.865234375 2
40 0.1 3.51171875 0.0 5.26953125 3.51171875 4.50390625 3
50 0.1 3.26953125 0.0 5.26953125 3.26953125 4.255859375 4
60 0.1 2.83984375 0.0 5.26953125 2.83984375 4.05859375 5
70 0.1 2.41015625 0.0 5.26953125 2.41015625 3.85546875 6
80 0.1 2.12109375 0.0 5.26953125 2.12109375 3.6489955357142856 7
90 0.1 1.87109375 0.0 5.26953125 1.87109375 3.4580078125 8
100 0.1 1.578125 0.0 5.26953125 1.578125 3.2816840277777777 9
110 0.1 1.33984375 0.0 5.26953125 1.33984375 3.111328125 10
120 0.1 1.2109375 0.0 5.26953125 1.2109375 2.950284090909091 11
130 0.1 1.1796875 0.0 5.26953125 1.1796875 2.8053385416666665 12
140 0.1 1.23046875 0.0 5.26953125 1.1796875 2.6802884615384617 13
150 0.1 1.0390625 0.0 5.26953125 1.0390625 2.5767299107142856 14
160 0.1 1.109375 0.0 5.26953125 1.0390625 2.47421875 15
170 0.1 1.01953125 0.0 5.26953125 1.01953125 2.388916015625 16
180 0.1 0.94140625 0.0 5.26953125 0.94140625 2.3083639705882355 17
190 0.1 0.890625 0.0 5.26953125 0.890625 2.232421875 18
200 0.1 0.828125 0.0 5.26953125 0.828125 2.1618009868421053 19
