20 0.1 3429 0 3429 3429 0 0
30 0.1 7458.0 0.0 7458 3429 3429.0 1
40 0.1 11265.0 0.0 11265 3429 5443.5 2
50 0.1 11872.0 0.0 11872 3429 7384.0 3
60 0.1 9471.0 0.0 11872 3429 8506.0 4
70 0.1 12630.0 0.0 12630 3429 8699.0 5
80 0.1 9481.0 0.0 12630 3429 9354.166666666666 6
90 0.1 11520.0 0.0 12630 3429 9372.285714285714 7
100 0.1 14461.0 0.0 14461 3429 9640.75 8
110 0.1 12385.0 0.0 14461 3429 10176.333333333334 9
120 0.1 13930.0 0.0 14461 3429 10397.2 10
130 0.1 13333.0 0.0 14461 3429 10718.363636363636 11
140 0.1 14418.0 0.0 14461 3429 10936.25 12
150 0.1 15060.0 0.0 15060 3429 11204.076923076924 13
160 0.1 14690.0 0.0 15060 3429 11479.5 14
170 0.1 16389.0 0.0 16389 3429 11693.533333333333 15
180 0.1 13920.0 0.0 16389 3429 11987.0 16
190 0.1 16114.0 0.0 16389 3429 12100.70588235294 17
200 0.1 18789.0 0.0 18789 3429 12323.666666666666 18
