10 557 1.2025038659251541 0.7302271285496033 9.510986328125 0.27099609375 0 0
20 1504.1 1.5892662756953924 1.0900375194551983 30.10595703125 0.27099609375 1.2025038659251541 5570
30 2275.4 26.313671668992264 36.62818748248708 205.760009765625 0.27099609375 1.4847460378408377 20611
40 2387.7 374.72023945515207 193.21125160018087 1665.449951171875 0.27099609375 14.512703464595583 43365
50 2270.5 758.8539759276572 666.6150186706012 9059.84814453125 0.27099609375 142.41900215955584 67242
60 2262.2 1010.4013153742587 1669.511785498493 16167.99609375 0.27099609375 298.0234812350641 89947
70 2320.5 1038.8077689955 2175.877163655557 31812.0791015625 0.27099609375 441.183777265915 112569
80 2347.2 1333.9802876415886 3922.7105586743273 38328.841064453125 0.27099609375 543.3231023803332 135774
90 2305.8 1363.5901880012057 3730.6245632204027 38615.98291015625 0.27099609375 659.8616995975455 159246
100 2248.3 1302.3401862396674 3434.8246745418814 38615.98291015625 0.27099609375 748.8700125561837 182304
110 2279.3 1489.5697971086665 4069.8926667216997 58624.5419921875 0.27099609375 809.6339766502217 204787
120 2254.3 1345.1972142258371 3643.6413376246715 58624.5419921875 0.27099609375 877.7321274354812 227580
130 2262.6 1308.846268437984 3103.9767905975227 58624.5419921875 0.27099609375 919.86366052726 250123
140 2197.8 1399.6271106089205 3515.7350270051024 58624.5419921875 0.27099609375 952.1318649444643 272749
150 2244.2 1475.3952356808888 3591.747175440775 58624.5419921875 0.27099609375 985.5019006358444 294727
160 2264 1476.1063697518448 3460.923183139812 111549.05297851563 0.27099609375 1020.165396201555 317169
170 2180.8 1658.0143005415853 4289.122524413958 111617.65795898438 0.27099609375 1050.5427659627403 339809
180 2261.7 1632.911669410218 4461.435025286345 111617.65795898438 0.27099609375 1087.1774906192013 361617
190 2271 1744.8176289311934 4625.771622353413 111617.65795898438 0.27099609375 1119.3008058950916 384234
200 2241.7 1481.91848198224 3885.049544185315 115589.80102539063 0.27099609375 1154.2085255104437 406944
