20 0.1 3746 0 3746 3746 0 0
30 0.1 7662.0 0.0 7662 3746 3746.0 1
40 0.1 11871.0 0.0 11871 3746 5704.0 2
50 0.1 15168.0 0.0 15168 3746 7759.666666666667 3
60 0.1 17612.0 0.0 17612 3746 9611.75 4
70 0.1 14357.0 0.0 17612 3746 11211.8 5
80 0.1 17177.0 0.0 17612 3746 11736.0 6
90 0.1 16441.0 0.0 17612 3746 12513.285714285714 7
100 0.1 15168.0 0.0 17612 3746 13004.25 8
110 0.1 17983.0 0.0 17983 3746 13244.666666666666 9
120 0.1 17571.0 0.0 17983 3746 13718.5 10
130 0.1 17226.0 0.0 17983 3746 14068.727272727272 11
140 0.1 19482.0 0.0 19482 3746 14331.833333333334 12
150 0.1 18543.0 0.0 19482 3746 14728.0 13
160 0.1 15191.0 0.0 19482 3746 15000.5 14
170 0.1 21381.0 0.0 21381 3746 15013.2 15
180 0.1 18388.0 0.0 21381 3746 15411.1875 16
190 0.1 20016.0 0.0 21381 3746 15586.29411764706 17
200 0.1 21397.0 0.0 21397 3746 15832.388888888889 18
