20 0.1 2578 0 2578 2578 0 0
30 0.1 5101.0 0.0 5101 2578 2578.0 1
40 0.1 7842.0 0.0 7842 2578 3839.5 2
50 0.1 10043.0 0.0 10043 2578 5173.666666666667 3
60 0.1 11764.0 0.0 11764 2578 6391.0 4
70 0.1 10041.0 0.0 11764 2578 7465.6 5
80 0.1 12327.0 0.0 12327 2578 7894.833333333333 6
90 0.1 11790.0 0.0 12327 2578 8528.0 7
100 0.1 11360.0 0.0 12327 2578 8935.75 8
110 0.1 13362.0 0.0 13362 2578 9205.111111111111 9
120 0.1 13177.0 0.0 13362 2578 9620.8 10
130 0.1 13122.0 0.0 13362 2578 9944.09090909091 11
140 0.1 14712.0 0.0 14712 2578 10208.916666666668 12
150 0.1 14241.0 0.0 14712 2578 10555.307692307691 13
160 0.1 12166.0 0.0 14712 2578 10818.57142857143 14
170 0.1 16291.0 0.0 16291 2578 10908.4 15
180 0.1 14651.0 0.0 16291 2578 11244.8125 16
190 0.1 15749.0 0.0 16291 2578 11445.176470588236 17
200 0.1 16745.0 0.0 16745 2578 11684.277777777777 18
