10 57.6 24.284664154052734 3.079686371505 43.8798828125 18.223876953125 0 0
20 156.4 35.57937208404937 72.42316006958978 1265.0361328125 18.095947265625 24.284664154052734 576
30 240.9 134.84086449901415 231.66159534868606 1674.953125 17.30908203125 32.53930116457364 2140
40 284.7 762.3093926309506 611.329540326206 5762.3369140625 17.30908203125 86.71482679057213 4549
50 251.2 2559.180094433443 1579.1558950583408 11461.30419921875 17.30908203125 346.77671550711585 7396
60 237.1 5670.97352829848 3171.198914571622 20462.128173828125 17.30908203125 907.6928729418083 9908
70 307.2 8953.829817454005 5473.867049804826 28210.299072265625 17.30908203125 1827.4533122162336 12279
80 256.6 10388.934440154919 7944.98302034005 41137.275146484375 17.30908203125 3253.5642251268214 15351
90 302.5 12443.338992284363 9363.85427498502 46259.73095703125 17.30908203125 4275.462978922775 17917
100 273.2 13715.299004885666 10445.955144583579 55750.484130859375 17.30908203125 5455.284626349898 20942
110 291.6 13952.586010675202 11068.440882450845 68090.7431640625 17.30908203125 6408.49740332716 23674
120 278.6 15363.93374999649 13111.232029367546 81054.21215820313 17.30908203125 7235.822050902448 26590
130 286.4 19297.124279512387 17923.764048834386 90679.98510742188 17.30908203125 8006.686674870178 29376
140 284.9 21690.255261234674 22628.24165439632 94159.40698242188 17.30908203125 9009.658551411596 32240
150 278.3 22688.410508907324 23084.454584206775 111135.4111328125 17.30908203125 10039.241042399823 35089
160 346.9 24908.99992849613 23464.878412989026 111473.248046875 17.30908203125 10968.757271415729 37872
170 272.9 27575.051078262433 27193.947034270383 120282.08203125 17.30908203125 12138.508892745931 41341
180 285.6 25421.14557286538 26406.130361277956 126322.4990234375 17.30908203125 13094.404595588556 44070
190 279.7 25408.0757416393 28062.505985308846 140422.59887695313 17.30908203125 13844.632022411693 46926
200 297.5 28131.71870125397 29584.122129417854 161262.6650390625 17.30908203125 14495.094626894119 49723
