10 558.73125 558.73125
20 1537.003125 2095.734375
30 2398.528125 4494.2625
40 3030.890625 7525.153125
50 3128.4421875 10653.5953125
60 3072.825 13726.4203125
70 3082.7671875 16809.1875
80 3060.225 19869.4125
90 3137.990625 23007.403125
100 3058.3546875 26065.7578125
110 3090.4453125 29156.203125
120 3094.678125 32250.88125
130 3005.1 35255.98125
140 3062.8828125 38318.8640625
150 3030.103125 41348.9671875
160 3067.4109375 44416.378125
170 3055.89375 47472.271875
180 2943.871875 50416.14375
190 3075.975 53492.11875
200 3142.4203125 56634.5390625
