10 0.1 2.206441795587116 0 2.206441795587116 2.206441795587116 0 0
20 0.1 20.51025512756378 0.0 20.51025512756378 2.206441795587116 2.206441795587116 1
30 0.1 40.24329692154915 0.0 40.24329692154915 2.206441795587116 11.35834846157545 2
40 0.1 59.693877551020414 0.0 59.693877551020414 2.206441795587116 20.986664614900018 3
50 0.1 73.08682424526094 0.0 73.08682424526094 2.206441795587116 30.663467848930118 4
60 0.1 75.30346501875965 0.0 75.30346501875965 2.206441795587116 39.148139128196284 5
70 0.1 63.36777234003988 0.0 75.30346501875965 2.206441795587116 45.17402677662351 6
90 0.1 74.4039408866995 0.0 75.30346501875965 2.206441795587116 47.773133285682995 7
100 0.1 74.49365679946584 0.0 75.30346501875965 2.206441795587116 51.10198423581006 8
110 0.1 74.01408450704226 0.0 75.30346501875965 2.206441795587116 53.70105896510515 9
120 0.1 73.75339036094304 0.0 75.30346501875965 2.206441795587116 55.73236151929886 10
130 0.1 71.04212860310422 0.0 75.30346501875965 2.206441795587116 57.37063686853924 11
140 0.1 64.40309328177864 0.0 75.30346501875965 2.206441795587116 58.50992784641966 12
160 0.1 71.91182889567874 0.0 75.30346501875965 2.206441795587116 58.963248264524196 13
170 0.1 70.91013824884793 0.0 75.30346501875965 2.206441795587116 59.88814688103523 14
180 0.1 70.7286166842661 0.0 75.30346501875965 2.206441795587116 60.62294630555608 15
190 0.1 73.50445943006308 0.0 75.30346501875965 2.206441795587116 61.25455070422545 16
200 0.1 68.65176001771087 0.0 75.30346501875965 2.206441795587116 61.97513357045119 17
