20 0.1 2450 0 2450 2450 0 0
30 0.1 4881.0 0.0 4881 2450 2450.0 1
40 0.1 7407.0 0.0 7407 2450 3665.5 2
50 0.1 9910.0 0.0 9910 2450 4912.666666666667 3
60 0.1 13114.0 0.0 13114 2450 6162.0 4
70 0.1 10829.0 0.0 13114 2450 7552.4 5
90 0.1 13335.0 0.0 13335 2450 8098.5 6
100 0.1 14602.0 0.0 14602 2450 8846.57142857143 7
110 0.1 13231.0 0.0 14602 2450 9566.0 8
120 0.1 12430.0 0.0 14602 2450 9973.222222222223 9
130 0.1 13757.0 0.0 14602 2450 10218.9 10
140 0.1 12740.0 0.0 14602 2450 10540.545454545454 11
160 0.1 12985.0 0.0 14602 2450 10723.833333333334 12
170 0.1 14284.0 0.0 14602 2450 10897.76923076923 13
180 0.1 16225.0 0.0 16225 2450 11139.642857142857 14
190 0.1 14328.0 0.0 16225 2450 11478.666666666666 15
200 0.1 14934.0 0.0 16225 2450 11656.75 16
