20 0.1 3341 0 3341 3341 0 0
30 0.1 5963.0 0.0 5963 3341 3341.0 1
40 0.1 8406.0 0.0 8406 3341 4652.0 2
50 0.1 10997.0 0.0 10997 3341 5903.333333333333 3
60 0.1 13321.0 0.0 13321 3341 7176.75 4
70 0.1 15770.0 0.0 15770 3341 8405.6 5
80 0.1 17955.0 0.0 17955 3341 9633.0 6
90 0.1 19880.0 0.0 19880 3341 10821.857142857143 7
100 0.1 23028.0 0.0 23028 3341 11954.125 8
110 0.1 24343.0 0.0 24343 3341 13184.555555555555 9
120 0.1 28377.0 0.0 28377 3341 14300.4 10
130 0.1 30060.0 0.0 30060 3341 15580.09090909091 11
140 0.1 29980.0 0.0 30060 3341 16786.75 12
150 0.1 23211.0 0.0 30060 3341 17801.615384615383 13
160 0.1 27194.0 0.0 30060 3341 18187.999999999996 14
180 0.1 25588.0 0.0 30060 3341 18788.399999999998 15
190 0.1 27742.0 0.0 30060 3341 19213.374999999996 16
200 0.1 28310.0 0.0 30060 3341 19715.05882352941 17
