10 0.1 5.972078593588418 0 5.972078593588418 5.972078593588418 0 0
20 0.1 19.606377678126556 0.0 19.606377678126556 5.972078593588418 5.972078593588418 1
30 0.1 38.15230961298377 0.0 38.15230961298377 5.972078593588418 12.789228135857487 2
40 0.1 53.60798362333674 0.0 53.60798362333674 5.972078593588418 21.243588628232914 3
50 0.1 20.385884742320385 0.0 53.60798362333674 5.972078593588418 29.33468737700887 4
60 0.1 16.380182002022245 0.0 53.60798362333674 5.972078593588418 27.54492685007117 5
70 0.1 8.19630660258032 0.0 53.60798362333674 5.972078593588418 25.684136042063017 6
80 0.1 10.454545454545453 0.0 53.60798362333674 5.972078593588418 23.185874693565488 7
90 0.1 8.117706747843734 0.0 53.60798362333674 5.972078593588418 21.59445853868798 8
100 0.1 8.449987274115552 0.0 53.60798362333674 5.972078593588418 20.097041673038618 9
110 0.1 7.194060419866871 0.0 53.60798362333674 5.972078593588418 18.932336233146312 10
120 0.1 10.97529921059333 0.0 53.60798362333674 5.972078593588418 17.86522025012091 11
130 0.1 10.121765601217655 0.0 53.60798362333674 5.972078593588418 17.29106016349361 12
140 0.1 10.804655870445345 0.0 53.60798362333674 5.972078593588418 16.73957596639546 13
150 0.1 7.2592969943963315 0.0 53.60798362333674 5.972078593588418 16.315653102399022 14
160 0.1 2.1994884910485935 0.0 53.60798362333674 2.1994884910485935 15.711896028532175 15
170 0.1 17.1740233384069 0.0 53.60798362333674 2.1994884910485935 14.86737055743945 16
180 0.1 9.743067921648436 0.0 53.60798362333674 2.1994884910485935 15.003056015143418 17
190 0.1 12.914752424706483 0.0 53.60798362333674 2.1994884910485935 14.710834454393696 18
200 0.1 4.853128991060025 0.0 53.60798362333674 2.1994884910485935 14.616303821252263 19
