10 750.671875 750.671875
20 1515.5546875 2266.2265625
30 2292.475 4558.7015625
40 3178.0671875 7736.76875
50 3867.13046875 11603.89921875
60 4550.84375 16154.74296875
70 5412.19375 21566.93671875
80 6124.9140625 27691.85078125
90 6751.28203125 34443.1328125
100 7179.8671875 41623
110 7139.7421875 48762.7421875
120 7118.59296875 55881.33515625
130 7312.02890625 63193.3640625
140 7225.42578125 70418.78984375
150 7145.59375 77564.38359375
160 6937.1109375 84501.49453125
170 7172.34375 91673.83828125
180 7102.71015625 98776.5484375
190 6834.959375 105611.5078125
200 7182.5421875 112794.05
