10 929.671875 929.671875
20 1883.34453125 2813.01640625
30 2841.8171875 5654.83359375
40 3942.34296875 9597.1765625
50 4795.81171875 14392.98828125
60 5643.21875 20036.20703125
70 6705.6390625 26741.84609375
80 7587.06796875 34328.9140625
90 8374.38984375 42703.30390625
100 8937.52578125 51640.8296875
110 8940.859375 60581.6890625
120 9023.7953125 69605.484375
130 8874.41484375 78479.89921875
140 9097.30390625 87577.203125
150 8880.43359375 96457.63671875
160 8557.20234375 105014.8390625
170 8962.2171875 113977.05625
180 8797.09765625 122774.15390625
190 8394.6640625 131168.81796875
200 8903.9046875 140072.72265625
