10 88.8 13.976684845245636 12.771624646611562 263.3271484375 9.30615234375 0 0
20 175.7 14.709136111802788 25.511186434730472 1009.89892578125 9.281005859375 13.976684845245636 888
30 270 24.757881582754653 71.0107878776956 1304.801025390625 9.208984375 14.463231868058838 2645
40 363.4 28.649604860346674 63.72529264637589 1312.172119140625 9.208984375 19.663522650038015 5345
50 440 75.89480224609368 163.77813856226726 3238.933837890625 9.14208984375 23.300388977275087 8979
60 496.9 249.3559527567011 365.576918446689 4287.4150390625 9.14208984375 40.59730342400517 13379
70 511.7 784.767441431062 761.1190757822702 6790.742919921875 9.14208984375 97.13325985163576 18348
80 447.1 2009.5188082202485 1513.9207161000736 12871.524169921875 9.14208984375 247.08527805499924 23465
90 458.4 4585.900832410871 2699.2739434703963 21483.901123046875 9.14208984375 529.1528723193474 27936
100 525.3 5883.045943054853 4561.511802698119 31967.324951171875 9.14208984375 1100.9896696459016 32520
110 572.5 5622.4456760883 5940.813213070597 35112.449951171875 9.14208984375 1766.018701076215 37773
120 471.1 5079.228765310751 4506.436837800638 45176.263916015625 9.14208984375 2273.583288688156 43498
130 523.7 6212.417828941383 5700.033828883746 58886.369140625 9.14208984375 2547.7519260871695 48209
140 448.2 5965.772373238612 6476.928350437737 66987.64282226563 9.14208984375 2906.8406386802076 53446
150 583.7 7989.697326858829 7606.1474799381485 72390.53686523438 9.14208984375 3143.5160294116463 57928
160 428 5604.271103447174 8315.408919005291 81320.07397460938 9.14208984375 3587.1318097488092 63765
170 593 6472.334488053983 8203.903576696213 81872.38305664063 9.14208984375 3714.0089671744686 68045
180 464.1 6295.900017969922 8858.119423133656 99214.56298828125 9.14208984375 3935.1224560398355 73975
190 557.9 7131.65318614237 8695.851817473958 99396.48095703125 9.14208984375 4074.488089815626 78616
200 522.3 7059.431186045723 9758.86607093992 115190.73510742188 9.14208984375 4277.06453820813 84195
