20 0.1 4858 0 4858 4858 0 0
30 0.1 8672.0 0.0 8672 4858 4858.0 1
40 0.1 12417.0 0.0 12417 4858 6765.0 2
50 0.1 16220.0 0.0 16220 4858 8649.0 3
60 0.1 18983.0 0.0 18983 4858 10541.75 4
70 0.1 22705.0 0.0 22705 4858 12230.0 5
80 0.1 25033.0 0.0 25033 4858 13975.833333333334 6
100 0.1 37404.0 0.0 37404 4858 15555.42857142857 7
110 0.1 25093.0 0.0 37404 4858 18286.5 8
120 0.1 28850.0 0.0 37404 4858 19042.777777777777 9
130 0.1 24690.0 0.0 37404 4858 20023.5 10
140 0.1 24098.0 0.0 37404 4858 20447.727272727272 11
150 0.1 27203.0 0.0 37404 4858 20751.916666666668 12
170 0.1 30839.0 0.0 37404 4858 21248.153846153848 13
180 0.1 32327.0 0.0 37404 4858 21933.214285714286 14
190 0.1 24336.0 0.0 37404 4858 22626.133333333335 15
200 0.1 28663.0 0.0 37404 4858 22733.0 16
