10 888 1.335231774132532 3.709470827224767 248.087890625 0.2900390625 0 0
20 1758.1 1.4052002133651005 7.945907312807709 999.327880859375 0.280029296875 1.335231774132532 8880
30 2699.1 2.3887694733603064 20.441725342038314 1028.784912109375 0.280029296875 1.3817196290944678 26461
40 3638.3 2.7845685825862123 19.46670038890275 1028.784912109375 0.280029296875 1.890237221449838 53452
50 4407.2 7.5790072399727455 47.657257577116184 2000.909912109375 0.280029296875 2.2524396805384415 89835
60 5058.8 25.79031407541841 104.98312440622709 3256.671875 0.215087890625 4.005540604906762 133907
70 5291.3 82.04400834897851 221.95730388085528 4277.2578125 0.111083984375 9.978863027336873 184495
80 5128 242.41791483243824 528.5055113377095 9876.908935546875 0.073974609375 26.04059234734304 237408
90 5053.7 563.0266856906073 1104.552031323689 18496.296875 0.06396484375 64.47595889197143 288688
100 5187.1 602.1942166794385 1461.3525088669223 27552.029052734375 0.06396484375 138.74895787560374 339225
110 5133 481.4980572579946 1700.0787929139797 31041.4580078125 0.06396484375 200.21562851251568 391096
120 5271.9 593.3511552608935 1506.972974809938 44013.555908203125 0.06396484375 232.84984772093796 442426
130 5094.2 617.5955649230572 1949.3385852546528 57341.525146484375 0.05712890625 271.23308582734904 495145
140 5131.8 676.0510045912424 1932.348081522241 57632.346923828125 0.05712890625 303.54368360772753 546087
150 4695.8 871.936118768617 2614.796486566224 70516.35009765625 0.05712890625 335.5426302155263 597405
160 5296.4 588.2787264975312 2224.3569028209604 76825.5458984375 0.05712890625 374.6323442982344 644363
170 5385 654.3905389954032 2428.1041284149696 87312.94995117188 0.05712890625 390.85940418090576 697327
180 5199.3 636.8268347637866 2259.627062772295 90344.30395507813 0.05712890625 409.7512919913162 751177
190 5356.3 755.612067839691 2525.482807857999 94066.1650390625 0.05712890625 424.45096789476014 803170
200 5362 718.2369605776169 2702.4113769435826 112119.01196289063 0.05712890625 445.1551802880616 856733
