10 1035.23515625 1035.23515625
20 2025.94765625 3061.1828125
30 3108.5625 6169.7453125
40 4133.66171875 10303.40703125
50 4963.321875 15266.72890625
60 5502.35546875 20769.084375
70 5168.115625 25937.2
80 4196.725 30133.925
90 3372.23671875 33506.16171875
100 3578.83828125 37085
110 4316.896875 41401.896875
120 3565.68359375 44967.58046875
130 3697.084375 48664.66484375
140 3423.7015625 52088.36640625
150 3320.37578125 55408.7421875
160 4037.434375 59446.1765625
170 4092.26796875 63538.44453125
180 3688.08515625 67226.5296875
190 3755.3453125 70981.875
200 3800.5140625 74782.3890625
