0 0.6 25.410970052083332 7.437443198281877 36.195068359375 19.200927734375 0 0
10 100.5 22.56158295436876 4.229920671750673 48.869873046875 16.869873046875 25.410970052083332 6
20 184.4 28.390478436186626 54.51275583971797 1036.703857421875 15.9580078125 22.57849326355401 1011
30 271 134.24363387554789 206.80190524911413 1647.86181640625 15.107177734375 26.33236389694615 2855
40 242.8 1251.8264171217004 1344.7392483987967 9277.594970703125 15.107177734375 78.8821467616381 5565
50 199.4 3834.5469888669927 2876.355107604473 17357.754150390625 15.107177734375 435.1824956211691 7993
60 243.5 7298.077499759369 4813.224572897146 26895.68212890625 15.107177734375 1113.8981058677068 9987
70 256.4 8895.516439785999 6908.908117881947 37276.876953125 15.107177734375 2326.1406452435076 12422
80 255.4 10639.334040296004 9172.50282626167 44912.8388671875 15.107177734375 3450.1149904461604 14986
90 267.1 12915.941679639958 10933.144161513585 54276.94482421875 15.107177734375 4496.937422220191 17540
100 235.8 13162.103027757896 11859.203935492575 57955.424072265625 15.107177734375 5609.557301076666 20211
110 269 15277.68383580317 13600.563769896262 77387.57788085938 15.107177734375 6398.644226661067 22569
120 253.2 18620.958900873502 18972.154799327534 86595.498046875 15.107177734375 7344.2325931281575 25259
130 258.9 23869.832642214526 23745.936465858627 97864.77807617188 15.107177734375 8371.639703747105 27791
140 266.1 24488.12436363795 25831.800346079734 104492.28393554688 15.107177734375 9692.404072334733 30380
150 255.7 25331.224990337494 26632.15458134532 116519.65087890625 15.107177734375 10883.996690450342 33041
160 245.8 28491.316939227458 27820.262809633885 123358.99487304688 15.107177734375 11921.739337869058 35598
170 296.8 30523.367809778916 29330.49385001246 126515.65502929688 15.107177734375 12991.952227929467 38056
180 254.2 29353.66227428037 28896.721900225442 131518.97119140625 15.107177734375 14260.313222638153 41024
190 242.8 30670.592538145465 30035.34705659937 141493.46411132813 15.107177734375 15140.983775116565 43566
200 300.9 32749.4683615982 31576.34233481325 159545.93701171875 15.107177734375 15960.783968112046 45994
