10 0.1 2.7841052898000505 0 2.7841052898000505 2.7841052898000505 0 0
20 0.1 19.68154528843644 0.0 19.68154528843644 2.7841052898000505 2.7841052898000505 1
30 0.1 37.71052631578947 0.0 37.71052631578947 2.7841052898000505 11.232825289118244 2
40 0.1 57.88359788359788 0.0 57.88359788359788 2.7841052898000505 20.058725631341986 3
50 0.1 57.952713594841484 0.0 57.952713594841484 2.7841052898000505 29.514943694405957 4
60 0.1 57.83740701381509 0.0 57.952713594841484 2.7841052898000505 35.20249767449307 5
70 0.1 58.4700899947062 0.0 58.4700899947062 2.7841052898000505 38.97498256438007 6
80 0.1 58.038798830720175 0.0 58.4700899947062 2.7841052898000505 41.75999791156952 7
90 0.1 58.18229577094826 0.0 58.4700899947062 2.7841052898000505 43.79484802646335 8
100 0.1 57.490735839068286 0.0 58.4700899947062 2.7841052898000505 45.393453331406114 9
110 0.1 57.54189944134078 0.0 58.4700899947062 2.7841052898000505 46.60318158217233 10
120 0.1 56.62052755288587 0.0 58.4700899947062 2.7841052898000505 47.59761047846038 11
130 0.1 58.51758793969849 0.0 58.51758793969849 2.7841052898000505 48.3495202346625 12
140 0.1 57.77305341482859 0.0 58.51758793969849 2.7841052898000505 49.13167928889604 13
150 0.1 57.68426555148981 0.0 58.51758793969849 2.7841052898000505 49.748920297891225 14
160 0.1 58.86842105263158 0.0 58.86842105263158 2.7841052898000505 50.277943314797795 15
170 0.1 57.74388640546937 0.0 58.86842105263158 2.7841052898000505 50.81484817341241 16
180 0.1 57.81291172595521 0.0 58.86842105263158 2.7841052898000505 51.222438657651054 17
190 0.1 57.844438545261475 0.0 58.86842105263158 2.7841052898000505 51.58857605033462 18
200 0.1 58.33113977362464 0.0 58.86842105263158 2.7841052898000505 51.91783197112024 19
