0 0.1 1.01171875 0 1.01171875 1.01171875 0 0
10 0.1 0.94140625 0.0 1.01171875 0.94140625 1.01171875 1
20 0.1 0.87109375 0.0 1.01171875 0.87109375 0.9765625 2
30 0.1 0.890625 0.0 1.01171875 0.87109375 0.94140625 3
40 0.1 0.91015625 0.0 1.01171875 0.87109375 0.9287109375 4
50 0.1 0.921875 0.0 1.01171875 0.87109375 0.925 5
60 0.1 0.9296875 0.0 1.01171875 0.87109375 0.9244791666666666 6
70 0.1 0.94140625 0.0 1.01171875 0.87109375 0.9252232142857143 7
80 0.1 0.94921875 0.0 1.01171875 0.87109375 0.92724609375 8
90 0.1 0.9609375 0.0 1.01171875 0.87109375 0.9296875 9
100 0.1 0.9609375 0.0 1.01171875 0.87109375 0.9328125 10
110 0.1 0.96875 0.0 1.01171875 0.87109375 0.9353693181818182 11
120 0.1 0.96875 0.0 1.01171875 0.87109375 0.9381510416666666 12
130 0.1 1.05859375 0.0 1.05859375 0.87109375 0.9405048076923077 13
140 0.1 1.05078125 0.0 1.05859375 0.87109375 0.9489397321428571 14
150 0.1 1.0390625 0.0 1.05859375 0.87109375 0.9557291666666666 15
160 0.1 1.0390625 0.0 1.05859375 0.87109375 0.9609375 16
170 0.1 1.26171875 0.0 1.26171875 0.87109375 0.9655330882352942 17
180 0.1 1.6484375 0.0 1.6484375 0.87109375 0.9819878472222222 18
190 0.1 2.01171875 0.0 2.01171875 0.87109375 1.017064144736842 19
200 0.1 2.23046875 0.0 2.23046875 0.87109375 1.066796875 20
