10 559.8 4.0200154317111 2.591408393353049 48.64990234375 1.322998046875 0 0
20 1180.9 165.9936681387741 144.23458589350653 487.553955078125 1.322998046875 4.0200154317111 5598
30 1204.6 1012.3708074735339 351.09601262022 1629.406982421875 1.322998046875 113.90379005213433 17407
40 1164.9 2272.251321427637 953.857089862511 8988.321044921875 1.322998046875 481.3683502618983 29453
50 1198.4 3236.535721314128 2081.623403163501 16731.89111328125 1.322998046875 988.934788175131 41102
60 1264.4 3507.3716351304806 2820.895570076217 20315.878173828125 1.322998046875 1496.323734088135 53086
70 1204.5 4607.510553989422 4491.247065419275 36066.134033203125 1.322998046875 1883.1743298705694 65730
80 1206.5 5431.736107882417 6276.2315435009605 36303.172119140625 1.322998046875 2305.091781744714 77775
90 1190.3 6759.118649431223 6998.391552417241 39616.4150390625 1.322998046875 2724.9822959349563 89840
100 1173.5 6622.452973376921 7005.8186869707115 65958.03491210938 1.322998046875 3196.939334902414 101743
110 1178 6596.269478484137 7535.248023610026 65958.03491210938 1.322998046875 3551.1789456419265 113478
120 1135.2 6978.259077893411 7409.698089834219 65958.03491210938 1.322998046875 3837.557192754935 125258
130 1155.6 8009.453347992749 8384.169575812815 65958.03491210938 1.322998046875 4098.542829239028 136610
140 1173.5 8251.550689835145 9002.612762854093 65958.03491210938 1.322998046875 4403.568826800668 148166
150 1119.6 8147.239489152947 9108.988625160708 65958.03491210938 1.322998046875 4685.9689816634245 159901
160 1130.7 8781.005066581916 9537.244868925025 65958.03491210938 1.322998046875 4912.4626349820255 171097
170 1148 8235.650078962937 9066.999781775776 65958.03491210938 1.322998046875 5152.268830427849 182404
180 1151.5 9658.377531090491 10511.114826319039 143749.291015625 1.322998046875 5334.8378754918185 193884
190 1132.1 11002.426055754537 11694.498608197575 143749.291015625 1.322998046875 5577.222498270989 205399
200 1187.3 9495.360215067421 10451.40204353276 143749.291015625 1.322998046875 5860.6237970633065 216720
200 21.6 13793.35263174551 14409.349688560182 143749.291015625 1.322998046875 6049.410091879696 228593
