20 0.1 2611 0 2611 2611 0 0
30 0.1 4928.0 0.0 4928 2611 2611.0 1
40 0.1 6536.0 0.0 6536 2611 3769.5 2
50 0.1 6559.0 0.0 6559 2611 4691.666666666667 3
60 0.1 7162.0 0.0 7162 2611 5158.5 4
70 0.1 8317.0 0.0 8317 2611 5559.2 5
80 0.1 8707.0 0.0 8707 2611 6018.833333333333 6
90 0.1 10350.0 0.0 10350 2611 6402.857142857143 7
100 0.1 9844.0 0.0 10350 2611 6896.25 8
110 0.1 10280.0 0.0 10350 2611 7223.777777777777 9
120 0.1 11589.0 0.0 11589 2611 7529.4 10
130 0.1 10758.0 0.0 11589 2611 7898.454545454545 11
140 0.1 12283.0 0.0 12283 2611 8136.75 12
150 0.1 10861.0 0.0 12283 2611 8455.692307692309 13
160 0.1 13060.0 0.0 13060 2611 8627.500000000002 14
170 0.1 14134.0 0.0 14134 2611 8923.000000000002 15
180 0.1 14038.0 0.0 14134 2611 9248.687500000002 16
190 0.1 12936.0 0.0 14134 2611 9530.411764705885 17
200 0.1 15851.0 0.0 15851 2611 9719.611111111113 18
