10 534.2453125 534.2453125
20 1040.40625 1574.6515625
30 1078.8140625 2653.465625
40 1033.2953125 3686.7609375
50 1096.04375 4782.8046875
60 1146.6875 5929.4921875
70 1095.9125 7025.4046875
80 1073.83125 8099.2359375
90 1069.134375 9168.3703125
100 1064.884375 10233.2546875
110 1064.8453125 11298.1
120 1025.28125 12323.38125
130 1034.2734375 13357.6546875
140 1047.3125 14404.9671875
150 1008.96875 15413.9359375
160 1027.5828125 16441.51875
170 1046.803125 17488.321875
180 1052.1390625 18540.4609375
190 1010.8375 19551.2984375
200 1046.409375 20597.7078125
200 16.1984375 20613.90625
