10 57.3 28.952728750818068 66.64154285574574 1131.19091796875 16.202880859375 0 0
20 134.5 103.2569390392658 394.0313176029763 6377.056884765625 15.98291015625 28.952728750818068 573
30 221 373.6627641358529 1192.2662645976966 12234.746826171875 15.567138671875 81.05865306675247 1918
40 274.8 896.3073422183456 1666.7931100142223 20768.487060546875 15.567138671875 237.7095943125645 4128
50 324 2180.3303891782343 1610.533117450259 36803.86083984375 15.567138671875 500.9188164249971 6876
60 290 3373.628449538657 2428.961682374475 36803.86083984375 15.567138671875 1038.8086439972083 10116
70 238 6589.339023622143 4332.602972235754 56504.923095703125 15.567138671875 1559.0128108741444 13016
80 326.7 10101.588142462755 5353.882186288754 67654.36401367188 15.567138671875 2336.6288401246143 15396
90 344.3 11591.720750846931 7098.470584075053 67654.36401367188 15.567138671875 3695.902378180592 18663
100 311.5 12041.153479023485 8097.807751196189 67654.36401367188 15.567138671875 4925.672696514538 22106
110 298.1 13579.707297175728 8753.578178117112 68518.90087890625 15.567138671875 5804.4928320173085 25221
120 392.4 14149.663886922823 9611.735121953878 71985.01293945313 15.567138671875 6626.3463998719735 28202
130 308.8 14072.786397113709 10623.46608281495 83880.158203125 15.567138671875 7545.274925651328 32126
140 322.6 14225.533178075231 9987.294338233665 88334.18798828125 15.567138671875 8117.6880404316935 35214
150 309.2 15909.74511679271 10140.040142926384 88334.18798828125 15.567138671875 8630.276708850997 38440
160 293.5 15581.283477128147 10233.304739278807 88334.18798828125 15.567138671875 9172.223071110358 41532
170 328.6 17618.331555673532 10742.4027146692 92857.98510742188 15.567138671875 9595.24671317441 44467
180 351 18097.91839116195 11380.452936784131 103433.41284179688 15.567138671875 10147.33468235859 47753
190 304.8 17851.586539280997 12208.06304458707 140686.5830078125 15.567138671875 10691.71462145501 51263
200 355 17919.833177266715 12379.927944241726 140686.5830078125 15.567138671875 11093.535423972615 54311
