10 0.1 351 0 351 351 0 0
20 0.1 2583.0 0.0 2583 351 351.0 1
30 0.1 4761.0 0.0 4761 351 1467.0 2
40 0.1 6948.0 0.0 6948 351 2565.0 3
50 0.1 9869.0 0.0 9869 351 3660.75 4
60 0.1 11063.0 0.0 11063 351 4902.4 5
70 0.1 12467.0 0.0 12467 351 5929.166666666667 6
80 0.1 11698.0 0.0 12467 351 6863.142857142857 7
90 0.1 13906.0 0.0 13906 351 7467.5 8
110 0.1 13704.0 0.0 13906 351 8182.888888888889 9
120 0.1 12857.0 0.0 13906 351 8735.0 10
130 0.1 14636.0 0.0 14636 351 9109.727272727272 11
140 0.1 13333.0 0.0 14636 351 9570.25 12
150 0.1 13450.0 0.0 14636 351 9859.692307692309 13
160 0.1 16341.0 0.0 16341 351 10116.142857142857 14
170 0.1 15011.0 0.0 16341 351 10531.133333333333 15
180 0.1 13142.0 0.0 16341 351 10811.125 16
190 0.1 12838.0 0.0 16341 351 10948.235294117647 17
200 0.1 12008.0 0.0 16341 351 11053.222222222223 18
