10 0.1 372 0 372 372 0 0
20 0.1 3705.0 0.0 3705 372 372.0 1
30 0.1 7651.0 0.0 7651 372 2038.5 2
40 0.1 11152.0 0.0 11152 372 3909.3333333333335 3
50 0.1 14027.0 0.0 14027 372 5720.0 4
60 0.1 17080.0 0.0 17080 372 7381.4 5
70 0.1 1.53e4 0.0 17080 372 8997.833333333334 6
80 0.1 16902.0 0.0 17080 372 9898.142857142857 7
90 0.1 17458.0 0.0 17458 372 10773.625 8
100 0.1 18664.0 0.0 18664 372 11516.333333333334 9
110 0.1 17717.0 0.0 18664 372 12231.1 10
120 0.1 18046.0 0.0 18664 372 12729.818181818182 11
130 0.1 19466.0 0.0 19466 372 13172.833333333334 12
140 0.1 18797.0 0.0 19466 372 13656.923076923076 13
150 0.1 17409.0 0.0 19466 372 14024.07142857143 14
160 0.1 18834.0 0.0 19466 372 14249.733333333334 15
170 0.1 18846.0 0.0 19466 372 14536.25 16
180 0.1 18860.0 0.0 19466 372 14789.764705882353 17
190 0.1 22874.0 0.0 22874 372 15015.888888888889 18
200 0.1 19564.0 0.0 22874 372 15429.473684210527 19
