10 581.6 1.0091867984734957 0.5100331373950648 7.18896484375 0.2138671875 0 0
20 1526.6 1.2130363321422912 0.6533645846106584 7.18896484375 0.1640625 1.0091867984734957 5816
30 2479 2.6602732681083427 2.2455184022849193 23.089111328125 0.163818359375 1.1567993106159788 21082
40 2746.9 130.22157094453303 121.1765456169557 682.181884765625 0.163818359375 1.9693019136469279 45872
50 2684.9 550.0785464833392 361.66936486466307 7141.76806640625 0.163818359375 50.00466518943278 73341
60 2835.8 753.9446543671953 1093.4408655988727 16169.092041015625 0.163818359375 184.01488216577866 100190
70 2832.8 838.692295939528 1689.4294704148745 16213.593994140625 0.163818359375 309.74276964818034 128548
80 2879.3 896.0704012344721 2195.1251547119027 31987.945068359375 0.163818359375 405.25822249489556 156876
90 2801.1 1070.6931667365277 2877.511917089423 32860.177001953125 0.163818359375 481.37192517250264 185669
100 2751.9 1218.8745423439063 3455.816876243928 35013.786865234375 0.163818359375 558.6251884514708 213680
110 2777.3 1092.5567513422889 2988.6272489563294 38276.909912109375 0.163818359375 633.9546963257403 241199
120 2765.3 1142.0422314017023 3388.9814577211196 45150.68896484375 0.163818359375 681.3081564404533 268972
130 2717.6 1113.7587485191343 3079.1366738206307 59098.5478515625 0.163818359375 724.2602992972706 296625
140 2835.2 1161.7819918595937 3305.0052224638885 61325.927001953125 0.163818359375 756.9501608358495 323801
150 2719.8 1429.06061038316 4154.569491389473 61325.927001953125 0.163818359375 789.5433577507847 352153
160 2771.7 1262.9963148920401 3649.36745974036 111627.33984375 0.163818359375 835.3942721732992 379351
170 2763.8 1299.553707298089 3933.7089848938253 111627.33984375 0.163818359375 864.509422020586 407068
180 2795.8 1275.9601900933133 3669.498027812475 111627.33984375 0.163818359375 892.1689297257929 434706
190 2719.7 1402.9604967596088 3863.864136336646 111627.33984375 0.163818359375 915.360783981484 462664
200 2753.9 1435.6133567820907 4209.756597317555 111627.33984375 0.163818359375 942.4322376967762 489861
200 59.7 2752.003469086974 6423.013894451452 111627.33984375 0.163818359375 968.6821697386981 517400
