10 59.4 12.865860344986322 2.611402760386116 27.953125 9.325927734375 0 0
20 152.4 14.57934922746473 4.171272541618681 32.876953125 8.9189453125 12.865860344986322 594
30 248 28.871945584204894 20.250265425288426 109.44189453125 8.9189453125 14.098795688186083 2118
40 229.2 929.9833526345024 824.8228485059055 2975.93115234375 8.9189453125 22.066914814355428 4598
50 248.8 4559.921430581637 936.4867914758211 8641.97412109375 8.9189453125 324.0907864375451 6890
60 288.1 6696.642750235237 1711.3224568635721 13023.493896484375 8.9189453125 1447.8641541737895 9378
70 280.6 8446.123449976798 3975.734645299301 21153.552001953125 8.9189453125 2681.384925464517 12259
80 296 8345.377691320464 4786.797456900536 36818.08203125 8.9189453125 3755.122482701919 15065
90 269 10572.221803663777 7323.032692796402 37378.0498046875 8.9189453125 4508.91751279961 18025
100 282.4 11150.042296325873 7879.130617542145 39481.484130859375 8.9189453125 5296.283602223922 20715
110 264 12130.019888213184 8322.618128791431 43285.06201171875 8.9189453125 5998.565540800068 23539
120 288.4 10712.936421176091 7595.849999768733 50091.90283203125 8.9189453125 6616.887076273946 26179
130 268.7 23516.380082613498 26035.730891654024 85986.88012695313 8.9189453125 7023.3491177252 29063
140 275.7 26605.128333843397 30308.99686602005 89697.208984375 8.9189453125 8419.15302961984 31750
150 260.4 22610.044493222522 24498.83619966351 94810.7880859375 8.9189453125 9872.154852836706 34507
160 299.2 27950.52948226523 29291.588491482442 110196.3779296875 8.9189453125 10765.945497755049 37111
170 274 31163.82576726091 31854.806164990496 113942.59106445313 8.9189453125 12048.050958235672 40103
180 273.8 28432.33460292995 31121.06813277554 113942.59106445313 8.9189453125 13270.589598777398 42843
190 278.9 34092.13125609246 33674.84087447578 133950.81616210938 8.9189453125 14181.338766662473 45581
200 282.9 35665.997712378965 33923.6078157437 147778.3779296875 8.9189453125 15329.389216383792 48370
200 0 0 0 147778.3779296875 8.9189453125 16453.088222910683 51199
