0 5 1.1137255859374995 0.3548723140627001 2.463134765625 0.580078125 0 0
10 913.9 0.9921251491718254 0.7439804473282532 44.39013671875 0.307861328125 1.1137255859374995 50
20 1901.8 2.09736027217635 30.76035752294009 1005.73291015625 0.307861328125 0.9927868122296427 9189
30 2689.2 18.570242622326614 103.76298261980101 3011.700927734375 0.307861328125 1.737523156444429 28207
40 2843.9 110.85249877444632 397.1031361723537 7039.715087890625 0.307861328125 9.9530169381193 55099
50 2924.9 365.5318681685024 961.0847961962843 15062.385009765625 0.307861328125 44.302419173548735 83538
60 2885.5 757.3038647575145 1923.3616089215557 15088.366943359375 0.307861328125 127.60670205768785 112787
70 3004.6 966.8074586415416 2649.1255702638637 31113.260986328125 0.307861328125 255.88723770180115 141642
80 2967.9 1075.3433209215518 3476.045677830018 31120.612060546875 0.307861328125 380.3007608272115 171688
90 2894.6 1307.9806263457772 4032.167180569196 32367.44921875 0.307861328125 482.7414196294975 201367
100 2952.3 1230.9259648826446 3838.067064730518 32367.44921875 0.307861328125 586.4584224804414 230313
110 2926.2 1287.2541426146997 4047.780703118054 32367.44921875 0.307861328125 659.6839002985275 259836
120 2952.4 1488.1394809526034 4423.969139710148 32367.44921875 0.307861328125 723.2054757873094 289098
130 2930.7 1374.3092655594853 4045.7693830411267 32367.44921875 0.307861328125 794.0854262254467 318622
140 3023.4 1401.8292340334626 4264.460507226248 32367.44921875 0.307861328125 842.959248353992 347929
150 2916.8 1325.8630595079042 4030.8622356363367 32367.44921875 0.307861328125 887.640708853917 378163
160 3045.2 1532.663435111833 4520.181480500858 32367.44921875 0.307861328125 919.0207646902651 407331
170 3021 1724.3432899957445 4966.148592256938 32484.799072265625 0.307861328125 961.7054888565247 437783
180 2951.6 1627.8028663214418 4859.601569091921 32677.697998046875 0.307861328125 1010.9354730067487 467993
190 2952.1 1703.6218762140481 4721.424367882571 32677.697998046875 0.307861328125 1047.5327164356645 497509
200 2992.4 1582.9688068171208 4430.795902962135 32677.697998046875 0.307861328125 1084.2828219055953 527030
