10 0.1 1373.7578125 0 1373.7578125 1373.7578125 0 0
20 0.1 1374.16015625 0.0 1374.16015625 1373.7578125 1373.7578125 1
30 0.1 1374.9765625 0.0 1374.9765625 1373.7578125 1373.958984375 2
40 0.1 1374.2421875 0.0 1374.9765625 1373.7578125 1374.2981770833333 3
50 0.1 1373.94140625 0.0 1374.9765625 1373.7578125 1374.2841796875 4
60 0.1 1373.12890625 0.0 1374.9765625 1373.12890625 1374.215625 5
70 0.1 1372.3671875 0.0 1374.9765625 1372.3671875 1374.0345052083333 6
80 0.1 1372.03515625 0.0 1374.9765625 1372.03515625 1373.7963169642858 7
90 0.1 1371.94921875 0.0 1374.9765625 1371.94921875 1373.576171875 8
100 0.1 1372.23046875 0.0 1374.9765625 1371.94921875 1373.3953993055557 9
110 0.1 1371.97265625 0.0 1374.9765625 1371.94921875 1373.27890625 10
120 0.1 1371.65625 0.0 1374.9765625 1371.65625 1373.16015625 11
130 0.1 1371.90625 0.0 1374.9765625 1371.65625 1373.0348307291667 12
140 0.1 1371.74609375 0.0 1374.9765625 1371.65625 1372.948016826923 13
150 0.1 1371.57421875 0.0 1374.9765625 1371.57421875 1372.8621651785713 14
160 0.1 1371.46875 0.0 1374.9765625 1371.46875 1372.7763020833333 15
170 0.1 1371.6484375 0.0 1374.9765625 1371.46875 1372.694580078125 16
180 0.1 1371.55859375 0.0 1374.9765625 1371.46875 1372.6330422794117 17
190 0.1 1371.05078125 0.0 1374.9765625 1371.05078125 1372.5733506944443 18
200 0.1 1370.90234375 0.0 1374.9765625 1370.90234375 1372.4932154605262 19
