20 0.1 5171 0 5171 5171 0 0
30 0.1 9074.0 0.0 9074 5171 5171.0 1
40 0.1 12226.0 0.0 12226 5171 7122.5 2
50 0.1 13918.0 0.0 13918 5171 8823.666666666666 3
60 0.1 16404.0 0.0 16404 5171 10097.25 4
70 0.1 14233.0 0.0 16404 5171 11358.6 5
80 0.1 14865.0 0.0 16404 5171 11837.666666666666 6
90 0.1 14135.0 0.0 16404 5171 12270.142857142857 7
100 0.1 17064.0 0.0 17064 5171 12503.25 8
110 0.1 14706.0 0.0 17064 5171 13010.0 9
120 0.1 15770.0 0.0 17064 5171 13179.6 10
130 0.1 17915.0 0.0 17915 5171 13415.09090909091 11
140 0.1 17769.0 0.0 17915 5171 13790.083333333334 12
150 0.1 14581.0 0.0 17915 5171 14096.153846153846 13
160 0.1 18161.0 0.0 18161 5171 14130.785714285714 14
170 0.1 17376.0 0.0 18161 5171 14399.466666666667 15
180 0.1 16940.0 0.0 18161 5171 14585.5 16
190 0.1 18158.0 0.0 18161 5171 14724.0 17
200 0.1 17927.0 0.0 18161 5171 14914.777777777777 18
