10 540.9 0.9342607698107318 0.2619414527943013 5.528076171875 0.38818359375 0 0
20 1449.8 1.0676537281004304 0.6188043504960776 18.4140625 0.38818359375 0.9342607698107318 5409
30 2536.3 11.13172968728439 33.25058253351273 1026.43212890625 0.38818359375 1.0314090648468521 19907
40 3008 48.87505767497584 52.19762193748167 1121.864013671875 0.38818359375 6.69022134553789 45270
50 3059.7 220.55995357904996 182.2154028112255 3233.741943359375 0.38818359375 23.53056476676541 75350
60 2554.7 507.2080422924536 732.7005130001975 15026.142822265625 0.38818359375 80.43173430898436 105947
70 2930.1 374.9373107516454 591.3059346898287 15258.22119140625 0.38818359375 163.34695736139503 131494
80 3087.3 462.097055344427 798.572605256261 15258.22119140625 0.38818359375 201.90418205549452 160795
90 2405.7 604.8634091911772 1031.6313351819158 31302.3759765625 0.38818359375 243.81485351368894 191668
100 3161.1 415.5343135860167 903.1470087331985 31313.0830078125 0.38818359375 284.077897221805 215725
110 3057.1 478.4792656720195 900.6807895447494 31313.0830078125 0.38818359375 300.87880278221314 247336
120 3156.8 444.3254957242602 727.7757707265545 31313.0830078125 0.38818359375 320.41563974927146 277907
130 2997.6 505.28150396293853 989.7053514178223 31313.0830078125 0.38818359375 333.0550656590168 309475
140 3206 449.81278533078773 839.4053826752363 31313.0830078125 0.38818359375 348.26391675858156 339451
150 3088.3 459.14253708837833 909.7754669552241 31313.0830078125 0.38818359375 357.0272016315057 371511
160 2984.7 538.405414505257 943.2585111722778 31313.0830078125 0.38818359375 364.86436596525465 402394
170 3161 481.43247108930206 862.7152540193554 31313.0830078125 0.38818359375 376.8476800788474 432241
180 3213 524.7119356119158 927.545261060904 31313.0830078125 0.38818359375 383.9748076345506 463851
190 3040.9 480.7329932037202 1171.1670135298955 31313.0830078125 0.38818359375 393.0918583318812 495981
200 3229.1 402.98157075107855 798.5749965048617 31313.0830078125 0.38818359375 398.1547950714047 526390
