10 0.1 4.171875 0 4.171875 4.171875 0 0
20 0.1 3.53125 0.0 4.171875 3.53125 4.171875 1
30 0.1 3.140625 0.0 4.171875 3.140625 3.8515625 2
40 0.1 3.0390625 0.0 4.171875 3.0390625 3.6145833333333335 3
50 0.1 3.03125 0.0 4.171875 3.03125 3.470703125 4
70 0.1 2.71875 0.0 4.171875 2.71875 3.3828125 5
80 0.1 2.671875 0.0 4.171875 2.671875 3.2721354166666665 6
100 0.1 2.5390625 0.0 4.171875 2.5390625 3.1863839285714284 7
110 0.1 2.46875 0.0 4.171875 2.46875 3.10546875 8
120 0.1 2.75 0.0 4.171875 2.46875 3.0347222222222223 9
130 0.1 2.7109375 0.0 4.171875 2.46875 3.00625 10
150 0.1 2.69140625 0.0 4.171875 2.46875 2.979403409090909 11
160 0.1 2.76171875 0.0 4.171875 2.46875 2.9554036458333335 12
170 0.1 2.7109375 0.0 4.171875 2.46875 2.9405048076923075 13
180 0.1 2.83984375 0.0 4.171875 2.46875 2.924107142857143 14
190 0.1 2.859375 0.0 4.171875 2.46875 2.9184895833333333 15
