10 56.5 23.369354950221233 3.506214729325527 52.48291015625 17.5859375 0 0
20 145 29.091914399245688 83.4649774202736 3162.73095703125 16.864990234375 23.369354950221233 565
30 247.7 223.04563862535315 215.2106758926139 3162.73095703125 16.864990234375 27.487325769618487 2015
40 274.7 857.8710197168231 491.22310447044094 3333.575927734375 16.864990234375 135.3230205478141 4492
50 246.5 3792.523443244482 1043.4834712030304 7889.599853515625 16.864990234375 409.50997367908474 7239
60 162.2 7289.433651097464 1945.326465861809 15659.442138671875 16.864990234375 1268.859541123304 9704
70 296.6 13401.973846744226 3157.7747698396556 24489.0458984375 16.864990234375 2131.0678411743447 11326
80 302.4 13143.321128401176 5671.009032806801 31299.281982421875 16.864990234375 4470.104170066051 14292
90 229.1 13035.750824707242 5322.942499501717 39104.621826171875 16.864990234375 5984.761601459295 17316
100 302.1 15295.801846870092 5818.097381530164 52640.630126953125 16.864990234375 6808.641660135331 19607
110 318.5 14502.6043522953 6450.429612879957 60678.025146484375 16.864990234375 7941.738306950149 22628
120 297.2 14006.120889943495 7016.265848356527 67086.58081054688 16.864990234375 8751.266775335238 25813
130 291.4 13996.527579679992 6403.353789584188 69268.31201171875 16.864990234375 9293.821106709764 28785
140 302.4 15296.857473544973 6433.773695706806 71514.8740234375 16.864990234375 9726.127698786335 31699
150 326.7 15575.899233068134 7295.521886059042 73984.46899414063 16.864990234375 10211.278372370705 34723
160 307.2 15876.450932582215 7518.492081282922 73984.46899414063 16.864990234375 10672.615996795515 37990
170 296.7 16571.173615170523 7194.141193785367 73984.46899414063 16.864990234375 11061.934123597346 41062
180 327.7 15811.411734633668 7557.93997958892 114019.26904296875 16.864990234375 11433.187469607876 44029
190 329.8 16443.92057138683 8054.087219570154 114019.26904296875 16.864990234375 11736.477557894554 47306
200 322.4 15359.717455994105 7194.032761957774 114019.26904296875 16.864990234375 12043.274393292892 50604
