0 33.203125 33.203125
10 1201.953125 1235.15625
20 2451.1875 3686.34375
30 3487.921875 7174.265625
40 3969.3671875 11143.6328125
50 4119.7109375 15263.34375
60 3934.4375 19197.78125
70 4100.984375 23298.765625
80 4101.3828125 27400.1484375
90 4106.9609375 31507.109375
100 3944.3984375 35451.5078125
110 4209.890625 39661.3984375
120 4138.0390625 43799.4375
130 4127.6796875 47927.1171875
140 4116.65625 52043.7734375
150 4078.2734375 56122.046875
160 4165.3984375 60287.4453125
170 4126.8828125 64414.328125
180 4117.8515625 68532.1796875
190 4179.2109375 72711.390625
200 4131.265625 76842.65625
