10 0.1 1.62109375 0 1.62109375 1.62109375 0 0
20 0.1 1.44921875 0.0 1.62109375 1.44921875 1.62109375 1
30 0.1 1.30078125 0.0 1.62109375 1.30078125 1.53515625 2
40 0.1 1.3984375 0.0 1.62109375 1.30078125 1.45703125 3
50 0.1 1.6484375 0.0 1.6484375 1.30078125 1.4423828125 4
60 0.1 1.7890625 0.0 1.7890625 1.30078125 1.48359375 5
70 0.1 1.66015625 0.0 1.7890625 1.30078125 1.5345052083333333 6
80 0.1 3.05859375 0.0 3.05859375 1.30078125 1.5524553571428572 7
90 0.1 9.640625 0.0 9.640625 1.30078125 1.74072265625 8
100 0.1 9.9296875 0.0 9.9296875 1.30078125 2.6184895833333335 9
110 0.1 9.62890625 0.0 9.9296875 1.30078125 3.349609375 10
120 0.1 10.48046875 0.0 10.48046875 1.30078125 3.9204545454545454 11
130 0.1 9.94921875 0.0 10.48046875 1.30078125 4.467122395833333 12
140 0.1 9.26171875 0.0 10.48046875 1.30078125 4.888822115384615 13
150 0.1 8.6796875 0.0 10.48046875 1.30078125 5.201171875 14
160 0.1 8.8984375 0.0 10.48046875 1.30078125 5.433072916666666 15
170 0.1 8.1484375 0.0 10.48046875 1.30078125 5.649658203125 16
180 0.1 7.76171875 0.0 10.48046875 1.30078125 5.7966452205882355 17
190 0.1 8.078125 0.0 10.48046875 1.30078125 5.905815972222222 18
200 0.1 8.23046875 0.0 10.48046875 1.30078125 6.020148026315789 19
