10 2976.875 2976.875
20 6058.6171875 9035.4921875
30 9177.90859375 18213.40078125
40 12326.2921875 30539.69296875
50 15590.0296875 46129.72265625
60 18796.9359375 64926.65859375
70 22038.759375 86965.41796875
80 24532.6875 111498.10546875
90 26688.45 138186.55546875
100 27443.74296875 165630.2984375
110 24947.22734375 190577.52578125
120 25787.85625 216365.38203125
130 24259.16328125 240624.5453125
140 25937.71484375 266562.26015625
150 23840.0328125 290402.29296875
160 24917.796875 315320.08984375
170 25355.19453125 340675.284375
180 25902.53359375 366577.81796875
190 26152.18515625 392730.003125
200 24845.4046875 417575.4078125
