10 0.1 2881.421875 0 2881.421875 2881.421875 0 0
20 0.1 2878.53515625 0.0 2881.421875 2878.53515625 2881.421875 1
30 0.1 2876.15234375 0.0 2881.421875 2876.15234375 2879.978515625 2
40 0.1 2871.1328125 0.0 2881.421875 2871.1328125 2878.703125 3
50 0.1 2870.578125 0.0 2881.421875 2870.578125 2876.810546875 4
60 0.1 2868.01953125 0.0 2881.421875 2868.01953125 2875.5640625 5
70 0.1 2850.08984375 0.0 2881.421875 2850.08984375 2874.306640625 6
80 0.1 2792.21875 0.0 2881.421875 2792.21875 2870.847098214286 7
90 0.1 2735.86328125 0.0 2881.421875 2735.86328125 2861.0185546875 8
110 0.1 2732.953125 0.0 2881.421875 2732.953125 2847.1124131944443 9
120 0.1 2724.03125 0.0 2881.421875 2724.03125 2835.696484375 10
130 0.1 2716.8203125 0.0 2881.421875 2716.8203125 2825.545099431818 11
140 0.1 2712.9375 0.0 2881.421875 2712.9375 2816.4847005208335 12
150 0.1 2708.4375 0.0 2881.421875 2708.4375 2808.51953125 13
160 0.1 2705.25 0.0 2881.421875 2705.25 2801.3708147321427 14
180 0.1 2692.95703125 0.0 2881.421875 2692.95703125 2794.9627604166667 15
200 0.1 2704.26171875 0.0 2881.421875 2692.95703125 2788.58740234375 16
