10 60.2 12.659046667358803 2.586487061813688 39.6259765625 9.424072265625 0 0
20 151.5 13.588824160736381 6.598228968484157 219.60302734375 9.0419921875 12.659046667358803 602
30 243.6 21.687727704228283 49.16239608434522 1042.337158203125 8.993896484375 13.3244282934651 2117
40 344.7 30.04618188710294 68.36196690843673 1062.526123046875 8.907958984375 17.799059825338396 4553
50 425.5 59.719522127001404 131.09073171867914 1537.10986328125 8.907958984375 23.076038543701195 8000
60 498.2 164.67696103433303 247.91457211180528 3024.83203125 8.907958984375 35.79884740922077 12255
70 470.3 1005.6182307170959 938.1722868750377 7041.75 8.907958984375 73.04841299953866 17237
80 421.1 3642.0395668988217 2014.617616699785 17235.77490234375 8.907958984375 272.95159680654285 21940
90 607.7 6058.164433793009 3646.112668778174 21198.287109375 8.907958984375 815.4635253010014 26151
100 476.1 5573.223828135269 4581.609548202447 33355.04296875 8.907958984375 1804.0415760924232 32228
110 508.5 5966.41845472668 5397.933371124568 39885.97802734375 8.907958984375 2289.187881804283 36989
120 549.2 5617.036017899242 5991.321960157273 55050.794921875 8.907958984375 2733.6124067676897 42074
130 472.2 6739.708787697552 5594.784612033806 62275.446044921875 8.907958984375 3066.534293668722 47566
140 494.9 6598.310937282945 6747.582462073185 67459.59497070313 8.907958984375 3398.2496004466466 52288
150 438.2 7585.7477436213685 7668.274844626934 74659.89819335938 8.907958984375 3674.94306020175 57237
160 481.6 7072.0006637319775 7954.0583096092205 82978.85913085938 8.907958984375 3953.0577021586914 61619
170 499.8 7698.752393047058 8171.6593864249535 85272.02099609375 8.907958984375 4179.1558327063985 66435
180 499.1 8203.268165070156 8537.941510218365 85272.02099609375 8.907958984375 4425.413775234119 71433
190 530.5 9022.59829331664 10209.148733159724 94551.4130859375 8.907958984375 4672.133016044227 76424
200 553.8 8970.177942322143 11954.637670629763 94551.4130859375 8.907958984375 4954.520152751273 81729
