10 623.671875 623.671875
20 1573.253125 2196.925
30 2530.8625 4727.7875
40 3575.30703125 8303.09453125
50 4420.51640625 12723.6109375
60 5227.903125 17951.5140625
70 5481.85625 23433.3703125
80 5596.87421875 29030.24453125
90 5414.75859375 34445.003125
100 5500.51640625 39945.51953125
110 5548.95234375 45494.471875
120 5491.79296875 50986.26484375
130 4872.39921875 55858.6640625
140 5302.71015625 61161.37421875
150 4659.22109375 65820.5953125
160 5358.30625 71178.9015625
170 5440.4328125 76619.334375
180 5371.3671875 81990.7015625
190 5209.50078125 87200.20234375
200 5253.671875 92453.87421875
