10 0.1 1060.6640625 0 1060.6640625 1060.6640625 0 0
20 0.1 1065.60546875 0.0 1065.60546875 1060.6640625 1060.6640625 1
30 0.1 1063.91796875 0.0 1065.60546875 1060.6640625 1063.134765625 2
40 0.1 1062.77734375 0.0 1065.60546875 1060.6640625 1063.3958333333333 3
50 0.1 1062.14453125 0.0 1065.60546875 1060.6640625 1063.2412109375 4
60 0.1 1063.484375 0.0 1065.60546875 1060.6640625 1063.021875 5
70 0.1 1078.37890625 0.0 1078.37890625 1060.6640625 1063.0989583333333 6
80 0.1 1089.78125 0.0 1089.78125 1060.6640625 1065.2818080357142 7
90 0.1 1089.58203125 0.0 1089.78125 1060.6640625 1068.34423828125 8
100 0.1 1096.46875 0.0 1096.46875 1060.6640625 1070.7039930555557 9
110 0.1 1096.42578125 0.0 1096.46875 1060.6640625 1073.28046875 10
120 0.1 1097.71484375 0.0 1097.71484375 1060.6640625 1075.3845880681818 11
130 0.1 1096.54296875 0.0 1097.71484375 1060.6640625 1077.2454427083333 12
140 0.1 1096.48828125 0.0 1097.71484375 1060.6640625 1078.7298677884614 13
150 0.1 1093.27734375 0.0 1097.71484375 1060.6640625 1079.998325892857 14
160 0.1 1093.31640625 0.0 1097.71484375 1060.6640625 1080.88359375 15
170 0.1 1094.31640625 0.0 1097.71484375 1060.6640625 1081.66064453125 16
180 0.1 1094.546875 0.0 1097.71484375 1060.6640625 1082.4051011029412 17
190 0.1 1093.359375 0.0 1097.71484375 1060.6640625 1083.0796440972222 18
200 0.1 1094.5390625 0.0 1097.71484375 1060.6640625 1083.6206825657894 19
