20 0.1 3969 0 3969 3969 0 0
30 0.1 6745.0 0.0 6745 3969 3969.0 1
40 0.1 8933.0 0.0 8933 3969 5357.0 2
50 0.1 8938.0 0.0 8938 3969 6549.0 3
60 0.1 10333.0 0.0 10333 3969 7146.25 4
70 0.1 8277.0 0.0 10333 3969 7783.6 5
80 0.1 12097.0 0.0 12097 3969 7865.833333333333 6
90 0.1 13059.0 0.0 13059 3969 8470.285714285714 7
100 0.1 14164.0 0.0 14164 3969 9043.875 8
110 0.1 15095.0 0.0 15095 3969 9612.777777777777 9
120 0.1 12865.0 0.0 15095 3969 10161.0 10
130 0.1 14866.0 0.0 15095 3969 10406.818181818182 11
140 0.1 1.26e4 0.0 15095 3969 10778.416666666666 12
150 0.1 14371.0 0.0 15095 3969 10918.538461538461 13
160 0.1 15764.0 0.0 15764 3969 11165.142857142857 14
170 0.1 13845.0 0.0 15764 3969 11471.733333333334 15
180 0.1 17595.0 0.0 17595 3969 11620.0625 16
190 0.1 15520.0 0.0 17595 3969 11971.529411764706 17
200 0.1 15777.0 0.0 17595 3969 12168.666666666666 18
