10 56.7 29.675469938409393 65.5544369449675 1225.02392578125 19.173095703125 0 0
20 94.4 111.85472287970082 601.3122726290718 9431.682861328125 18.446044921875 29.675469938409393 567
30 2.9 8680.701323410562 1587.7180456632568 11365.742919921875 18.446044921875 81.01710777863381 1511
40 30.1 14480.62022587469 2285.215179164289 22628.322998046875 18.446044921875 242.95921313793636 1540
50 25.7 24227.638970163538 4010.0420633213125 32491.606201171875 18.446044921875 2570.7897209237935 1841
60 5.9 31768.59352654926 4221.963375603203 46331.5791015625 18.446044921875 5223.702140873563 2098
70 24 42355.773343912755 3382.567958654665 52031.4990234375 18.446044921875 5949.7793739541685 2157
80 15.6 50870.12849465394 4300.955306885768 61114.046142578125 18.446044921875 9594.935215752275 2397
90 13.6 58435.90555168601 5504.878341930893 71285.40795898438 18.446044921875 12117.0386828532 2553
100 6.3 68332.34182012646 6970.310035696369 79740.376953125 18.446044921875 14459.681261566946 2689
110 12 73017.6192464193 9708.814175501504 88561.85913085938 18.446044921875 15692.958011272342 2752
120 13.5 78620.14111689814 12976.066374547263 100744.69506835938 18.446044921875 18088.138842824443 2872
130 10.9 90379.64804553111 13771.024785756263 109232.53002929688 18.446044921875 20805.737880735964 3007
140 12.4 95792.91014837449 17762.350557727474 119630.49096679688 18.446044921875 23239.485059157876 3116
150 9.9 96499.31957021386 28867.122127499046 129281.19091796875 18.446044921875 26016.22108109086 3240
160 8.3 111605.87918568807 21360.909984438225 138738.8740234375 18.446044921875 28106.01645408372 3339
170 10.5 126287.5992094494 16393.910622745007 147808.43896484375 18.446044921875 30131.290740092827 3422
180 8 133805.9947235108 18393.683023159807 161388.65698242188 18.446044921875 32993.89703135521 3527
190 6.1 137707.3083776255 26341.721384960776 170851.78588867188 18.446044921875 35229.81824437779 3607
200 7.1 150529.88111039283 24406.853288101778 179938.61401367188 18.446044921875 36934.05131366027 3668
200 0.3 149255.9990234375 20900.603169624326 179938.61401367188 18.446044921875 39091.126444863265 3739
