10 668.18125 668.18125
20 1096.503125 1764.684375
30 691.190625 2455.875
40 772.378125 3228.253125
50 410.7296875 3638.9828125
60 126.0265625 3765.009375
70 801.128125 4566.1375
80 526.546875 5092.684375
90 617.4 5710.084375
100 50.0828125 5760.1671875
110 671.296875 6431.4640625
120 657.8359375 7089.3
130 332.9359375 7422.2359375
140 504.7140625 7926.95
150 356.453125 8283.403125
160 140.2421875 8423.6453125
170 501.1484375 8924.79375
180 317.7703125 9242.5640625
190 332.253125 9574.8171875
200 184.0421875 9758.859375
200 33.375 9792.234375
