10 0.1 1.4162873039959536 0 1.4162873039959536 1.4162873039959536 0 0
20 0.1 10.865191146881289 0.0 10.865191146881289 1.4162873039959536 1.4162873039959536 1
30 0.1 21.616915422885572 0.0 21.616915422885572 1.4162873039959536 6.1407392254386215 2
40 0.1 30.589985126425383 0.0 30.589985126425383 1.4162873039959536 11.299464624587605 3
50 0.1 40.394703972020984 0.0 40.394703972020984 1.4162873039959536 16.122094750047047 4
60 0.1 48.59367152184832 0.0 48.59367152184832 1.4162873039959536 20.976616594441833 5
70 0.1 56.381909547738694 0.0 56.381909547738694 1.4162873039959536 25.579459082342918 6
80 0.1 62.05682675383455 0.0 62.05682675383455 1.4162873039959536 29.97980914882803 7
90 0.1 67.17768283488313 0.0 67.17768283488313 1.4162873039959536 33.98943634945385 8
100 0.1 71.46433041301627 0.0 71.46433041301627 1.4162873039959536 37.67701929227932 9
110 0.1 75.01253132832079 0.0 75.01253132832079 1.4162873039959536 41.05575040435302 10
120 0.1 83.36383973967867 0.0 83.36383973967867 1.4162873039959536 44.14273048835009 11
130 0.1 90.21426993593991 0.0 90.21426993593991 1.4162873039959536 47.41115625929414 12
140 0.1 84.47962626524786 0.0 90.21426993593991 1.4162873039959536 50.70370346518997 13
150 0.1 88.52705410821643 0.0 90.21426993593991 1.4162873039959536 53.11626937947982 14
160 0.1 84.95037472149079 0.0 90.21426993593991 1.4162873039959536 55.47698836139559 15
180 0.1 88.61340679522498 0.0 90.21426993593991 1.4162873039959536 57.31907500890154 16
190 0.1 90.98984771573603 0.0 90.98984771573603 1.4162873039959536 59.159918055155856 17
200 0.1 89.45359102839417 0.0 90.98984771573603 1.4162873039959536 60.92824748074364 18
