20 0.1 4462 0 4462 4462 0 0
30 0.1 12863.0 0.0 12863 4462 4462.0 1
40 0.1 18121.0 0.0 18121 4462 8662.5 2
50 0.1 16642.0 0.0 18121 4462 11815.333333333334 3
60 0.1 24587.0 0.0 24587 4462 13022.0 4
70 0.1 29085.0 0.0 29085 4462 15335.0 5
80 0.1 27015.0 0.0 29085 4462 17626.666666666668 6
90 0.1 33006.0 0.0 33006 4462 18967.85714285714 7
100 0.1 36716.0 0.0 36716 4462 20722.625 8
110 0.1 38318.0 0.0 38318 4462 22499.666666666668 9
120 0.1 51812.0 0.0 51812 4462 24081.5 10
130 0.1 44230.0 0.0 51812 4462 26602.454545454544 11
140 0.1 40581.0 0.0 51812 4462 28071.416666666668 12
150 0.1 46106.0 0.0 51812 4462 29033.69230769231 13
160 0.1 41886.0 0.0 51812 4462 30253.14285714286 14
180 0.1 56436.0 0.0 56436 4462 31028.666666666668 15
190 0.1 43450.0 0.0 56436 4462 32616.625 16
200 0.1 48672.0 0.0 56436 4462 33253.882352941175 17
