10 57.5 13.602213400135872 6.428544899654829 78.547119140625 9.6748046875 0 0
20 152 13.152806974712178 4.28179250440667 78.547119140625 9.220947265625 13.602213400135872 575
30 238.1 12.803089973356778 3.808648461354246 78.547119140625 9.14892578125 13.276152413670948 2095
40 342.6 14.238105021230131 18.395019177398613 1016.423095703125 9.02001953125 13.024507715192835 4476
50 437.3 14.589151301755807 8.507465110479945 1016.423095703125 9.02001953125 13.55067632699792 7902
60 527.4 15.19476575276415 16.54131774576955 1016.423095703125 9.02001953125 13.920635680530811 12275
70 615.7 19.78868017030925 46.52879464179477 1041.796142578125 9.02001953125 14.30354992071308 17549
80 698.7 24.261015819278164 49.09247031674532 1072.39306640625 9.02001953125 15.72816592285446 23706
90 768.3 35.49924949716503 73.05997814525938 1368.72900390625 9.02001953125 17.670596517006626 30693
100 852.4 87.52801444932135 119.00302510545202 1368.72900390625 9.02001953125 21.239950822993624 38376
110 830.1 656.7017313602564 555.9529087384084 4194.532958984375 9.02001953125 33.28770038271255 46900
120 862.2 1822.7018386320542 992.7959828528536 9305.4208984375 9.02001953125 127.0352750850656 55201
130 863.4 2975.6674762555303 1521.753597273811 15376.64697265625 9.02001953125 356.1068811033057 63823
140 920.5 2788.8024293915014 2922.977544443715 23508.150146484375 9.02001953125 668.2545849627576 72457
150 970.5 3158.8934664144967 2120.1781146928 32114.31201171875 9.02001953125 907.2842794101945 81662
160 740.2 2345.994423289846 2265.0925263553545 41181.613037109375 9.02001953125 1146.450139730406 91367
170 868.4 3301.604236210947 2452.2147639889763 47066.2880859375 9.02001953125 1236.3470384223738 98769
180 961.8 3251.4292022647965 2438.985329554888 56186.240966796875 9.02001953125 1403.254370051979 107453
190 957.4 3634.583184581124 2706.6692495121115 56186.240966796875 9.02001953125 1555.0916784906435 117071
200 866.6 3339.1266582461767 2770.757433155987 56186.240966796875 9.02001953125 1712.295292366519 126645
