10 473.34375 473.34375
20 1285.284375 1758.628125
30 1993.359375 3751.9875
40 2866.134375 6618.121875
50 3645.675 10263.796875
60 4445.8875 14709.684375
70 5146.2 19855.884375
80 5773.6125 25629.496875
90 6447.515625 32077.0125
100 7280.2125 39357.225
110 7369.48125 46726.70625
120 7564.3875 54291.09375
130 7764.69375 62055.7875
140 7301.475 69357.2625
150 7774.059375 77131.321875
160 7304.5125 84435.834375
170 7442.634375 91878.46875
180 7798.95 99677.41875
190 7601.259375 107278.678125
200 7552.996875 114831.675
