10 919.809375 919.809375
20 1975.53984375 2895.34921875
30 2862.671875 5758.02109375
40 3923.28203125 9681.303125
50 4775.8765625 14457.1796875
60 5197.87421875 19655.05390625
70 5052.46796875 24707.521875
80 4972.4 29679.921875
90 5028.2328125 34708.1546875
100 4964.29140625 39672.44609375
110 4777.2609375 44449.70703125
120 4233.928125 48683.63515625
130 3037.409375 51721.04453125
140 4153.9609375 55875.00546875
150 4040.14375 59915.14921875
160 4507.2015625 64422.35078125
170 4575.703125 68998.05390625
180 4625.13125 73623.18515625
190 4811.83046875 78435.015625
200 4852.51015625 83287.52578125
