10 1044.32890625 1044.32890625
20 2198.5265625 3242.85546875
30 3117.45234375 6360.3078125
40 4178.68515625 10538.99296875
50 4876.840625 15415.83359375
60 4624.5 20040.33359375
70 3345.91953125 23386.253125
80 3157.03984375 26543.29296875
90 3166.86953125 29710.1625
100 3202.84765625 32913.01015625
110 3543.553125 36456.56328125
120 4493.803125 40950.36640625
130 3409.7078125 44360.07421875
140 4649.21640625 49009.290625
150 4516.3703125 53525.6609375
160 5001.0015625 58526.6625
170 5035.25625 63561.91875
180 5142.93046875 68704.84921875
190 5329.10078125 74033.95
200 5340.38515625 79374.33515625
