10 0.1 635 0 635 635 0 0
20 0.1 2643.0 0.0 2643 635 635.0 1
30 0.1 5255.0 0.0 5255 635 1639.0 2
40 0.1 8120.0 0.0 8120 635 2844.3333333333335 3
50 0.1 10764.0 0.0 10764 635 4163.25 4
60 0.1 12158.0 0.0 12158 635 5483.4 5
70 0.1 11657.0 0.0 12158 635 6595.833333333333 6
80 0.1 11614.0 0.0 12158 635 7318.857142857143 7
100 0.1 10931.0 0.0 12158 635 7855.75 8
110 0.1 10665.0 0.0 12158 635 8197.444444444445 9
120 0.1 13412.0 0.0 13412 635 8444.2 10
130 0.1 16083.0 0.0 16083 635 8895.818181818182 11
140 0.1 12643.0 0.0 16083 635 9494.75 12
150 0.1 13631.0 0.0 16083 635 9736.923076923076 13
170 0.1 14249.0 0.0 16083 635 10015.07142857143 14
180 0.1 13998.0 0.0 16083 635 10297.333333333334 15
190 0.1 14533.0 0.0 16083 635 10528.625 16
200 0.1 14716.0 0.0 16083 635 10764.176470588236 17
