10 722.6515625 722.6515625
20 1781.4671875 2504.11875
30 2500.95 5005.06875
40 2646.990625 7652.059375
50 2622.403125 10274.4625
60 2681.4625 12955.925
70 2657.0296875 15612.9546875
80 2658.1546875 18271.109375
90 2675.46875 20946.578125
100 2206.265625 23152.84375
110 2770.2296875 25923.0734375
120 2386.559375 28309.6328125
130 2429.5265625 30739.159375
140 2657.4546875 33396.6140625
150 2552.403125 35949.0171875
160 2593.375 38542.3921875
170 2469.7390625 41012.13125
180 2660.8359375 43672.9671875
190 2510.284375 46183.2515625
200 2391.2265625 48574.478125
