0 0.1 1288.3515625 0 1288.3515625 1288.3515625 0 0
10 0.1 1290.80859375 0.0 1290.80859375 1288.3515625 1288.3515625 1
20 0.1 1288.2421875 0.0 1290.80859375 1288.2421875 1289.580078125 2
30 0.1 1287.4921875 0.0 1290.80859375 1287.4921875 1289.1341145833333 3
40 0.1 1287.69140625 0.0 1290.80859375 1287.4921875 1288.7236328125 4
50 0.1 1288.0625 0.0 1290.80859375 1287.4921875 1288.5171875 5
60 0.1 1288.05859375 0.0 1290.80859375 1287.4921875 1288.44140625 6
70 0.1 1288.23828125 0.0 1290.80859375 1287.4921875 1288.38671875 7
80 0.1 1288.30078125 0.0 1290.80859375 1287.4921875 1288.3681640625 8
90 0.1 1285.9609375 0.0 1290.80859375 1285.9609375 1288.3606770833333 9
100 0.1 1281.01171875 0.0 1290.80859375 1281.01171875 1288.120703125 10
110 0.1 1272.63671875 0.0 1290.80859375 1272.63671875 1287.4744318181818 11
120 0.1 1252.01953125 0.0 1290.80859375 1252.01953125 1286.2379557291667 12
130 0.1 1213.89453125 0.0 1290.80859375 1213.89453125 1283.6057692307693 13
140 0.1 1207.27734375 0.0 1290.80859375 1207.27734375 1278.6263950892858 14
150 0.1 1204.05078125 0.0 1290.80859375 1204.05078125 1273.8697916666667 15
160 0.1 1199.8984375 0.0 1290.80859375 1199.8984375 1269.506103515625 16
180 0.1 1200.69921875 0.0 1290.80859375 1199.8984375 1265.4115349264705 17
190 0.1 1198.67578125 0.0 1290.80859375 1198.67578125 1261.81640625 18
200 0.1 1198.55859375 0.0 1290.80859375 1198.55859375 1258.4932154605262 19
