0 0.3 1.5738932291666667 0.5419896336706286 2.296875 0.991943359375 0 0
10 90.2 1.1130008401468992 0.3160574319344453 4.166015625 0.635009765625 1.5738932291666667 3
20 187.6 0.9688287340501732 0.23852823380996166 4.166015625 0.507080078125 1.1145286602209978 905
30 276.9 0.9422061213434455 0.2535514328617853 4.27587890625 0.469970703125 1.0162427697152565 2781
40 231.8 187.59531342684963 495.0281559272055 3008.9130859375 0.469970703125 0.9793044851492124 5550
50 159.4 2733.7531248162054 2757.268697830942 7025.3828125 0.469970703125 55.958448959839295 7868
60 145.4 3232.819503175506 4303.4519188610875 15037.697998046875 0.469970703125 507.0686490565469 9462
70 162.3 6719.288460948333 7143.444915912421 31077.909912109375 0.469970703125 870.1358661588707 10916
80 135.9 5245.945079317863 8012.022944492116 31080.18896484375 0.469970703125 1627.2277125057321 12539
90 173.5 7411.841799548586 9265.883925057962 31111.378173828125 0.469970703125 1981.0798424163443 13898
100 175 6055.03524734933 8525.204382707314 31111.378173828125 0.469970703125 2583.80305585103 15633
110 134.5 7981.530362380925 11013.114186853414 31111.378173828125 0.469970703125 2933.2626620825217 17383
120 176.8 8354.32579585978 10555.931402870447 31111.378173828125 0.469970703125 3295.81712902514 18728
130 128.7 6889.191589877137 9366.08597998782 31111.378173828125 0.469970703125 3732.167798568643 20496
140 183.4 8356.27580635626 9427.013019747552 31111.867919921875 0.469970703125 3918.6935121716374 21783
150 133.8 7394.809356461381 10231.8272849071 31111.867919921875 0.469970703125 4263.298073611896 23617
160 193.2 8743.220787158916 10183.828080259469 31111.867919921875 0.469970703125 4431.19877873923 24955
170 152.3 8094.3777642553805 9828.78331197607 31111.867919921875 0.469970703125 4741.044671559806 26887
180 167.3 9972.468031295553 12008.396701393347 31111.867919921875 0.469970703125 4920.809764842994 28410
190 171.8 6653.268215903305 8897.02840386015 31111.867919921875 0.467041015625 5201.746648789911 30083
200 170.4 7205.517303036968 8877.970068309914 31111.867919921875 0.467041015625 5280.162863761164 31801
