10 0.1 1.12890625 0 1.12890625 1.12890625 0 0
20 0.1 1.0390625 0.0 1.12890625 1.0390625 1.12890625 1
30 0.1 1.03125 0.0 1.12890625 1.03125 1.083984375 2
40 0.1 1.03125 0.0 1.12890625 1.03125 1.06640625 3
50 0.1 1.01953125 0.0 1.12890625 1.01953125 1.0576171875 4
60 0.1 1.01953125 0.0 1.12890625 1.01953125 1.05 5
70 0.1 1.01953125 0.0 1.12890625 1.01953125 1.044921875 6
80 0.1 1.01171875 0.0 1.12890625 1.01171875 1.0412946428571428 7
90 0.1 1.01171875 0.0 1.12890625 1.01171875 1.03759765625 8
100 0.1 1.01171875 0.0 1.12890625 1.01171875 1.0347222222222223 9
110 0.1 1.01171875 0.0 1.12890625 1.01171875 1.032421875 10
120 0.1 1.078125 0.0 1.12890625 1.01171875 1.0305397727272727 11
130 0.1 1.1484375 0.0 1.1484375 1.01171875 1.0345052083333333 12
140 0.1 1.2890625 0.0 1.2890625 1.01171875 1.0432692307692308 13
150 0.1 1.3203125 0.0 1.3203125 1.01171875 1.0608258928571428 14
160 0.1 1.3515625 0.0 1.3515625 1.01171875 1.078125 15
170 0.1 1.30078125 0.0 1.3515625 1.01171875 1.09521484375 16
180 0.1 1.25 0.0 1.3515625 1.01171875 1.1073069852941178 17
190 0.1 1.2109375 0.0 1.3515625 1.01171875 1.115234375 18
200 0.1 1.26171875 0.0 1.3515625 1.01171875 1.1202713815789473 19
