0 1.8 1.8690049913194444 1.4316935110328366 5.669921875 0.880126953125 0 0
10 901.9 1.833886762061342 1.1408073828608243 10.2919921875 0.212890625 1.8690049913194444 18
20 1494.7 182.89811262162848 148.33705654629983 744.094970703125 0.212890625 1.8339567109521957 9037
30 1540.5 678.8422047269304 647.3832045881962 4057.177978515625 0.212890625 114.67443112709957 23984
40 1468.8 1127.8219094536162 1811.8371457103317 9244.52685546875 0.212890625 335.3199045411338 39389
50 1445.6 1808.9002834334835 3653.841788530794 15497.7490234375 0.212890625 550.5735141747033 54077
60 1532.6 2014.537252074451 4571.453213567067 21486.423095703125 0.212890625 815.998517843081 68533
70 1491.3 2276.981214858032 5176.454890635384 29976.341796875 0.212890625 1035.0424444440418 83859
80 1515.1 2250.5680882920583 5562.325951333973 45540.6640625 0.212890625 1222.5554327725542 98772
90 1508.7 2808.636292575964 6936.687245806713 48389.321044921875 0.212890625 1359.274266930503 113923
100 1467.3 2854.4206311357107 7206.79336761899 52461.863037109375 0.212890625 1528.7690726115593 129010
110 1525.3 2248.328789572139 5898.570870048121 56469.72509765625 0.212890625 1664.1454589497125 143683
120 1436.5 2975.0433920403893 7630.682875077322 56469.72509765625 0.212890625 1720.2092100318075 158936
130 1412.6 2649.5404989822273 7151.102027809278 56469.72509765625 0.212890625 1824.2229954372772 173301
140 1476.8 2938.037366063211 7508.2481113684735 56469.72509765625 0.212890625 1886.4255332524049 187427
150 1536.4 2449.8070740524777 6919.3651490553475 111544.93798828125 0.212890625 1963.2335826450703 202195
160 1450.6 3104.2244238543776 7622.944222487236 115566.59301757813 0.212890625 1997.5953655268788 217559
170 1471.7 2598.5931438205826 7112.940305958269 115566.59301757813 0.212890625 2066.768920867403 232065
180 1424.8 2968.0048664485075 7701.498373097947 125600.30004882813 0.212890625 2098.484593360542 246782
190 1477.6 3079.467934452008 8967.903090023232 139628.90698242188 0.212890625 2145.94628301674 261030
200 1418.2 3246.4215184293594 9132.709671771081 139676.09106445313 0.212890625 2195.9586682498657 275806
