20 0.1 3349 0 3349 3349 0 0
30 0.1 5647.0 0.0 5647 3349 3349.0 1
40 0.1 7621.0 0.0 7621 3349 4498.0 2
50 0.1 8762.0 0.0 8762 3349 5539.0 3
60 0.1 8135.0 0.0 8762 3349 6344.75 4
70 0.1 9666.0 0.0 9666 3349 6702.8 5
80 0.1 8945.0 0.0 9666 3349 7196.666666666667 6
90 0.1 11458.0 0.0 11458 3349 7446.428571428572 7
100 0.1 10560.0 0.0 11458 3349 7947.875 8
110 0.1 11831.0 0.0 11831 3349 8238.111111111111 9
120 0.1 12265.0 0.0 12265 3349 8597.4 10
130 0.1 12881.0 0.0 12881 3349 8930.818181818182 11
140 0.1 12656.0 0.0 12881 3349 9260.0 12
150 0.1 16089.0 0.0 16089 3349 9521.23076923077 13
160 0.1 15562.0 0.0 16089 3349 9990.357142857143 14
170 0.1 13604.0 0.0 16089 3349 10361.8 15
180 0.1 14410.0 0.0 16089 3349 10564.4375 16
190 0.1 13758.0 0.0 16089 3349 10790.64705882353 17
200 0.1 16586.0 0.0 16586 3349 10955.5 18
