10 57.6 31.21805530124243 67.82866947020221 1138.008056640625 17.656982421875 0 0
20 136.8 110.04514031661179 397.80925052197387 6378.56298828125 17.3740234375 31.21805530124243 576
30 224.1 376.92622355742446 1196.1689379309764 12261.382080078125 17.158203125 86.68896697872457 1944
40 275.7 926.1339160475036 1666.6280173436153 20770.35791015625 17.158203125 242.10633663054452 4185
50 322.6 2196.8088632431036 1617.9479516245865 36814.262939453125 17.158203125 513.7663822157585 6942
60 293.2 3414.722693803683 2421.776083054802 36814.262939453125 17.158203125 1047.7450450594067 10168
70 240.2 6698.981481394909 4317.599086261839 56508.18212890625 17.158203125 1577.5143936180493 13100
80 324.7 10198.826200522248 5389.809485273089 67662.60693359375 17.158203125 2371.074188795447 15502
90 345 11615.896478784534 7079.679604068043 67662.60693359375 17.158203125 3726.7043974506773 18749
100 310.4 12156.608637465639 8190.321322829607 67662.60693359375 17.158203125 4952.782719924744 22199
110 296.8 13598.417893566513 8755.80320433721 68520.81884765625 17.158203125 5836.499103280352 25303
120 391.3 14169.32001339185 9695.651427071396 71987.14916992188 17.158203125 6651.375654147648 28271
130 308.9 13966.328902788244 10528.294965859179 83882.73291015625 17.158203125 7565.423512640146 32184
140 324.7 14269.820566565651 10013.221294439918 88335.59204101563 17.158203125 8125.976818289437 35273
150 309.5 15812.16587600338 10141.898161106838 88335.59204101563 17.158203125 8643.865204858826 38520
160 295.4 15752.44501662206 10244.101843119537 88335.59204101563 17.158203125 9176.987650544093 41615
170 329.4 17650.766818798693 10688.606599636481 92859.47387695313 17.158203125 9612.804048924007 44569
180 348.2 18153.262449278816 11428.380085901343 103435.34106445313 17.158203125 10165.988123552994 47863
190 297.9 17858.892915365283 12296.670757800879 140688.078125 17.158203125 10707.651171603968 51345
200 362.2 17831.39423931928 12377.583097185703 140688.078125 17.158203125 11099.808397777757 54324
