10 0.1 2458.74609375 0 2458.74609375 2458.74609375 0 0
20 0.1 2456.453125 0.0 2458.74609375 2456.453125 2458.74609375 1
30 0.1 2455.71875 0.0 2458.74609375 2455.71875 2457.599609375 2
40 0.1 2455.12890625 0.0 2458.74609375 2455.12890625 2456.97265625 3
50 0.1 2454.66015625 0.0 2458.74609375 2454.66015625 2456.51171875 4
60 0.1 2454.69140625 0.0 2458.74609375 2454.66015625 2456.14140625 5
70 0.1 2454.45703125 0.0 2458.74609375 2454.45703125 2455.8997395833335 6
80 0.1 2453.85546875 0.0 2458.74609375 2453.85546875 2455.6936383928573 7
90 0.1 2453.38671875 0.0 2458.74609375 2453.38671875 2455.4638671875 8
100 0.1 2446.0546875 0.0 2458.74609375 2446.0546875 2455.2330729166665 9
110 0.1 2439.2109375 0.0 2458.74609375 2439.2109375 2454.315234375 10
120 0.1 2433.40234375 0.0 2458.74609375 2433.40234375 2452.9421164772725 11
130 0.1 2432.83203125 0.0 2458.74609375 2432.83203125 2451.313802083333 12
140 0.1 2433.4296875 0.0 2458.74609375 2432.83203125 2449.8921274038457 13
150 0.1 2432.59765625 0.0 2458.74609375 2432.59765625 2448.7162388392853 14
160 0.1 2433.3515625 0.0 2458.74609375 2432.59765625 2447.641666666666 15
170 0.1 2432.08203125 0.0 2458.74609375 2432.08203125 2446.7485351562495 16
180 0.1 2432.64453125 0.0 2458.74609375 2432.08203125 2445.8857996323527 17
190 0.1 2432.5 0.0 2458.74609375 2432.08203125 2445.150173611111 18
200 0.1 2431.328125 0.0 2458.74609375 2431.328125 2444.4843749999995 19
