10 515.7 1.9816258733578123 4.668267913563848 91.4541015625 0.2109375 0 0
20 1518.7 1.0214409868689007 0.6661210752953415 91.4541015625 0.175048828125 1.9816258733578123 5157
30 2396.3 1.1369565535441375 1.7168133386025755 200.6611328125 0.173095703125 1.2648382273144039 20344
40 3346.7 1.196901649969556 1.7869032175038657 207.97509765625 0.138916015625 1.1956746967536145 44307
50 4280.3 1.2183071211604677 1.4183165831920037 208.073974609375 0.138916015625 1.1962026680972242 77774
60 5219 1.2501515692736305 2.343754934739404 209.93017578125 0.138916015625 1.2040494125382535 120577
70 5986.3 1.5453017992971978 6.002673562208937 217.65380859375 0.138916015625 1.2179760973797993 172767
80 6949.4 2.1448253647290905 14.670624219687125 1003.4560546875 0.138916015625 1.3022072734700767 232630
90 7728.2 6.161425849486295 42.45574520670867 2935.14501953125 0.138916015625 1.4960247180754502 302124
100 8492.5 17.904661787974856 85.49967615722827 3005.328125 0.138916015625 2.4463300117125906 379406
110 8330.4 62.43786401875957 269.3506076359349 7020.368896484375 0.138916015625 5.273620944471922 464331
120 8190.7 130.29218005240926 643.4536631277889 16504.4150390625 0.138916015625 13.969212177794223 547635
130 7727.8 239.7674549679035 1364.774371178321 18601.630859375 0.138916015625 29.103492860744836 629542
140 7958.7 262.4385148430121 1865.2144003391747 32595.652099609375 0.138916015625 52.135791980346724 706820
150 7964.9 288.46189023971556 2230.5958292205646 38998.623046875 0.138916015625 73.419125933975 786407
160 7873.1 229.04149865324592 1857.4583456456098 38998.623046875 0.138916015625 93.19607007406285 866056
170 7792.5 247.61395576112596 1757.2061392423195 38998.623046875 0.138916015625 104.51634272543048 944787
180 7745.1 236.45811021469396 1692.8093292072604 38998.623046875 0.138916015625 115.4195896764847 1022712
190 7609.9 271.02002001247786 1867.8648056555323 38998.623046875 0.138916015625 123.94064924148084 1100163
200 7637.8 261.34661575793257 1815.4270272116562 38998.623046875 0.138916015625 133.45604040119022 1176262
