20 0.1 2505 0 2505 2505 0 0
30 0.1 5090.0 0.0 5090 2505 2505.0 1
40 0.1 7401.0 0.0 7401 2505 3797.5 2
50 0.1 9835.0 0.0 9835 2505 4998.666666666667 3
60 0.1 12366.0 0.0 12366 2505 6207.75 4
70 0.1 14778.0 0.0 14778 2505 7439.4 5
80 0.1 16977.0 0.0 16977 2505 8662.5 6
90 0.1 19229.0 0.0 19229 2505 9850.285714285714 7
100 0.1 21537.0 0.0 21537 2505 11022.625 8
110 0.1 23641.0 0.0 23641 2505 12190.888888888889 9
120 0.1 25016.0 0.0 25016 2505 13335.9 10
130 0.1 26086.0 0.0 26086 2505 14397.727272727272 11
140 0.1 21823.0 0.0 26086 2505 15371.75 12
150 0.1 21609.0 0.0 26086 2505 15868.0 13
160 0.1 24423.0 0.0 26086 2505 16278.07142857143 14
170 0.1 24285.0 0.0 26086 2505 16821.066666666666 15
180 0.1 24476.0 0.0 26086 2505 17287.5625 16
190 0.1 24011.0 0.0 26086 2505 17710.41176470588 17
200 0.1 25490.0 0.0 26086 2505 18060.444444444445 18
