10 534.44765625 534.44765625
20 1575.3609375 2109.80859375
30 2486.7140625 4596.52265625
40 3465.67734375 8062.2
50 4439.4015625 12501.6015625
60 5413.44375 17915.0453125
70 6199.84453125 24114.88984375
80 7196.54609375 31311.4359375
90 8006.35078125 39317.78671875
100 8827.75546875 48145.5421875
110 8624.9484375 56770.490625
120 8481.78046875 65252.27109375
130 8012.8859375 73265.15703125
140 8246.334375 81511.49140625
150 8244.67265625 89756.1640625
160 8166.228125 97922.3921875
170 8082.9265625 106005.31875
180 8026.39765625 114031.71640625
190 7892.03359375 121923.75
200 7902.3578125 129826.1078125
