0 0.1 0.9429292637208242 0 0.9429292637208242 0.9429292637208242 0 0
10 0.1 4.423029404497159 0.0 4.423029404497159 0.9429292637208242 0.9429292637208242 1
20 0.1 14.629451395572666 0.0 14.629451395572666 0.9429292637208242 2.6829793341089916 2
30 0.1 20.384802727715538 0.0 20.384802727715538 0.9429292637208242 6.665136687930217 3
40 0.1 28.400597907324364 0.0 28.400597907324364 0.9429292637208242 10.095053197876547 4
50 0.1 42.078708375378405 0.0 42.078708375378405 0.9429292637208242 13.75616213976611 5
60 0.1 43.29383886255924 0.0 43.29383886255924 0.9429292637208242 18.476586512368158 6
70 0.1 43.405162206961876 0.0 43.405162206961876 0.9429292637208242 22.02190827668117 7
80 0.1 43.339676498572786 0.0 43.405162206961876 0.9429292637208242 24.69481501796626 8
90 0.1 43.42544068604097 0.0 43.42544068604097 0.9429292637208242 26.766466293589207 9
100 0.1 43.21342925659473 0.0 43.42544068604097 0.9429292637208242 28.432363732834386 10
110 0.1 43.11814859926918 0.0 43.42544068604097 0.9429292637208242 29.776096962267147 11
120 0.1 43.41823375386812 0.0 43.42544068604097 0.9429292637208242 30.887934598683984 12
130 0.1 43.380080817684814 0.0 43.42544068604097 0.9429292637208242 31.851803764467377 13
150 0.1 43.353978084802286 0.0 43.42544068604097 0.9429292637208242 32.67525212541148 14
160 0.1 42.6097271648873 0.0 43.42544068604097 0.9429292637208242 33.38716718937087 15
170 0.1 43.42870999030068 0.0 43.42870999030068 0.9429292637208242 33.96357718784065 16
180 0.1 43.728263389751916 0.0 43.728263389751916 0.9429292637208242 34.52034970563242 17
190 0.1 43.05753685211602 0.0 43.728263389751916 0.9429292637208242 35.03190046586128 18
200 0.1 43.40071343638526 0.0 43.728263389751916 0.9429292637208242 35.45430238092732 19
