10 87.1 18.685777000663776 8.50274942178026 75.864990234375 9.425048828125 0 0
20 149 520.7096306103188 415.232137839816 1427.23193359375 9.425048828125 18.685777000663776 871
30 130.2 3593.5033122119794 1425.1679133706916 5728.51416015625 9.425048828125 335.507268689942 2361
40 159.8 6777.126689428683 1425.8783736166354 14098.942138671875 9.425048828125 1493.5500884184958 3663
50 153.8 8218.9721116164 3310.741147630933 21391.083984375 9.425048828125 3098.407607600073 5261
60 153.9 10184.242100091618 5085.099135909586 22302.375 9.425048828125 4256.729155942051 6799
70 161 10961.513377238216 8625.068389757369 37539.73486328125 9.425048828125 5350.809561440514 8338
80 155.8 15574.823688159397 11642.694379737333 39807.093994140625 9.425048828125 6258.854710559362 9948
90 158.1 10763.986073483733 7559.6344946606005 54663.506103515625 9.425048828125 7520.307836502423 11506
100 150.7 14583.436042608451 10392.092115424839 63726.02685546875 9.425048828125 7912.166573620742 13087
110 152 12315.27796534487 9633.76021255027 63726.02685546875 9.425048828125 8601.05262883278 14594
120 158.8 12574.100566873632 10409.197288111582 70942.0830078125 9.425048828125 8951.407755523756 16114
130 151 11810.52712062812 8406.052909854438 70942.0830078125 9.425048828125 9276.390027833304 17702
140 155.2 12514.950152367675 8710.513924622 70942.0830078125 9.425048828125 9475.564867002582 19212
150 152.7 13364.183613735322 9374.5901809602 77757.35595703125 9.425048828125 9702.742961921029 20764
160 157.1 12275.688762817774 9551.921083352709 113873.2451171875 9.425048828125 9953.562569624604 22291
170 148.8 13651.879248178124 10624.375553909811 117230.46215820313 9.425048828125 10106.444149102706 23862
180 143.3 15956.255475189997 12997.877960821708 121038.51806640625 9.425048828125 10314.554895746662 25350
190 153.4 13732.730176863484 11538.154818364617 146909.39282226563 9.425048828125 10616.408942356164 26783
200 145.9 15867.596705456996 12890.12987302671 146909.39282226563 9.425048828125 10785.227559220035 28317
