20 0.1 4777 0 4777 4777 0 0
30 0.1 8103.0 0.0 8103 4777 4777.0 1
40 0.1 10853.0 0.0 10853 4777 6440.0 2
50 0.1 13708.0 0.0 13708 4777 7911.0 3
60 0.1 10392.0 0.0 13708 4777 9360.25 4
70 0.1 15408.0 0.0 15408 4777 9566.6 5
80 0.1 11937.0 0.0 15408 4777 10540.166666666666 6
90 0.1 15343.0 0.0 15408 4777 10739.714285714286 7
100 0.1 12701.0 0.0 15408 4777 11315.125 8
110 0.1 14808.0 0.0 15408 4777 11469.111111111111 9
120 0.1 15344.0 0.0 15408 4777 11803.0 10
130 0.1 16539.0 0.0 16539 4777 12124.90909090909 11
140 0.1 16982.0 0.0 16982 4777 12492.75 12
150 0.1 15167.0 0.0 16982 4777 12838.076923076924 13
160 0.1 16922.0 0.0 16982 4777 13004.42857142857 14
170 0.1 16822.0 0.0 16982 4777 13265.6 15
180 0.1 17432.0 0.0 17432 4777 13487.875 16
190 0.1 19858.0 0.0 19858 4777 13719.882352941177 17
200 0.1 18519.0 0.0 19858 4777 14060.888888888889 18
