10 600.403125 600.403125
20 1628.94140625 2229.34453125
30 2520.765625 4750.11015625
40 3457.05234375 8207.1625
50 4548.73671875 12755.89921875
60 5254.16875 18010.06796875
70 5921.63359375 23931.7015625
80 5715.43203125 29647.13359375
90 5925.57109375 35572.7046875
100 5754.66328125 41327.36796875
110 5684.75078125 47012.11875
120 5710.6703125 52722.7890625
130 5602.41484375 58325.20390625
140 5667.86796875 63993.071875
150 5626.21484375 69619.28671875
160 5630.3265625 75249.61328125
170 5726.2109375 80975.82421875
180 5666.58359375 86642.4078125
190 5725.8765625 92368.284375
200 5672.89453125 98041.17890625
