10 0.1 0.328125 0 0.328125 0.328125 0 0
20 0.1 0.359375 0.0 0.359375 0.328125 0.328125 1
30 0.1 0.4609375 0.0 0.4609375 0.328125 0.34375 2
40 0.1 0.5390625 0.0 0.5390625 0.328125 0.3828125 3
50 0.1 0.609375 0.0 0.609375 0.328125 0.421875 4
60 0.1 0.671875 0.0 0.671875 0.328125 0.459375 5
70 0.1 0.71875 0.0 0.71875 0.328125 0.4947916666666667 6
80 0.1 0.76171875 0.0 0.76171875 0.328125 0.5267857142857143 7
90 0.1 0.80078125 0.0 0.80078125 0.328125 0.55615234375 8
100 0.1 0.828125 0.0 0.828125 0.328125 0.5833333333333334 9
110 0.1 0.859375 0.0 0.859375 0.328125 0.6078125 10
120 0.1 0.87890625 0.0 0.87890625 0.328125 0.6306818181818182 11
130 0.1 0.8984375 0.0 0.8984375 0.328125 0.6513671875000001 12
140 0.1 0.91015625 0.0 0.91015625 0.328125 0.6703725961538463 13
150 0.1 0.9296875 0.0 0.9296875 0.328125 0.6875000000000001 14
160 0.1 1.01953125 0.0 1.01953125 0.328125 0.7036458333333334 15
170 0.1 1.01953125 0.0 1.01953125 0.328125 0.7233886718750001 16
180 0.1 1.01171875 0.0 1.01953125 0.328125 0.7408088235294119 17
190 0.1 1.01171875 0.0 1.01953125 0.328125 0.7558593750000001 18
200 0.1 1.01171875 0.0 1.01953125 0.328125 0.769325657894737 19
