10 0.1 1845.2578125 0 1845.2578125 1845.2578125 0 0
20 0.1 1846.05859375 0.0 1846.05859375 1845.2578125 1845.2578125 1
30 0.1 1847.109375 0.0 1847.109375 1845.2578125 1845.658203125 2
40 0.1 1843.9609375 0.0 1847.109375 1843.9609375 1846.1419270833333 3
50 0.1 1842.23046875 0.0 1847.109375 1842.23046875 1845.5966796875 4
60 0.1 1840.66015625 0.0 1847.109375 1840.66015625 1844.9234375 5
70 0.1 1829.1953125 0.0 1847.109375 1829.1953125 1844.212890625 6
80 0.1 1771.734375 0.0 1847.109375 1771.734375 1842.0675223214287 7
90 0.1 1714.6328125 0.0 1847.109375 1714.6328125 1833.27587890625 8
100 0.1 1709.71875 0.0 1847.109375 1709.71875 1820.0933159722222 9
130 0.1 1705.71875 0.0 1847.109375 1705.71875 1809.055859375 10
140 0.1 1702.92578125 0.0 1847.109375 1702.92578125 1799.6615767045455 11
150 0.1 1701.91015625 0.0 1847.109375 1701.91015625 1791.6002604166667 12
180 0.1 1722.01171875 0.0 1847.109375 1701.91015625 1784.7010216346155 13
190 0.1 1711.890625 0.0 1847.109375 1701.91015625 1780.2232142857142 14
200 0.1 1705.96484375 0.0 1847.109375 1701.91015625 1775.6677083333334 15
