0 1.6 14.557785034179688 4.983359662232539 26.9130859375 9.98583984375 0 0
10 92.2 12.18730881829582 1.991786620678836 26.9130859375 8.742919921875 14.557785034179688 16
20 190.8 13.156381411122572 11.66922771287773 266.39501953125 8.742919921875 12.227743380613669 938
30 287.8 19.19703446335885 34.57216129535468 547.847900390625 8.742919921875 12.850315890174802 2846
40 367.5 21.937880792942185 50.38064043287148 1016.833984375 8.742919921875 16.04141582966182 5724
50 453.8 44.691021263152656 97.6816717103385 1051.406005859375 8.742919921875 18.346927984152227 9399
60 549.6 173.92198125625458 252.1322866360373 2024.39111328125 8.742919921875 26.92477797339697 13937
70 531.2 947.3733678610931 860.7917803058322 8689.238037109375 8.742919921875 68.49821641535578 19433
80 462.1 3115.9118094428813 1854.4552897348303 12387.221923828125 8.742919921875 257.16602019307885 24745
90 544.5 5857.976584425578 2928.640937446341 20785.722900390625 8.742919921875 707.0149710928723 29366
100 587.6 5680.847451123666 4164.170679621618 29224.930908203125 8.742919921875 1512.7081710755383 34811
110 667.6 5972.15343543453 4733.257171811667 40888.98095703125 8.742919921875 2114.6691514762265 40687
120 437.1 5270.5072345720655 4428.044030275482 40888.98095703125 8.742919921875 2658.396640860464 47363
130 538.7 6070.078820123247 4675.233380583409 62753.847900390625 8.742919921875 2879.0935791430907 51734
140 630.4 6394.203993124399 5132.643207857675 66229.40795898438 8.742919921875 3180.030843777115 57121
150 442.8 6030.143961367997 6119.63963759673 72532.90014648438 8.742919921875 3499.4971036665165 63425
160 564.9 6628.205134265675 5641.395328629854 72532.90014648438 8.742919921875 3664.6438810514833 67853
170 315.3 5919.741753420603 5280.354351479169 72532.90014648438 8.742919921875 3892.4085339780295 73502
180 544.9 7808.451900712507 9176.48555057401 94354.60986328125 8.742919921875 3975.7975058768284 76655
190 526.5 4465.799430894987 4336.414591031253 94354.60986328125 8.742919921875 4230.159458978499 82104
