20 0.1 3374 0 3374 3374 0 0
30 0.1 6099.0 0.0 6099 3374 3374.0 1
40 0.1 8595.0 0.0 8595 3374 4736.5 2
50 0.1 10883.0 0.0 10883 3374 6022.666666666667 3
60 0.1 13325.0 0.0 13325 3374 7237.75 4
70 0.1 15792.0 0.0 15792 3374 8455.2 5
80 0.1 20675.0 0.0 20675 3374 9678.0 6
90 0.1 18830.0 0.0 20675 3374 11249.0 7
100 0.1 18886.0 0.0 20675 3374 12196.625 8
130 0.1 31556.0 0.0 31556 3374 12939.888888888889 9
140 0.1 27458.0 0.0 31556 3374 14801.5 10
150 0.1 24882.0 0.0 31556 3374 15952.09090909091 11
180 0.1 29103.0 0.0 31556 3374 16696.25 12
190 0.1 19008.0 0.0 31556 3374 17650.615384615383 13
200 0.1 21536.0 0.0 31556 3374 17747.571428571428 14
