0 1.8 16.42706976996528 5.63555467793008 32.356201171875 11.8369140625 0 0
10 92.8 14.361299185917295 2.2541541264479847 32.356201171875 10.399169921875 16.42706976996528 18
20 191.2 15.075704790059493 11.68350269091115 268.73095703125 10.23291015625 14.40060560294992 946
30 287.3 21.01830136929491 34.64076063478509 550.5029296875 10.199951171875 14.852246486698522 2858
40 374.9 23.898924218333192 50.7568239495716 1018.096923828125 10.031982421875 17.943343272198337 5731
50 467.1 46.70055663644359 97.92235090994258 1053.06005859375 10.031982421875 20.298561939609687 9480
60 548.4 184.58762507087425 261.7979316320411 3227.458984375 10.031982421875 29.01340309775477 14151
70 531.7 1002.6580746492696 888.8943478319183 8691.239990234375 10.031982421875 72.4648435510569 19635
80 459.5 3253.3450686250317 1892.1143793994072 15983.741943359375 10.031982421875 270.6789109504316 24952
90 548.8 5863.898640223934 2979.8647319778843 20787.64404296875 10.031982421875 734.528066347419 29547
100 588.3 5707.9521664482 4183.599660610693 30932.75 10.031982421875 1538.0098905070968 35035
110 656.4 5948.1170696325935 4771.225919196268 40890.568115234375 10.031982421875 2137.5448240170804 40918
120 437 5350.484680091973 4387.921515455818 40890.568115234375 10.031982421875 2664.325419194626 47482
130 537.7 6067.206041747198 4742.702765609153 62755.14794921875 10.031982421875 2890.710437518344 51852
140 619.6 6385.878801792797 5101.030799581895 66231.375 10.031982421875 3189.1608186876556 57229
150 455.3 6038.4469008350525 6145.202484818643 72534.31787109375 10.031982421875 3501.448790675349 63425
160 562 6619.037149210738 5587.1866888739 72534.31787109375 10.031982421875 3671.3707124082202 67978
170 305.8 5939.078989631438 5316.616861845494 72534.31787109375 10.031982421875 3896.4567932097384 73598
180 562.5 7748.628199956585 9062.169317372125 94356.00317382813 10.031982421875 3977.9421130367255 76656
190 523.8 4415.987770922463 4301.463234184256 94356.00317382813 10.031982421875 4235.718625705801 82281
200 559.9 5539.751713213993 5958.244029914817 94356.00317382813 10.031982421875 4246.507709020794 87519
