0 18.265625 18.265625
10 1085.66875 1103.934375
20 2189.56640625 3293.50078125
30 3293.221875 6586.72265625
40 4189.93203125 10776.6546875
50 5126.51875 15903.1734375
60 6039.621875 21942.7953125
70 5442.18984375 27384.98515625
80 4148.7046875 31533.68984375
90 3804.68203125 35338.371875
100 4137.29921875 39475.67109375
110 4414.33046875 43890.0015625
120 3567.5125 47457.5140625
130 3936.7625 51394.2765625
140 4084.3015625 55478.578125
150 3778.8453125 59257.4234375
160 4078.5953125 63336.01875
170 1746.0234375 65082.0421875
180 4657.3375 69739.3796875
190 4430.4640625 74169.84375
200 4181.88828125 78351.73203125
