0 16 1.5976989746093753 0.841294556764653 4.337158203125 0.651123046875 0 0
10 919.9 1.76057073968638 1.0825272322479225 10.299072265625 0.2470703125 1.5976989746093753 160
20 1611.7 95.58568846656483 64.90936120191712 1232.5810546875 0.2470703125 1.75778630946816 9359
30 1611.3 571.069968933396 557.6469603293115 3985.462890625 0.2470703125 61.11656708611783 25476
40 1575 1088.8732648964517 1758.5742422483502 8840.191162109375 0.2470703125 258.6899437954687 41589
50 1582.7 1604.5446953041098 3306.3996058427674 14508.68896484375 0.2470703125 486.7264862419795 57339
60 1579.6 1999.4197985218523 4481.204497515169 20725.31591796875 0.2470703125 728.5288096548535 73166
70 1597.8 2118.2514759368796 5044.8297828767745 29442.48486328125 0.2470703125 954.1868890611519 88962
80 1623.8 2151.2124889461584 5175.043012445771 44077.614990234375 0.2470703125 1131.42553942422 104940
90 1616.1 2317.356470963795 6092.69558986343 46106.593994140625 0.2470703125 1268.0782361706363 121178
100 1557.6 2613.993333860612 6899.787325942928 50586.653076171875 0.2470703125 1391.5492498848198 137339
110 1593 2634.4388099608123 7309.380517981357 59194.4599609375 0.2470703125 1516.0680286312274 152915
120 1588.4 2541.2603998157656 6881.794459344502 59194.4599609375 0.2470703125 1621.5828294638272 168845
130 1532.1 2365.0424418262983 6198.662136222029 67234.11889648438 0.2470703125 1700.6616883732038 184729
140 1513.5 2472.560073385763 6456.692958983553 71326.64208984375 0.2470703125 1751.5438554497089 200050
150 1555.3 2559.670857750009 6615.351151245582 109644.15087890625 0.2470703125 1802.2564072468238 215185
160 1564 2428.860945195734 6445.413255851197 115575.39990234375 0.2470703125 1853.3102733142944 230738
170 1541.8 2849.314279718325 7852.961768264577 123655.11889648438 0.2470703125 1889.8460537339167 246378
180 1571.1 2600.2583041688586 7343.460414731821 139682.03515625 0.2470703125 1946.3521925145994 261796
190 1529.6 2690.491806397384 7561.064107550979 139682.03515625 0.2470703125 1983.3729484602154 277507
200 1548.5 2598.6556935454287 7238.038963608387 139682.03515625 0.2470703125 2020.3127682400911 292803
200 11.1 2670.9365388337555 9321.796838092388 139682.03515625 0.2470703125 2049.3623588772657 308288
