0 1.6 19.80078125 4.9980775624235365 27.51611328125 13.402099609375 0 0
10 93.6 20.29545267219216 7.386998943381329 49.60498046875 10.285888671875 19.80078125 16
20 148.7 886.0668930536 537.502095731653 2701.639892578125 10.285888671875 20.287138866777163 952
30 141.4 4389.599126446197 1366.979341135082 6399.759033203125 10.285888671875 548.1323600540693 2439
40 155.6 8945.616324535076 1318.4093642050552 11266.682861328125 10.285888671875 1957.8998159789248 3853
50 158 13646.520496069032 1561.7157783610285 16407.230224609375 10.285888671875 3968.0471421599887 5409
60 157.1 18412.962134426252 1341.6738838441238 24869.39306640625 10.285888671875 6156.055140325147 6989
70 162.2 20821.020820438902 3278.4886345742293 33341.68408203125 10.285888671875 8405.541225340665 8560
80 165 21650.385249319403 4729.845319258972 33950.9990234375 10.285888671875 10383.336148071892 10182
90 151.7 22965.719506562335 7613.764333204338 49237.350830078125 10.285888671875 11954.552427404076 11832
100 163.7 23373.171858892973 7808.697496928555 55253.944091796875 10.285888671875 13205.877654693244 13349
110 153.3 27267.74656674259 11100.088302078093 59629.864013671875 10.285888671875 14316.50494765167 14986
120 152.4 25922.10078762585 10843.757333553704 63803.181884765625 10.285888671875 15518.409021873258 16519
130 163 27904.375187074646 16481.021443525355 93333.9560546875 10.285888671875 16397.155696539718 18043
140 147.5 36536.1360824948 27407.09647485501 102076.57592773438 10.285888671875 17350.582615137384 19673
150 157.4 39345.67933540394 29899.56808257703 110031.6689453125 10.285888671875 18688.708743582258 21148
160 153.6 41951.95223331447 31873.48684594609 121699.65698242188 10.285888671875 20119.659879553004 22722
170 145.8 52127.5676048499 34740.231701141325 125170.90893554688 10.285888671875 21502.065727330133 24258
180 160.3 45217.71294926143 34722.493963363115 137600.3349609375 10.285888671875 23238.41592710552 25716
190 156 49618.43091774965 33602.47971536174 137600.3349609375 10.285888671875 24528.097581870185 27319
200 153.8 45689.939950295695 33824.24927514864 137600.3349609375 10.285888671875 25883.43952598085 28879
200 0 0 0 137600.3349609375 10.285888671875 26884.932035189395 30417
