10 0.1 1538.34765625 0 1538.34765625 1538.34765625 0 0
20 0.1 1538.48046875 0.0 1538.48046875 1538.34765625 1538.34765625 1
30 0.1 1539.02734375 0.0 1539.02734375 1538.34765625 1538.4140625 2
40 0.1 1531.8515625 0.0 1539.02734375 1531.8515625 1538.6184895833333 3
50 0.1 1490.56640625 0.0 1539.02734375 1490.56640625 1536.9267578125 4
60 0.1 1489.4375 0.0 1539.02734375 1489.4375 1527.6546875 5
70 0.1 1487.90625 0.0 1539.02734375 1487.90625 1521.28515625 6
90 0.1 1474.92578125 0.0 1539.02734375 1474.92578125 1516.5167410714287 7
100 0.1 1464.96875 0.0 1539.02734375 1464.96875 1511.31787109375 8
110 0.1 1456.4140625 0.0 1539.02734375 1456.4140625 1506.16796875 9
120 0.1 1445.10546875 0.0 1539.02734375 1445.10546875 1501.192578125 10
130 0.1 1436.99609375 0.0 1539.02734375 1436.99609375 1496.09375 11
140 0.1 1430.5078125 0.0 1539.02734375 1430.5078125 1491.1689453125 12
160 0.1 1428.75 0.0 1539.02734375 1428.75 1486.502704326923 13
170 0.1 1428.25390625 0.0 1539.02734375 1428.25390625 1482.3775111607142 14
180 0.1 1427.484375 0.0 1539.02734375 1427.484375 1478.7692708333334 15
190 0.1 1430.5 0.0 1539.02734375 1427.484375 1475.56396484375 16
200 0.1 1437.15234375 0.0 1539.02734375 1427.484375 1472.913143382353 17
