10 0.1 2.328125 0 2.328125 2.328125 0 0
20 0.1 2.5390625 0.0 2.5390625 2.328125 2.328125 1
30 0.1 2.4609375 0.0 2.5390625 2.328125 2.43359375 2
40 0.1 2.76171875 0.0 2.76171875 2.328125 2.4427083333333335 3
50 0.1 2.8984375 0.0 2.8984375 2.328125 2.5224609375 4
60 0.1 3.4296875 0.0 3.4296875 2.328125 2.59765625 5
70 0.1 3.359375 0.0 3.4296875 2.328125 2.736328125 6
90 0.1 3.05859375 0.0 3.4296875 2.328125 2.8253348214285716 7
100 0.1 3.05859375 0.0 3.4296875 2.328125 2.8544921875 8
110 0.1 3.19921875 0.0 3.4296875 2.328125 2.877170138888889 9
120 0.1 3.1484375 0.0 3.4296875 2.328125 2.909375 10
130 0.1 3.12890625 0.0 3.4296875 2.328125 2.9311079545454546 11
140 0.1 3.48046875 0.0 3.48046875 2.328125 2.9475911458333335 12
160 0.1 3.1484375 0.0 3.48046875 2.328125 2.988581730769231 13
170 0.1 3.28125 0.0 3.48046875 2.328125 3.0 14
180 0.1 3.3203125 0.0 3.48046875 2.328125 3.01875 15
190 0.1 2.9609375 0.0 3.48046875 2.328125 3.03759765625 16
200 0.1 3.58984375 0.0 3.58984375 2.328125 3.0330882352941178 17
