20 0.1 3572 0 3572 3572 0 0
30 0.1 6272.0 0.0 6272 3572 3572.0 1
40 0.1 9262.0 0.0 9262 3572 4922.0 2
50 0.1 12817.0 0.0 12817 3572 6368.666666666667 3
60 0.1 12784.0 0.0 12817 3572 7980.75 4
70 0.1 11912.0 0.0 12817 3572 8941.4 5
90 0.1 12440.0 0.0 12817 3572 9436.5 6
100 0.1 14249.0 0.0 14249 3572 9865.57142857143 7
110 0.1 13269.0 0.0 14249 3572 10413.5 8
120 0.1 15070.0 0.0 15070 3572 10730.777777777777 9
130 0.1 17874.0 0.0 17874 3572 11164.7 10
140 0.1 12259.0 0.0 17874 3572 11774.636363636364 11
160 0.1 14921.0 0.0 17874 3572 11815.0 12
170 0.1 15342.0 0.0 17874 3572 12053.923076923076 13
180 0.1 14422.0 0.0 17874 3572 12288.785714285714 14
190 0.1 14945.0 0.0 17874 3572 12431.0 15
200 0.1 16259.0 0.0 17874 3572 12588.125 16
