0 1.2 26.18597412109375 5.394742729176874 37.3720703125 20.9609375 0 0
10 94.8 27.213535228359042 77.14854360995051 2348.376953125 16.012939453125 26.18597412109375 12
20 191.9 47.09387353337522 89.29756094355903 2348.376953125 14.876953125 27.200690714518224 960
30 242.3 1226.3815669092419 611.6255317939618 3245.195068359375 14.876953125 40.46050934230099 2879
40 195.9 3871.83644621977 1312.6764007901634 7916.337890625 14.876953125 582.423301210407 5302
50 200.8 8504.36711868348 2226.2495599090053 15992.5830078125 14.876953125 1469.8989038923162 7261
60 339.4 12213.465209601272 3635.9935304138594 26306.481201171875 14.876953125 2993.818655246363 9269
70 332.8 11725.060522446262 5214.709375426531 33868.5849609375 14.876953125 5464.9140043327225 12663
80 343 12870.413699278517 5165.407094862455 41113.5830078125 14.876953125 6767.757329470729 15991
90 374.6 12089.081769838325 5528.213713442034 48122.575927734375 14.876953125 7845.565441743048 19421
100 310.1 12379.71804725921 5316.4553896309935 55572.041015625 14.876953125 8531.72300055709 23167
110 373.2 13157.975720895196 5284.282938335705 66477.69506835938 14.876953125 8985.98798608409 26268
120 352.1 13131.696607533939 6024.894413368866 77459.13891601563 14.876953125 9504.983260294592 30000
130 338.4 13612.302662518003 5795.313050048333 77459.13891601563 14.876953125 9885.928270754595 33521
140 334.2 14574.992978875038 5625.299808465024 77459.13891601563 14.876953125 10227.617769243347 36905
150 311.2 15890.668709723073 6471.6193711132055 77459.13891601563 14.876953125 10588.611829684849 40247
160 389.5 15195.498630117234 6291.364439312917 77459.13891601563 14.876953125 10969.15568472484 43359
170 328.2 15111.510657311066 6492.880330092379 77459.13891601563 14.876953125 11317.51996652751 47254
180 351 14368.009433426814 6610.8433792023625 86923.39306640625 14.876953125 11563.916148400862 50536
190 301.6 15171.56156488312 7115.516816905666 89748.67919921875 14.876953125 11746.027080392889 54046
200 324.7 16767.001998088443 6814.627030213479 89748.67919921875 14.876953125 11927.08298458872 57062
