10 490.22421875 490.22421875
20 1463.97890625 1954.203125
30 2294.56171875 4248.76484375
40 2412.26015625 6661.025
50 2332.86484375 8993.88984375
60 2317.7109375 11311.60078125
70 2361.87109375 13673.471875
80 2382.88203125 16056.35390625
90 2343.27734375 18399.63125
100 2311.203125 20710.834375
110 2394.875 23105.709375
120 2352.48125 25458.190625
130 2352.94609375 27811.13671875
140 2365.86875 30177.00546875
150 2353.50390625 32530.509375
160 2330.7265625 34861.2359375
170 2401.10390625 37262.33984375
180 2333.515625 39595.85546875
190 2353.225 41949.08046875
200 2294.93359375 44244.0140625
