0 0.1 0.782958984375 0.0 0.782958984375 0.782958984375 0 0
10 894.2 0.9522699617587648 0.26980476942744736 5.448974609375 0.35009765625 0.782958984375 1
20 1843.3 2.141537153241639 32.01804519388721 1000.97314453125 0.2490234375 0.9522510295237896 8943
30 2350 44.80208261303207 159.6489196188931 1605.638916015625 0.2490234375 1.7530294894336054 27376
40 1861.8 194.8426608742205 306.288606454926 3166.758056640625 0.2490234375 21.637704943568444 50876
50 1013.2 542.7212705134036 1176.9295709808537 8499.18603515625 0.2490234375 68.0407018859934 69494
60 850.9 986.4858739872853 2745.3298222953995 16599.2021484375 0.2490234375 128.44136902151345 79626
70 392.7 1835.3622691264022 4219.466351549296 16599.2021484375 0.2490234375 211.28133830447427 88135
80 836 3560.5275705437953 7597.189378857584 32312.06201171875 0.2490234375 280.5581931994115 92062
90 419.6 2163.8846853308964 4534.595419661817 32630.6259765625 0.2490234375 553.6113488286466 100422
100 474.1 3441.4251232907573 6700.110588361365 32630.6259765625 0.2490234375 618.1959033026704 104618
110 581.6 3616.816741103806 7587.108830475513 32736.983154296875 0.2490234375 740.5903082621481 109359
120 781.5 3930.1407479606587 8568.092935833765 32736.983154296875 0.2490234375 885.831314846972 115175
130 479.1 5431.250364605753 8560.930055799083 32736.983154296875 0.2490234375 1079.2720679145666 122990
140 736.7 4172.293818088957 7275.6555207300635 32736.983154296875 0.2490234375 1242.4444332853766 127781
150 514.8 5135.557011625806 8230.671782430627 32736.983154296875 0.2490234375 1402.1523121873802 135148
160 601.7 4856.9942513545775 8723.91868002896 32736.983154296875 0.2490234375 1539.1452941163661 140296
170 313 4222.736418995248 6515.488376118732 32736.983154296875 0.2490234375 1675.5890631300717 146313
180 660.5 5259.609732284366 8324.822009014915 32736.983154296875 0.2490234375 1728.9376390008586 149443
190 20.2 4727.8034776744225 6762.912694749859 32736.983154296875 0.2490234375 1878.379408047162 156048
200 342.4 7017.758467558384 9639.384307335475 32736.983154296875 0.2490234375 1882.063143484376 156250
