10 89.4 26.243933351247893 30.92924823481022 403.8349609375 16.7861328125 0 0
20 184 60.70492633322011 125.68041626613288 1247.197021484375 15.914794921875 26.243933351247893 894
30 196.1 1021.5543400260163 1043.8456367172146 5869.18896484375 15.914794921875 49.43640851102437 2734
40 127.6 3571.049920826495 1492.5961241417442 10572.89990234375 15.914794921875 455.469052536775 4695
50 39.5 11179.629678846903 2623.4519094399107 22256.028076171875 15.914794921875 1121.2672752695973 5971
60 25.4 20504.759642593497 2471.9010228725774 30246.127197265625 15.914794921875 1745.3723882782426 6366
70 10.4 33524.672546386726 2359.9239507783855 38707.06982421875 15.914794921875 2465.1434400299154 6620
80 18.7 39691.42224186373 4284.539556894965 47835.720947265625 15.914794921875 2945.5406778438814 6724
90 14.6 47791.408311817744 4025.8786404957796 57211.57080078125 15.914794921875 3939.822236586713 6911
100 8.4 58345.400108700705 4598.108396239935 67204.51611328125 15.914794921875 4847.053576672263 7057
110 8.7 65537.7550399605 6061.003003325603 76912.537109375 15.914794921875 5476.357750974236 7141
120 13.2 72497.48318758872 7342.519198243372 86121.86279296875 15.914794921875 6199.288238542278 7228
130 8.4 82408.13057745072 7896.186466485738 96833.61206054688 15.914794921875 7388.33195230235 7360
140 8.5 92022.20342945769 10164.268932001612 106096.40502929688 15.914794921875 8234.874548287367 7444
150 7 104080.02474190848 11016.835885876986 116945.96899414063 15.914794921875 9180.806671397937 7529
160 7.5 110695.04740885418 12506.40565704241 126684.59497070313 15.914794921875 10054.993441359213 7599
170 7.9 118896.01759357694 17214.26072524232 138117.93603515625 15.914794921875 11038.57489139337 7674
180 7.9 126124.98030495945 15863.30975220062 143649.85595703125 15.914794921875 12137.599523596711 7753
190 4.6 136791.37133258325 19486.94630884811 154528.69897460938 15.914794921875 13287.370090722305 7832
200 3.7 143033.2061734586 19005.805694285373 166913.55102539063 15.914794921875 14008.515566366581 7878
