20 0.1 4950 0 4950 4950 0 0
30 0.1 9016.0 0.0 9016 4950 4950.0 1
40 0.1 12337.0 0.0 12337 4950 6983.0 2
50 0.1 14196.0 0.0 14196 4950 8767.666666666666 3
60 0.1 8836.0 0.0 14196 4950 10124.75 4
70 0.1 12782.0 0.0 14196 4950 9867.0 5
80 0.1 12913.0 0.0 14196 4950 10352.833333333334 6
90 0.1 12455.0 0.0 14196 4950 10718.57142857143 7
100 0.1 14454.0 0.0 14454 4950 10935.625 8
110 0.1 13472.0 0.0 14454 4950 11326.555555555555 9
120 0.1 13828.0 0.0 14454 4950 11541.1 10
130 0.1 12952.0 0.0 14454 4950 11749.0 11
140 0.1 15657.0 0.0 15657 4950 11849.25 12
150 0.1 15562.0 0.0 15657 4950 12142.153846153846 13
160 0.1 17006.0 0.0 17006 4950 12386.42857142857 14
170 0.1 17540.0 0.0 17540 4950 12694.4 15
180 0.1 17969.0 0.0 17969 4950 12997.25 16
190 0.1 17189.0 0.0 17969 4950 13289.70588235294 17
200 0.1 15660.0 0.0 17969 4950 13506.333333333334 18
