0 0.1 4.1259765625 0.0 4.1259765625 4.1259765625 0 0
10 894.2 2.4918953066463008 9.768485814906619 380.719970703125 1.163818359375 4.1259765625 1
20 1842.8 5.984968035966821 39.47300198332954 1002.10693359375 1.094970703125 2.492078028468492 8943
30 2316.2 131.08636184216687 297.45986512265216 3371.615966796875 1.094970703125 4.843726746388158 27371
40 1681 554.0839351983093 743.8134403484385 5972.35791015625 1.094970703125 62.707536812848225 50533
50 917.2 2716.7425126659223 2145.5745325849716 13405.02099609375 1.094970703125 185.3637483991987 67343
60 714.5 4261.780926791317 3150.1666576951434 21278.666015625 1.094970703125 488.8049824821156 76515
70 323.1 12178.516544059865 7226.14177248057 31699.323974609375 1.094970703125 811.0367912567897 83660
80 722.2 7977.429419290135 8305.74160473632 42558.5478515625 1.094970703125 1233.7310528179034 86891
90 559.3 12454.536536803444 10998.444778131625 49885.364013671875 1.094970703125 1751.2258686527236 94113
100 413.3 14579.051308518168 10140.252596799164 59748.737060546875 1.094970703125 2351.6272142785338 99706
110 555.9 11856.739870338051 12679.50090214247 68521.46215820313 1.094970703125 2838.303162443408 103839
120 686.5 12056.797854123017 13741.395504215652 80101.29321289063 1.094970703125 3296.570129473759 109398
130 496.6 18069.59647320534 13270.237375140945 89021.27587890625 1.094970703125 3813.8367003494213 116263
140 618.3 15184.428824538116 13326.983699565955 94952.99780273438 1.094970703125 4397.80673253646 121229
150 491.9 18094.15117858533 13198.736346042864 102084.52001953125 1.094970703125 4921.2557357296155 127412
160 571.8 18025.612056021033 15372.928713084573 111737.59594726563 1.094970703125 5410.917815540145 132331
170 515.7 19735.983011372555 16982.64768339421 122590.94799804688 1.094970703125 5933.419403143602 138049
180 503.2 20344.021494224035 20383.125643770203 133360.85693359375 1.094970703125 6430.464363044979 143206
190 320.1 26866.759975062763 15117.914314171574 133360.85693359375 1.094970703125 6902.765793744887 148238
200 266.2 34460.44347410827 13729.757199637954 133360.85693359375 1.094970703125 7324.749202076946 151439
