10 927.2 0.9255284201594856 0.25422982748544426 5.81396484375 0.383056640625 0 0
20 1824.5 1.1811656313159349 7.402765129811595 998.203125 0.383056640625 0.9255284201594856 9272
30 2326.1 29.090758986087888 128.04933690609292 1487.777099609375 0.383056640625 1.095027308757422 27517
40 1086.6 111.1911164313067 209.87207750588743 1621.43798828125 0.383056640625 13.919650463398881 50778
50 1.6 3067.3261108398438 2886.768831097617 7015.208984375 0.383056640625 31.065710894378153 61644
60 1.8 4062.1224500868047 4621.905767722532 15032.073974609375 0.383056640625 31.853582551840486 61660
70 325.3 4779.820582983496 9008.82504731065 31192.351806640625 0.383056640625 33.02976919238702 61678
80 1.7 2179.4562844669117 2434.7071854594333 31192.351806640625 0.383056640625 270.8408381311447 64931
90 1.8 5175.700697157118 9388.735670975002 31192.351806640625 0.383056640625 271.3404141394546 64948
100 549.6 5470.667576197102 10282.775204239784 31192.351806640625 0.383056640625 272.699255457903 64966
110 791.9 4062.197068098928 8489.9167550041 32560.304931640625 0.383056640625 678.1381287624165 70462
120 283.1 3328.6932543367498 6845.6725830265605 32560.304931640625 0.383056640625 1020.0368381512458 78381
130 875.3 2826.8752603738917 5708.887781456066 32560.304931640625 0.383056640625 1100.515170346256 81212
140 709 4302.317964893339 7094.321845705123 32560.304931640625 0.383056640625 1268.4785991020153 89965
150 669.9 6719.604652251029 9685.965563897538 32705.31005859375 0.383056640625 1490.1046987718983 97055
160 643.6 5042.195585204631 7770.2695318395945 32705.31005859375 0.383056640625 1827.7535623179465 103754
170 904.7 5168.173784542916 8550.235081547455 32705.31005859375 0.383056640625 2015.5033477730576 110190
180 584.1 5539.895619496066 9121.529095609905 32705.31005859375 0.383056640625 2254.709378128207 119237
190 449.7 4260.65847430187 8396.76809329057 32705.31005859375 0.383056640625 2408.1238301967533 125078
200 518.8 4790.196601861786 8398.124111804178 32705.31005859375 0.383056640625 2472.4174693597142 129575
