10 0.1 2197.7265625 0 2197.7265625 2197.7265625 0 0
20 0.1 2197.98046875 0.0 2197.98046875 2197.7265625 2197.7265625 1
30 0.1 2197.28125 0.0 2197.98046875 2197.28125 2197.853515625 2
40 0.1 2192.6328125 0.0 2197.98046875 2192.6328125 2197.6627604166665 3
50 0.1 2191.69921875 0.0 2197.98046875 2191.69921875 2196.4052734375 4
60 0.1 2191.8828125 0.0 2197.98046875 2191.69921875 2195.4640625 5
70 0.1 2192.140625 0.0 2197.98046875 2191.69921875 2194.8671875 6
80 0.1 2190.265625 0.0 2197.98046875 2190.265625 2194.4776785714284 7
90 0.1 2190.06640625 0.0 2197.98046875 2190.06640625 2193.951171875 8
100 0.1 2190.14453125 0.0 2197.98046875 2190.06640625 2193.51953125 9
110 0.1 2190.015625 0.0 2197.98046875 2190.015625 2193.18203125 10
120 0.1 2187.89453125 0.0 2197.98046875 2187.89453125 2192.8941761363635 11
130 0.1 2187.72265625 0.0 2197.98046875 2187.72265625 2192.4775390625 12
140 0.1 2185.13671875 0.0 2197.98046875 2185.13671875 2192.111778846154 13
150 0.1 2185.12890625 0.0 2197.98046875 2185.12890625 2191.6135602678573 14
160 0.1 2180.41015625 0.0 2197.98046875 2180.41015625 2191.18125 15
170 0.1 2181.046875 0.0 2197.98046875 2180.41015625 2190.508056640625 16
180 0.1 2181.4375 0.0 2197.98046875 2180.41015625 2189.9515165441176 17
190 0.1 2181.58203125 0.0 2197.98046875 2180.41015625 2189.478515625 18
200 0.1 2179.609375 0.0 2197.98046875 2179.609375 2189.0629111842104 19
