20 0.1 5062 0 5062 5062 0 0
30 0.1 8861.0 0.0 8861 5062 5062.0 1
40 0.1 12406.0 0.0 12406 5062 6961.5 2
50 0.1 11151.0 0.0 12406 5062 8776.333333333334 3
60 0.1 10292.0 0.0 12406 5062 9370.0 4
70 0.1 8411.0 0.0 12406 5062 9554.4 5
80 0.1 13188.0 0.0 13188 5062 9363.833333333334 6
90 0.1 9545.0 0.0 13188 5062 9910.142857142857 7
100 0.1 13338.0 0.0 13338 5062 9864.5 8
110 0.1 13646.0 0.0 13646 5062 10250.444444444445 9
120 0.1 15198.0 0.0 15198 5062 10590.0 10
130 0.1 15861.0 0.0 15861 5062 11008.90909090909 11
140 0.1 17104.0 0.0 17104 5062 11413.25 12
150 0.1 17032.0 0.0 17104 5062 11851.0 13
160 0.1 15156.0 0.0 17104 5062 12221.07142857143 14
170 0.1 17592.0 0.0 17592 5062 12416.733333333334 15
180 0.1 17416.0 0.0 17592 5062 12740.1875 16
190 0.1 18320.0 0.0 18320 5062 13015.235294117647 17
200 0.1 20738.0 0.0 20738 5062 13309.944444444445 18
