10 927.2 2.253898429706033 5.503601585619361 218.85302734375 1.173095703125 0 0
20 1824.2 2.9245336194033835 9.564910896628243 1000.034912109375 1.1181640625 2.253898429706033 9272
30 2249.8 84.34556956278047 150.36800712425094 3932.095947265625 1.1181640625 2.6985348740783186 27514
40 932.8 1119.5289266334387 1295.2547884169255 5051.3720703125 1.1181640625 39.42761962226717 50012
50 0 0 0 5051.3720703125 1.1181640625 209.21503101087873 59340
60 0 0 0 5051.3720703125 1.1181640625 209.21503101087873 59340
70 254.6 25700.73016985511 9991.551936401649 33074.72998046875 1.1181640625 209.21503101087873 59340
80 0 0 0 33074.72998046875 1.1181640625 1257.9400664550406 61886
90 0.1 51992.39599609375 0.0 51992.39599609375 1.1181640625 1257.9400664550406 61886
100 371.3 21825.07679363467 17289.984373027844 64127.05615234375 1.1181640625 1258.7598582680166 61887
110 637 10566.62830241398 12167.270440641474 72875.423828125 1.1181640625 2422.8259372469247 65600
120 352.2 15494.914070956891 18272.245222461785 84100.10620117188 1.1181640625 3143.6265634260844 71970
130 717.9 12376.525469692704 13365.012912397162 91950.90112304688 1.1181640625 3719.8629143178814 75492
140 707.9 12295.27128172346 13711.294366512002 103685.38500976563 1.1181640625 4471.591821492535 82671
150 632.9 17471.65223068692 16020.445860469465 113426.0439453125 1.1181640625 5088.681814795875 89750
160 691.9 19033.70027858634 16255.698171144335 124031.34301757813 1.1181640625 5904.383682656431 96079
170 882.8 14640.709808916536 14098.175547686886 128743.36206054688 1.1181640625 6786.35946400402 102998
180 593.5 15368.26794793531 13365.646987956325 132193.06005859375 1.1181640625 7406.4138775115025 111826
190 497.2 18680.279151087907 15617.95028960002 141724.3701171875 1.1181640625 7807.680883633779 117761
200 477.6 20215.497779424462 15578.469418802852 154381.376953125 1.1181640625 8248.137473025237 122733
