20 0.1 3467 0 3467 3467 0 0
30 0.1 5888.0 0.0 5888 3467 3467.0 1
40 0.1 8367.0 0.0 8367 3467 4677.5 2
50 0.1 7742.0 0.0 8367 3467 5907.333333333333 3
60 0.1 7356.0 0.0 8367 3467 6366.0 4
70 0.1 6223.0 0.0 8367 3467 6564.0 5
80 0.1 9286.0 0.0 9286 3467 6507.166666666667 6
90 0.1 7092.0 0.0 9286 3467 6904.142857142857 7
100 0.1 9669.0 0.0 9669 3467 6927.625 8
110 0.1 10114.0 0.0 10114 3467 7232.222222222223 9
120 0.1 11471.0 0.0 11471 3467 7520.4 10
130 0.1 11755.0 0.0 11755 3467 7879.545454545455 11
140 0.1 12863.0 0.0 12863 3467 8202.5 12
150 0.1 12548.0 0.0 12863 3467 8561.0 13
160 0.1 11804.0 0.0 12863 3467 8845.785714285714 14
170 0.1 13076.0 0.0 13076 3467 9043.0 15
180 0.1 13186.0 0.0 13186 3467 9295.0625 16
190 0.1 13344.0 0.0 13344 3467 9523.941176470587 17
200 0.1 15191.0 0.0 15191 3467 9736.166666666666 18
