10 960.46875 960.46875
20 1894.53671875 2855.00546875
30 2410.84296875 5265.8484375
40 1124.165625 6390.0140625
50 1.65 6391.6640625
60 1.8546875 6393.51875
70 337.29921875 6730.81796875
80 1.75859375 6732.5765625
90 1.8609375 6734.4375
100 569.83125 7304.26875
110 821.37265625 8125.64140625
120 293.52265625 8419.1640625
130 907.68359375 9326.84765625
140 735.3609375 10062.20859375
150 694.61953125 10756.828125
160 666.890625 11423.71875
170 938.51015625 12362.22890625
180 605.62109375 12967.85
190 466.43984375 13434.28984375
200 537.990625 13972.28046875
