0 0.1 44.627092550058535 0 44.627092550058535 44.627092550058535 0 0
10 0.1 2.593805086879879 0.0 44.627092550058535 2.593805086879879 44.627092550058535 1
20 0.1 22.629202207727044 0.0 44.627092550058535 2.593805086879879 23.61044881846921 2
30 0.1 45.16529952771563 0.0 45.16529952771563 2.593805086879879 23.28336661488849 3
40 0.1 68.2861328125 0.0 68.2861328125 2.593805086879879 28.753849843095274 4
50 0.1 78.4392789373814 0.0 78.4392789373814 2.593805086879879 36.66030643697622 5
60 0.1 79.7153024911032 0.0 79.7153024911032 2.593805086879879 43.62346852037708 6
70 0.1 71.80296044649357 0.0 79.7153024911032 2.593805086879879 48.779444801909385 7
80 0.1 78.75906930197648 0.0 79.7153024911032 2.593805086879879 51.657384257482406 8
90 0.1 76.27372627372627 0.0 79.7153024911032 2.593805086879879 54.66868259575952 9
100 0.1 77.4994254194438 0.0 79.7153024911032 2.593805086879879 56.8291869635562 10
110 0.1 78.87075430083812 0.0 79.7153024911032 2.593805086879879 58.708299550455074 11
120 0.1 65.84279670452015 0.0 79.7153024911032 2.593805086879879 60.38850411298699 12
140 0.1 77.73305084745763 0.0 79.7153024911032 2.593805086879879 60.80806508156647 13
150 0.1 73.26779026217228 0.0 79.7153024911032 2.593805086879879 62.01699263627298 14
160 0.1 78.13906953476739 0.0 79.7153024911032 2.593805086879879 62.76704581133294 15
170 0.1 77.64960346070656 0.0 79.7153024911032 2.593805086879879 63.72779729404759 16
180 0.1 75.70766855378281 0.0 79.7153024911032 2.593805086879879 64.54672706855695 17
190 0.1 77.08798570790532 0.0 79.7153024911032 2.593805086879879 65.16677937329172 18
200 0.1 75.23760595941434 0.0 79.7153024911032 2.593805086879879 65.7942112856398 19
