10 0.1 335 0 335 335 0 0
20 0.1 2465.0 0.0 2465 335 335.0 1
30 0.1 4907.0 0.0 4907 335 1.4e3 2
40 0.1 7901.0 0.0 7901 335 2569.0 3
50 0.1 9508.0 0.0 9508 335 3902.0 4
60 0.1 10972.0 0.0 10972 335 5023.2 5
70 0.1 8886.0 0.0 10972 335 6014.666666666667 6
80 0.1 10250.0 0.0 10972 335 6424.857142857143 7
90 0.1 9216.0 0.0 10972 335 6903.0 8
100 0.1 12447.0 0.0 12447 335 7160.0 9
110 0.1 11559.0 0.0 12447 335 7688.7 10
120 0.1 12326.0 0.0 12447 335 8040.545454545455 11
140 0.1 13652.0 0.0 13652 335 8397.666666666666 12
150 0.1 14260.0 0.0 14260 335 8801.846153846154 13
160 0.1 13843.0 0.0 14260 335 9191.714285714286 14
170 0.1 1.25e4 0.0 14260 335 9501.8 15
180 0.1 16435.0 0.0 16435 335 9689.1875 16
190 0.1 16151.0 0.0 16435 335 10086.0 17
200 0.1 13475.0 0.0 16435 335 10422.944444444445 18
