10 57.3 27.03064582651614 5.299494213406906 64.29296875 18.611083984375 0 0
20 146.9 38.75884806176608 64.43228107466287 1474.717041015625 18.611083984375 27.03064582651614 573
30 219.7 295.1448528444328 428.8674756155566 3876.210205078125 18.611083984375 35.467829510934436 2042
40 234.4 1548.8133301197884 1084.694490569665 11335.939208984375 18.611083984375 170.05391591425973 4239
50 192.2 4947.1645521785185 3079.007624779459 15936.89306640625 18.611083984375 660.9869353427512 6583
60 210.6 9335.941636363546 3968.661117693903 24396.86376953125 18.611083984375 1629.5975619810047 8505
70 257.4 12492.336257899024 6508.939301236011 34555.093017578125 18.611083984375 3159.100966056929 10611
80 233.8 13650.686561029719 8766.878080635803 41656.657958984375 18.611083984375 4981.152360914839 13185
90 270.6 16153.5527832753 10744.437144764916 52017.553955078125 18.611083984375 6286.916128219393 15523
100 245.2 18148.9577358924 12208.309276522705 60972.137939453125 18.611083984375 7751.5668928571295 18229
110 247.2 18825.60365863294 12236.839379580775 65699.44409179688 18.611083984375 8984.312038020444 20681
120 236.4 20768.951291260146 13746.853205611365 83114.50512695313 18.611083984375 10035.047272597132 23153
130 231.4 21364.230686092113 15687.17347434083 83114.50512695313 18.611083984375 11029.480360347236 25517
140 236.8 24210.100225809434 16987.26513138908 96697.51782226563 18.611083984375 11888.760021652026 27831
150 230.6 25899.66359761646 17331.918378406837 102191.18798828125 18.611083984375 12854.915642813148 30199
160 252.8 25256.922022952327 19241.96075823687 108180.09887695313 18.611083984375 13780.348308057772 32505
170 219.9 28300.335749537277 20593.716755466772 117476.84301757813 18.611083984375 14608.503999869876 35033
180 211.7 30067.56470441571 21874.36000840989 129530.55419921875 18.611083984375 15417.172296429788 37232
190 269.7 29636.48061612148 21982.45777812895 129530.55419921875 18.611083984375 16205.372269178933 39349
200 240.9 35396.78012557472 24607.066546917704 141852.7060546875 18.611083984375 17066.897722532503 42046
