10 58.5 1.1013897235576933 0.25479326475232084 3.041015625 0.571044921875 0 0
20 156 0.9755166078225156 0.23367628944421623 3.041015625 0.464111328125 1.1013897235576933 585
30 243.9 0.905241305831027 0.21464896462220434 4.878173828125 0.464111328125 1.009845639386655 2145
40 337.9 0.8896083374565328 0.21944411510599388 4.878173828125 0.4619140625 0.9541890142683791 4584
50 433.9 0.8813380909339706 0.2270102405152602 5.60498046875 0.4619140625 0.9267850073680616 7963
60 265.2 0.9082549542503296 0.5729893418242493 12.69091796875 0.449951171875 0.9107555674064683 12302
70 330.1 0.9086903708156616 0.4849573564368193 12.69091796875 0.449951171875 0.9103120990307775 14954
80 375.4 1.1738363844191235 16.29580203139117 999.197021484375 0.449951171875 0.910018846506094 18255
90 253.6 1.4117941871426478 19.80526872705642 999.197021484375 0.41015625 0.9550173033794419 22009
100 375.5 0.8962356831516314 0.4659645819780772 999.197021484375 0.41015625 1.0022116882734524 24545
110 301.9 68.70086481903678 251.15423353171283 1005.323974609375 0.41015625 0.9881502077352037 28300
120 352.3 75.30819188469074 386.0190890120831 3008.447021484375 0.41015625 7.515328132046946 31319
130 222.1 892.680684068621 1433.4952981392623 7017.7119140625 0.39404296875 14.370108540765278 34842
140 337.3 3570.255704624735 4953.3042828610705 15052.7470703125 0.39404296875 67.00286326238434 37063
150 216.6 2664.2249596931256 3385.173316477876 15052.7470703125 0.39404296875 359.22938996916065 40436
160 262.9 3563.277799900155 4958.123895530183 15052.7470703125 0.39404296875 476.4215500560605 42602
170 274.6 3662.4794563576843 5220.2262201326 31085.090087890625 0.369140625 655.8415292924277 45231
180 207.3 3632.559871925686 6193.31228699889 31085.090087890625 0.369140625 827.9287324881506 47977
190 290.5 7736.335110867571 11104.426910403145 31104.5478515625 0.369140625 944.0925756860329 50050
200 230.2 5721.424102491546 8634.778205361088 31104.5478515625 0.369140625 1316.7007253357801 52955
