10 0.1 2899.015625 0 2899.015625 2899.015625 0 0
20 0.1 2899.32421875 0.0 2899.32421875 2899.015625 2899.015625 1
30 0.1 2899.33984375 0.0 2899.33984375 2899.015625 2899.169921875 2
40 0.1 2898.60546875 0.0 2899.33984375 2898.60546875 2899.2265625 3
50 0.1 2889.1796875 0.0 2899.33984375 2889.1796875 2899.0712890625 4
60 0.1 2864.515625 0.0 2899.33984375 2864.515625 2897.09296875 5
70 0.1 2857.96875 0.0 2899.33984375 2857.96875 2891.6634114583335 6
80 0.1 2855.30078125 0.0 2899.33984375 2855.30078125 2886.8498883928573 7
90 0.1 2836.359375 0.0 2899.33984375 2836.359375 2882.90625 8
100 0.1 2838.0859375 0.0 2899.33984375 2836.359375 2877.734375 9
110 0.1 2831.51953125 0.0 2899.33984375 2831.51953125 2873.76953125 10
120 0.1 2829.67578125 0.0 2899.33984375 2829.67578125 2869.928622159091 11
130 0.1 2826.82421875 0.0 2899.33984375 2826.82421875 2866.57421875 12
140 0.1 2827.09375 0.0 2899.33984375 2826.82421875 2863.5165264423076 13
150 0.1 2826.2890625 0.0 2899.33984375 2826.2890625 2860.9148995535716 14
160 0.1 2827.8515625 0.0 2899.33984375 2826.2890625 2858.606510416667 15
170 0.1 2826.15625 0.0 2899.33984375 2826.15625 2856.684326171875 16
180 0.1 2828.5 0.0 2899.33984375 2826.15625 2854.888556985294 17
190 0.1 2825.71875 0.0 2899.33984375 2825.71875 2853.4225260416665 18
200 0.1 2827.0078125 0.0 2899.33984375 2825.71875 2851.9644325657896 19
