10 605.8984375 605.8984375
20 1618.23828125 2224.13671875
30 2473.29765625 4697.434375
40 2917.58125 7615.015625
50 2933.73359375 10548.74921875
60 3047.73984375 13596.4890625
70 2779.6390625 16376.128125
80 2998.92734375 19375.05546875
90 2890.578125 22265.63359375
100 2924.31953125 25189.953125
110 2814.55 28004.503125
120 2858.7390625 30863.2421875
130 2857.10078125 33720.34296875
140 2635.56015625 36355.903125
150 2742.07890625 39097.98203125
160 2727.32109375 41825.303125
170 2758.09765625 44583.40078125
180 2605.65 47189.05078125
190 2733.83203125 49922.8828125
200 2638.675 52561.5578125
