10 57.9 12.654309524773321 2.3871150319900876 25.656005859375 9.410888671875 0 0
20 156.9 13.314599391531232 7.192682258421962 266.0 8.765869140625 12.654309524773321 579
30 242.8 18.594873268089717 37.34806970228061 1025.6689453125 8.765869140625 13.136616229123025 2148
40 333.5 28.625688278907457 75.83381227968512 1648.948974609375 8.765869140625 16.03273687829504 4576
50 437.2 54.434390110808174 115.23893158665258 1648.948974609375 8.765869140625 21.341483297337188 7911
60 503.9 129.31571656121326 226.472176575147 3022.93505859375 8.765869140625 33.120542858396796 12283
70 543.2 485.4274860095553 493.3052767602544 3825.294921875 8.765869140625 61.10388659979457 17322
80 456.8 2304.9872580827214 1539.6705136279675 11480.97412109375 8.765869140625 162.40149545950365 22754
90 537 5139.810572834847 2745.497147794997 22116.97509765625 8.765869140625 520.623139689899 27322
100 544.6 6231.714812503939 4064.3112880215654 30334.906005859375 8.765869140625 1279.3725742912804 32692
110 519.9 5385.622858287042 4719.048339013834 35760.779052734375 8.765869140625 1986.5532295250669 38138
120 576.8 6202.342795997652 4622.538885897712 45135.84814453125 8.765869140625 2394.328640834883 43337
130 511.3 6062.866650276018 5441.550597955324 57760.507080078125 8.765869140625 2841.6278088825125 49105
140 539.4 6020.0613766091465 5970.565565242529 62274.080810546875 8.765869140625 3145.40504515174 54218
150 564.5 6235.372397015472 5592.431050462556 67071.71215820313 8.765869140625 3405.518717766 59612
160 633.8 6616.442302883223 5965.1461958976315 75185.10009765625 8.765869140625 3650.312747821983 65257
170 479.5 5663.241470047322 6751.432168474963 76915.88916015625 8.765869140625 3912.8915468998257 71595
180 526.9 5947.537440533284 7325.192990467523 78605.51586914063 8.765869140625 4022.7610047017924 76390
190 553.4 6248.357335715511 7531.571260925439 107601.99609375 8.765869140625 4146.956096980612 81659
200 554.2 6182.52809035689 6862.355786401845 111961.52197265625 8.765869140625 4280.328666512099 87193
