10 59.4 14.921880343144991 2.757094413229325 29.2978515625 10.73291015625 0 0
20 158 15.291782041139241 7.2184184221797745 267.77001953125 10.4208984375 14.921880343144991 594
30 243.3 20.52543628220693 37.450249310834444 1027.39697265625 10.4208984375 15.190714143895182 2174
40 337.3 30.502757782968608 75.65691801386313 1650.7890625 10.4208984375 18.00803104480955 4607
50 437.7 57.66284469733475 119.09263888696589 1650.7890625 10.4208984375 23.28932343676575 7980
60 512.7 132.88004809670304 227.46737598152055 3024.1669921875 10.4208984375 35.46484359194181 12357
70 541.3 514.2535387085344 518.1353728665764 4086.609130859375 10.4208984375 64.03083269603188 17484
80 454.1 2376.526941006679 1557.6852634644338 11483.541015625 10.4208984375 170.46641411043885 22897
90 536.8 5208.383866152365 2797.4130749109013 22118.364990234375 10.4208984375 535.5703157299383 27438
100 560 6238.426508440288 4117.014511188804 30337.385009765625 10.4208984375 1300.1762761843547 32806
110 509.2 5305.956778383215 4642.5217663754875 35762.411865234375 10.4208984375 2020.2252607345092 38406
120 572.2 6252.1624253242035 4678.927336558729 45137.85302734375 10.4208984375 2404.8623679087978 43498
130 519.5 6097.553284361093 5465.578216152373 57763.109130859375 10.4208984375 2852.12467852503 49220
140 541.1 5966.962877720883 6024.459477796693 65505.868896484375 10.4208984375 3161.9657445420908 54415
150 556.2 6258.642193829569 5500.254309535913 67073.34204101563 10.4208984375 3415.665465192484 59826
160 634.2 6618.8875537632875 6032.557920476938 75186.50805664063 10.4208984375 3657.4932709776353 65388
170 498.4 5715.872329638441 6664.680399431332 76917.90795898438 10.4208984375 3919.324618272025 71730
180 507.7 5918.716544799923 7427.950314603435 78609.52392578125 10.4208984375 4036.043780269186 76714
190 546.5 6228.658545368605 7496.351415188558 107603.65698242188 10.4208984375 4152.906633462356 81791
200 557.5 6206.245790752872 6862.42537536503 111963.46801757813 10.4208984375 4282.914703951121 87256
