10 55.5 23.165542740005634 8.515897234823363 73.149169921875 14.93798828125 0 0
20 150.7 64.1921195553562 59.49244469262951 207.56787109375 14.93798828125 23.165542740005634 555
30 174.8 948.3813473769131 715.5148519822958 4243.37890625 14.93798828125 53.149563719992685 2062
40 135.6 4264.319003394926 2015.2440709794362 12998.262939453125 14.93798828125 463.8753269305694 3810
50 120.2 8895.603026125074 3729.7687679841747 19826.069091796875 14.93798828125 1461.43661715234 5166
60 124.9 12427.020765831418 6015.325962268732 30031.84814453125 14.93798828125 2864.6822238711256 6368
70 122.4 15311.638821869898 8197.372344662974 40066.883056640625 14.93798828125 4432.669730620292 7617
80 123.6 18888.037818686465 10721.39143893007 49676.549072265625 14.93798828125 5938.818149089867 8841
90 161.7 21246.32813768262 12489.268528678209 59460.314208984375 14.93798828125 7527.111838840923 10077
100 135.9 24025.83290541355 15385.579872351278 63728.35791015625 14.93798828125 9424.150726751563 11694
110 157.7 25762.068317885027 15693.151943899904 80373.72119140625 14.93798828125 10944.390218117658 13053
120 135.6 32364.325138058284 22992.998914673575 88109.43701171875 14.93798828125 12541.620454845828 14630
130 141.2 40670.087538246364 28262.92639497037 98401.669921875 14.93798828125 14223.06594154895 15986
140 145.1 44743.35104023089 30302.49569233348 108397.51708984375 14.93798828125 16369.473258167913 17398
150 132.6 47915.935078110284 34476.49153349718 120170.66088867188 14.93798828125 18553.70036102607 18849
160 121.9 51747.944118434054 36508.46405068285 125856.48095703125 14.93798828125 20483.530508974203 20175
170 118.1 55981.08691654319 38118.47765811067 135148.30810546875 14.93798828125 22264.932780168536 21394
180 131 58485.93526173366 39097.05873228079 143313.11791992188 14.93798828125 24028.776768432475 22575
190 131.5 60399.23514213997 38803.335582078165 153227.7080078125 14.93798828125 25918.61882940064 23885
200 138.4 64602.04945347075 40316.02656746903 172774.65600585938 14.93798828125 27717.904958418585 25200
