10 0.1 2114.6640625 0 2114.6640625 2114.6640625 0 0
20 0.1 2122.921875 0.0 2122.921875 2114.6640625 2114.6640625 1
30 0.1 2134.97265625 0.0 2134.97265625 2114.6640625 2118.79296875 2
40 0.1 2146.66015625 0.0 2146.66015625 2114.6640625 2124.1861979166665 3
50 0.1 2154.8046875 0.0 2154.8046875 2114.6640625 2129.8046875 4
60 0.1 2151.796875 0.0 2154.8046875 2114.6640625 2134.8046875 5
70 0.1 2138.19140625 0.0 2154.8046875 2114.6640625 2137.63671875 6
80 0.1 2143.17578125 0.0 2154.8046875 2114.6640625 2137.7159598214284 7
90 0.1 2140.05859375 0.0 2154.8046875 2114.6640625 2138.3984375 8
100 0.1 2139.328125 0.0 2154.8046875 2114.6640625 2138.5828993055557 9
120 0.1 2138.43359375 0.0 2154.8046875 2114.6640625 2138.657421875 10
130 0.1 2127.6953125 0.0 2154.8046875 2114.6640625 2138.6370738636365 11
140 0.1 2122.5390625 0.0 2154.8046875 2114.6640625 2137.7252604166665 12
150 0.1 2114.828125 0.0 2154.8046875 2114.6640625 2136.557091346154 13
160 0.1 2108.6640625 0.0 2154.8046875 2108.6640625 2135.0050223214284 14
170 0.1 2107.00390625 0.0 2154.8046875 2107.00390625 2133.248958333333 15
190 0.1 2104.18359375 0.0 2154.8046875 2104.18359375 2131.608642578125 16
200 0.1 2104.12109375 0.0 2154.8046875 2104.12109375 2129.995404411765 17
