20 0.1 2474 0 2474 2474 0 0
30 0.1 5012.0 0.0 5012 2474 2474.0 1
40 0.1 7348.0 0.0 7348 2474 3743.0 2
50 0.1 9776.0 0.0 9776 2474 4944.666666666667 3
60 0.1 12072.0 0.0 12072 2474 6152.5 4
70 0.1 11061.0 0.0 12072 2474 7336.4 5
80 0.1 11883.0 0.0 12072 2474 7957.166666666667 6
90 0.1 12014.0 0.0 12072 2474 8518.0 7
100 0.1 13222.0 0.0 13222 2474 8955.0 8
120 0.1 1.3e4 0.0 13222 2474 9429.111111111111 9
130 0.1 15904.0 0.0 15904 2474 9786.2 10
140 0.1 12394.0 0.0 15904 2474 10342.363636363636 11
150 0.1 13845.0 0.0 15904 2474 10513.333333333334 12
160 0.1 14721.0 0.0 15904 2474 10769.615384615385 13
170 0.1 14106.0 0.0 15904 2474 11051.857142857143 14
190 0.1 17879.0 0.0 17879 2474 11255.466666666667 15
200 0.1 15690.0 0.0 17879 2474 11669.4375 16
