10 589.590625 589.590625
20 1559.72421875 2149.31484375
30 2485.34609375 4634.6609375
40 2953.1859375 7587.846875
50 3027.7734375 10615.6203125
60 3127.61953125 13743.23984375
70 3010.68828125 16753.928125
80 3063.50234375 19817.43046875
90 3114.76953125 22932.2
100 2903.54921875 25835.74921875
110 3049.11328125 28884.8625
120 3120.8 32005.6625
130 2952.05078125 34957.71328125
140 3045.69921875 38003.4125
150 3120.8890625 41124.3015625
160 3103.64140625 44227.94296875
170 3138.99453125 47366.9375
180 3066.7984375 50433.7359375
190 3078.76328125 53512.49921875
200 3088.65703125 56601.15625
200 224.034375 56825.190625
