10 625.80390625 625.80390625
20 1465.0046875 2090.80859375
30 1776.31171875 3867.1203125
40 1749.50078125 5616.62109375
50 1571.4046875 7188.02578125
60 1601.07578125 8789.1015625
70 1592.046875 10381.1484375
80 1622.6390625 12003.7875
90 1621.396875 13625.184375
100 1598.5671875 15223.7515625
110 1602.3671875 16826.11875
120 1621.45234375 18447.57109375
130 1618.178125 20065.74921875
140 1622.33125 21688.08046875
150 1580.7640625 23268.84453125
160 1615.00078125 24883.8453125
170 1545.9203125 26429.765625
180 1624.65546875 28054.42109375
190 1563.72578125 29618.146875
200 1576.53046875 31194.67734375
