10 0.1 0.91015625 0 0.91015625 0.91015625 0 0
20 0.1 0.9296875 0.0 0.9296875 0.91015625 0.91015625 1
30 0.1 0.94140625 0.0 0.94140625 0.91015625 0.919921875 2
40 0.1 0.94921875 0.0 0.94921875 0.91015625 0.9270833333333334 3
50 0.1 1.0390625 0.0 1.0390625 0.91015625 0.9326171875 4
60 0.1 1.03125 0.0 1.0390625 0.91015625 0.95390625 5
70 0.1 1.1015625 0.0 1.1015625 0.91015625 0.966796875 6
80 0.1 1.16015625 0.0 1.16015625 0.91015625 0.9860491071428571 7
90 0.1 1.140625 0.0 1.16015625 0.91015625 1.0078125 8
100 0.1 1.3515625 0.0 1.3515625 0.91015625 1.0225694444444444 9
110 0.1 1.30078125 0.0 1.3515625 0.91015625 1.05546875 10
120 0.1 1.55859375 0.0 1.55859375 0.91015625 1.0777698863636365 11
130 0.1 1.78125 0.0 1.78125 0.91015625 1.1178385416666667 12
140 0.1 2.05078125 0.0 2.05078125 0.91015625 1.1688701923076923 13
150 0.1 2.19921875 0.0 2.19921875 0.91015625 1.2318638392857142 14
160 0.1 2.171875 0.0 2.19921875 0.91015625 1.2963541666666667 15
170 0.1 2.1484375 0.0 2.19921875 0.91015625 1.35107421875 16
180 0.1 2.28125 0.0 2.28125 0.91015625 1.3979779411764706 17
200 0.1 2.30859375 0.0 2.30859375 0.91015625 1.4470486111111112 18
