10 88 23.97177928577768 5.020174071030955 52.881103515625 16.5009765625 0 0
20 183.9 170.65764952717186 95.96062723481293 338.76708984375 16.5009765625 23.97177928577768 880
30 144.4 1929.7243645580852 1443.3064931718716 7321.893798828125 16.5009765625 123.18300229935764 2719
40 109.3 6157.207141370153 2546.1658532262622 16970.591064453125 16.5009765625 749.8094080407948 4163
50 128.9 10505.301124069647 4211.674767992355 25673.3759765625 16.5009765625 1874.292992996843 5256
60 154.1 14494.943959190958 6592.833882150894 35222.2548828125 16.5009765625 3574.1202628139313 6545
70 135.9 16683.473702335974 9602.733687315736 45119.988037109375 16.5009765625 5655.370487414104 8086
80 142.7 19054.134936198367 11868.379353040375 54847.252197265625 16.5009765625 7242.156328502386 9445
90 168.2 20668.428195368248 13448.331032218306 64133.66796875 16.5009765625 8792.53284369574 10872
100 232.6 21553.547196182393 14204.240123519989 75523.87109375 16.5009765625 10383.679568366217 12554
110 281.1 24134.56351104273 18054.576242548712 84226.8359375 16.5009765625 12129.722048359525 14880
120 408.5 26870.391821259167 23053.395659278092 92534.82592773438 16.5009765625 14037.223566170982 17691
130 365.1 28981.561031077203 27429.817507620013 106634.57006835938 16.5009765625 16444.621266484868 21776
140 367.6 27523.039621645792 28190.44979099594 110360.9990234375 16.5009765625 18244.769419256594 25427
150 400.8 31098.119471628033 30768.600187006243 116439.837890625 16.5009765625 19416.70775083694 29103
160 360.6 27634.459817946656 28921.733687168708 127697.3359375 16.5009765625 20830.712105188384 33111
170 376.2 25361.537836086 28162.20886419983 136259.94311523438 16.5009765625 21498.91250969328 36717
180 375.8 24529.73473120625 28285.79454724943 143256.21411132813 16.5009765625 21857.893622810934 40479
190 364.3 20898.501618110175 24399.59957145517 161924.82202148438 16.5009765625 22084.870562597753 44237
200 343.9 24292.368478910972 27309.737695599546 167297.69604492188 16.5009765625 21994.604437602593 47880
