20 0.1 4811 0 4811 4811 0 0
30 0.1 8870.0 0.0 8870 4811 4811.0 1
40 0.1 11088.0 0.0 11088 4811 6840.5 2
50 0.1 13166.0 0.0 13166 4811 8256.333333333334 3
60 0.1 9562.0 0.0 13166 4811 9483.75 4
70 0.1 11813.0 0.0 13166 4811 9499.4 5
80 0.1 12205.0 0.0 13166 4811 9885.0 6
90 0.1 12759.0 0.0 13166 4811 10216.42857142857 7
100 0.1 15741.0 0.0 15741 4811 10534.25 8
110 0.1 15685.0 0.0 15741 4811 11112.777777777777 9
120 0.1 18114.0 0.0 18114 4811 11570.0 10
130 0.1 19963.0 0.0 19963 4811 12164.90909090909 11
140 0.1 20395.0 0.0 20395 4811 12814.75 12
150 0.1 19850.0 0.0 20395 4811 13397.846153846154 13
160 0.1 23030.0 0.0 23030 4811 13858.714285714286 14
170 0.1 23348.0 0.0 23348 4811 14470.133333333333 15
180 0.1 20694.0 0.0 23348 4811 15025.0 16
200 0.1 24885.0 0.0 24885 4811 15358.470588235294 17
