10 573.8 0.9509949602703471 0.48499511470614914 26.85595703125 0.41796875 0 0
20 1294.9 11.426111157533905 101.78126969788188 1005.18603515625 0.393798828125 0.9509949602703471 5738
30 1985.5 301.96155196463513 660.6768870379397 3027.090087890625 0.37890625 8.209638918014544 18687
40 2955.8 351.0977144727228 814.2830787804735 15037.718017578125 0.37890625 159.53661296037487 38542
50 2900 624.2218668675939 1375.1768214847152 15054.639892578125 0.37890625 242.68144465643917 68100
60 2213.2 1193.2068309580563 2104.5395266402325 31081.69384765625 0.37890625 356.63275510055337 97100
70 3009 1306.4253286202684 2852.3497773475865 31131.822021484375 0.37890625 511.9187307352677 119232
80 2905.2 1348.1562035534478 3272.283852235325 31131.822021484375 0.37890625 672.0204138788076 149322
90 2855.4 1379.2841768317528 3294.113668046822 31131.822021484375 0.37890625 782.1435089578417 178374
100 2834.1 1336.5241020404283 2992.145478392344 31131.822021484375 0.37890625 864.5429649544766 206928
110 2900.8 1393.073169714562 3420.0656884832047 31131.822021484375 0.37890625 921.3988082919029 235269
120 2855.6 1412.0012431114637 2892.754495371074 31131.822021484375 0.37890625 973.1714933009976 264277
130 2837.5 1542.3884441681514 3591.4978309860376 31131.822021484375 0.37890625 1015.9645608022274 292833
140 2868.5 1507.5108439546116 3388.0385516779684 31131.822021484375 0.37890625 1062.4680030904274 321208
150 2862.3 1824.9020976646425 4212.086240951185 31131.822021484375 0.37890625 1098.9535969439457 349893
160 2879.7 1736.1659379411944 3966.630500341019 31131.822021484375 0.37890625 1153.8490939272397 378516
170 2880.3 1810.3525612956303 4142.576650335561 31131.822021484375 0.37890625 1195.0188531960819 407313
180 2873.3 1903.169402945533 4362.696582966379 31144.39306640625 0.37890625 1235.6581711628414 436116
190 2778.7 2292.396632280984 5066.302166979332 31144.39306640625 0.37890625 1276.9180216149496 464849
200 2339.7 2152.003860733843 5066.671843242707 31144.39306640625 0.37890625 1334.1958172989375 492636
