10 573.7 3.198262401339449 1.7053085696315586 28.52294921875 1.2900390625 0 0
20 1281.1 48.42474479100596 111.15827616705934 1118.928955078125 1.2900390625 3.198262401339449 5737
30 1966.8 402.2571886305828 671.1527236082171 4588.179931640625 1.2900390625 34.43594117500872 18548
40 2938.4 470.05200376440473 836.2215724919698 15086.5400390625 1.2900390625 223.73645130051196 38216
50 2876.6 803.4026040501107 1432.1781161995946 16149.64892578125 1.2900390625 330.80355475611884 67600
60 2216.3 1472.4667633322429 2223.012795438626 31284.010009765625 1.2900390625 471.8780442232646 96366
70 2965.9 1575.2879749016286 2912.354533370092 31934.387939453125 1.2900390625 658.971901267636 118529
80 2871.4 1755.1088225674275 3485.6529975736757 31934.387939453125 1.2900390625 842.3674422555066 148188
90 2834.7 1858.6108571550235 3506.7009864092124 33801.446044921875 1.2900390625 990.5198429874175 176902
100 2848.8 1993.841432009547 3592.989127121284 36874.052978515625 1.2900390625 1110.4121493012565 205249
110 2871.2 2004.6113054302523 3985.6283472768723 40332.40283203125 1.2900390625 1218.0850184053938 233737
120 2867.9 1993.4473422067858 3454.1634328152513 50439.391845703125 1.2900390625 1304.1312321576188 262449
130 2871.1 2235.959350139506 4517.6176763426665 61389.494873046875 1.2900390625 1372.0357165084888 291128
140 2855.6 2025.8870633989993 4029.466872638727 64571.574951171875 1.2900390625 1449.5875830575342 319839
150 2880.6 2465.9237141655626 5140.300950796322 76008.43603515625 1.2900390625 1496.8236454597811 348395
160 2871.7 2192.1677967284877 4331.076590934778 76320.69506835938 1.2900390625 1570.8316586387991 377201
170 2832.4 2454.1866540756655 4661.954970395826 92282.05102539063 1.2900390625 1614.7885905253418 405918
180 2855 2469.6137765005888 4938.773666115786 92282.05102539063 1.2900390625 1669.5394224393422 434242
190 2825.9 2967.0558135672163 5836.923667265214 117830.96997070313 1.2900390625 1718.8966343368006 462792
200 2381.1 3129.9892735615254 6394.143629020084 120960.34301757813 1.2900390625 1790.7256912898915 491051
