10 761.9453125 761.9453125
20 1701.4609375 2463.40625
30 2612.15625 5075.5625
40 3902.5625 8978.125
50 3820.484375 12798.609375
60 2940.3359375 15738.9453125
70 3939.0859375 19678.03125
80 3813.578125 23491.609375
90 3764.8359375 27256.4453125
100 3783.5625 31040.0078125
110 3813.3125 34853.3203125
120 3808.9296875 38662.25
130 3813.1796875 42475.4296875
140 3792.59375 46268.0234375
150 3825.796875 50093.8203125
160 3813.9765625 53907.796875
170 3761.515625 57669.3125
180 3791.796875 61461.109375
190 3753.1484375 65214.2578125
200 3157.6171875 68371.875
