10 580.4296875 580.4296875
20 1082.75234375 1663.18203125
30 130.45234375 1793.634375
40 1.66875 1795.303125
50 195.17734375 1990.48046875
60 125.40859375 2115.8890625
70 547.64453125 2663.53359375
80 189.559375 2853.09296875
90 122.9546875 2976.04765625
100 449.56796875 3425.615625
110 74.3703125 3499.9859375
120 372.91328125 3872.89921875
130 70.2953125 3943.19453125
140 124.05546875 4067.25
150 324.77578125 4392.02578125
160 213.16484375 4605.190625
170 131.80390625 4736.99453125
180 294.12578125 5031.1203125
190 839.29453125 5870.41484375
200 239.2671875 6109.68203125
