0 22.39609375 22.39609375
10 933.73671875 956.1328125
20 2009.13671875 2965.26953125
30 2902.12734375 5867.396875
40 2847.45234375 8714.84921875
50 2716.29765625 11431.146875
60 4688.18046875 16119.32734375
70 4684.3203125 20803.64765625
80 4733.8984375 25537.54609375
90 4710.85859375 30248.4046875
100 4722.05546875 34970.46015625
110 4712.63125 39683.09140625
120 4698.94921875 44382.040625
130 4580.1796875 48962.2203125
140 4614.13828125 53576.35859375
150 4511.28828125 58087.646875
160 4555.496875 62643.14375
170 4646.896875 67290.040625
180 4629.490625 71919.53125
190 4710.22734375 76629.75859375
200 4670.75703125 81300.515625
