10 0.1 1329.6484375 0 1329.6484375 1329.6484375 0 0
20 0.1 1344.16796875 0.0 1344.16796875 1329.6484375 1329.6484375 1
30 0.1 1350.921875 0.0 1350.921875 1329.6484375 1336.908203125 2
40 0.1 1351.125 0.0 1351.125 1329.6484375 1341.5794270833333 3
50 0.1 1344.20703125 0.0 1351.125 1329.6484375 1343.9658203125 4
60 0.1 1330.046875 0.0 1351.125 1329.6484375 1344.0140625 5
70 0.1 1323.58203125 0.0 1351.125 1323.58203125 1341.6861979166667 6
80 0.1 1320.00390625 0.0 1351.125 1320.00390625 1339.099888392857 7
90 0.1 1319.4296875 0.0 1351.125 1319.4296875 1336.712890625 8
100 0.1 1312.5703125 0.0 1351.125 1312.5703125 1334.7925347222222 9
120 0.1 1310.22265625 0.0 1351.125 1310.22265625 1332.5703125 10
130 0.1 1307.46484375 0.0 1351.125 1307.46484375 1330.5387073863637 11
140 0.1 1308.23828125 0.0 1351.125 1307.46484375 1328.6158854166667 12
150 0.1 1306.32421875 0.0 1351.125 1306.32421875 1327.0483774038462 13
160 0.1 1303.4921875 0.0 1351.125 1303.4921875 1325.568080357143 14
170 0.1 1298.11328125 0.0 1351.125 1298.11328125 1324.0963541666667 15
190 0.1 1296.79296875 0.0 1351.125 1296.79296875 1322.472412109375 16
200 0.1 1287.21875 0.0 1351.125 1287.21875 1320.961856617647 17
