20 0.1 4995 0 4995 4995 0 0
30 0.1 9282.0 0.0 9282 4995 4995.0 1
40 0.1 13021.0 0.0 13021 4995 7138.5 2
50 0.1 16976.0 0.0 16976 4995 9099.333333333334 3
60 0.1 17387.0 0.0 17387 4995 11068.5 4
70 0.1 16504.0 0.0 17387 4995 12332.2 5
80 0.1 18219.0 0.0 18219 4995 13027.5 6
90 0.1 14098.0 0.0 18219 4995 13769.142857142857 7
100 0.1 13729.0 0.0 18219 4995 13810.25 8
120 0.1 18877.0 0.0 18877 4995 13801.222222222223 9
130 0.1 17230.0 0.0 18877 4995 14308.8 10
140 0.1 17446.0 0.0 18877 4995 14574.363636363636 11
150 0.1 16524.0 0.0 18877 4995 14813.666666666666 12
160 0.1 17804.0 0.0 18877 4995 14945.23076923077 13
170 0.1 18221.0 0.0 18877 4995 15149.42857142857 14
190 0.1 19812.0 0.0 19812 4995 15354.2 15
200 0.1 22101.0 0.0 22101 4995 15632.8125 16
