0 0.4 39.48046875 2.106900296439888 42.169921875 36.794921875 0 0
10 90.6 52.37785100200057 240.32762140266004 5173.675048828125 18.72412109375 39.48046875 4
20 192.1 119.75123671651338 508.7557035599106 12352.573974609375 18.705078125 52.321159211881884 910
30 247.6 638.1489113852363 1075.710931298156 23436.386962890625 18.705078125 98.07643257337857 2831
40 240.3 2502.251218569561 1609.8004768042517 23436.386962890625 18.705078125 350.04919638309394 5307
50 214.1 6039.845935064301 2169.6769218548325 23436.386962890625 18.705078125 1020.8327838427671 7710
60 274.3 10114.400940230662 3619.330859208281 38502.4970703125 18.705078125 2111.6567770176025 9851
70 306 12634.428239490786 5753.6881761311615 40747.1337890625 18.705078125 3854.671485584652 12594
80 297.5 13640.075517824325 6950.61120856093 40747.1337890625 18.705078125 5570.913702714636 15654
90 234.2 14614.243877511883 8177.471008450703 46839.044921875 18.705078125 6859.536623963836 18629
100 295.8 16950.45769904637 8831.650041435254 76424.03198242188 18.705078125 7725.567065421541 20971
110 307.5 18116.60216677787 9695.895779910365 76424.03198242188 18.705078125 8865.908345636437 23929
120 288.7 17790.807588858042 10705.698173594037 76424.03198242188 18.705078125 9919.303527832033 27004
130 314.3 18126.746565952024 11569.414883110012 78799.11108398438 18.705078125 10679.56689219529 29891
140 245.7 19204.561635720325 11766.571014874104 91388.97094726563 18.705078125 11388.124309238863 33034
150 331.7 18824.49390112132 12380.376562236448 98416.93408203125 18.705078125 11929.247030806724 35491
160 245.9 18951.75688389191 14270.706509926906 109678.01806640625 18.705078125 12518.598037527852 38808
170 264 18956.089933175797 13205.063854126929 124477.01000976563 18.705078125 12901.934301448398 41267
180 312.3 19722.209185441177 13469.13615750733 124477.01000976563 18.705078125 13265.953042600384 43907
190 299 21476.341210855837 14872.811540660576 126923.04907226563 18.705078125 13694.677004626576 47030
200 258.8 21473.616119714916 14214.722010490319 126923.04907226563 18.705078125 14159.834461176468 50020
