10 372.5 2.1421908425964777 1.0379441438537307 22.55908203125 1.079833984375 0 0
20 1275.6 2.498711830921482 9.675225671247132 1008.235107421875 1.079833984375 2.1421908425964777 3725
30 2240.5 10.090703608813556 41.69347554488726 2623.616943359375 1.079833984375 2.4181317276807417 16481
40 2853.1 86.67509149347775 83.11699516660673 2623.616943359375 1.079833984375 6.83884800080682 38886
50 3002.2 392.61814787970536 225.8968258847391 3454.98095703125 1.079833984375 40.62569498434798 67417
60 3023.6 946.6154027606526 958.02536094224 11151.565185546875 1.079833984375 149.0783414690658 97439
70 2986.6 1195.5804080655312 1631.5733815600881 21065.385009765625 1.079833984375 337.9511089271619 127675
80 3031.2 1381.9114073498938 1892.30669661014 28690.7919921875 1.079833984375 500.53708113799297 157541
90 3036.9 1340.4525129481747 1932.957444366454 41274.878173828125 1.079833984375 642.7558297133957 187853
100 3050.9 1432.2587336229146 2090.0588088305813 46638.024169921875 1.079833984375 739.8512214390558 218222
110 3062.3 1355.6415746474775 2141.957878958144 50484.6630859375 1.079833984375 824.7809679894149 248731
120 3074.7 1457.4370786793615 2147.708792387824 50484.6630859375 1.079833984375 882.9743153468532 279354
130 2976.7 1725.9802385851094 2475.1173038020106 60327.031005859375 1.079833984375 939.9331983694318 310101
140 3032.3 1402.2002461486181 2340.2365288005863 81440.03588867188 1.079833984375 1008.7783448560092 339868
150 3071.8 1608.87991487394 2549.348743455872 89006.28491210938 1.079833984375 1041.0042290965655 370191
160 3063.6 1746.8979797164045 2597.437785641412 89006.28491210938 1.079833984375 1084.515363333286 400909
170 3048.3 1800.9925190676845 2720.877689587316 89006.28491210938 1.079833984375 1131.5388576050611 431545
180 3081.9 2004.8993058750611 2858.6861814506356 89006.28491210938 1.079833984375 1175.7070810944713 462028
190 3083.9 1732.4696693807591 2888.381749618258 89006.28491210938 1.079833984375 1227.5586195547096 492847
200 3060.1 1809.106744047888 2993.3400244592062 101494.67797851563 1.079833984375 1257.291993877463 523686
