10 39 25.61687074318911 7.452554455044129 72.427001953125 17.236083984375 0 0
20 128.1 28.480419578820257 33.29452129956014 1083.18408203125 17.236083984375 25.61687074318911 390
30 218.8 104.25498189699499 182.02155825340006 2674.2939453125 16.628173828125 27.812086816464692 1671
40 261.5 788.9789497565116 432.29591961915975 3019.717041015625 16.628173828125 71.15415845061868 3859
50 238.7 3450.2192938188937 1669.0685789380873 15204.086181640625 16.628173828125 361.1003786027518 6474
60 208.2 7701.4967479577535 2587.4731311392175 20612.39306640625 16.628173828125 1193.2555361042675 8861
70 303.6 11232.266691949239 3754.275386324385 33162.5 16.628173828125 2431.504480916381 10943
80 288 13375.711340247255 5648.920529501371 39039.97900390625 16.628173828125 4342.8796917823765 13979
90 306.2 14293.969965281316 6123.357687090706 43738.199951171875 16.628173828125 5885.946015264128 16859
100 316.3 13884.061627407587 6521.979542878806 49787.623046875 16.628173828125 7178.319356710473 19921
110 296.7 14203.408432618828 6598.328715043811 59068.327880859375 16.628173828125 8097.148970391593 23084
120 283.7 14040.844989119085 6229.578160372008 62046.734130859375 16.628173828125 8792.602957740572 26051
130 287.7 15404.101549771078 7061.790143590363 73226.49291992188 16.628173828125 9308.016369642428 28888
140 335.8 16047.64935451779 7753.96775499182 90945.2900390625 16.628173828125 9860.147238939773 31765
150 250.2 15545.567456874343 9003.185981067054 100760.18603515625 16.628173828125 10451.714932590969 35123
160 323.9 16555.098108501894 7832.170921398196 104837.2578125 16.628173828125 10790.447663906769 37625
170 274.8 18090.992499161348 8665.471753988046 104837.2578125 16.628173828125 11247.370696161164 40864
180 302.8 18435.966465414596 8647.58252350016 104837.2578125 16.628173828125 11678.58854250264 43612
190 321.3 18889.932106794527 8425.53694648028 104837.2578125 16.628173828125 12117.296526005588 46640
200 307.1 18495.398272142582 9879.648179052156 111178.13305664063 16.628173828125 12553.789377410216 49853
