0 0.6 28.274658203125 5.831421254904982 36.468994140625 21.15478515625 0 0
10 95.4 24.532800318560017 34.13590889669667 1026.470947265625 14.80908203125 28.274658203125 6
20 192.2 57.36515777937204 182.19907118414898 2214.15283203125 14.26708984375 24.556186930338548 960
30 265.4 176.880279012075 288.66218170001713 3142.176025390625 14.26708984375 46.43642356178975 2882
40 266.6 1309.1231371685672 1304.566487480814 11256.4248046875 14.26708984375 108.97218807859919 5536
50 233.7 3343.6178863878026 2777.539701537673 16414.27783203125 14.26708984375 499.07245999689405 8202
60 229.5 6446.517802585442 4441.071971825853 25929.6748046875 14.26708984375 1129.8441329711377 10539
70 299.1 9120.327449307559 6411.276644215876 36396.761962890625 14.26708984375 2080.5817106370896 12834
80 284.4 10312.764463872682 8684.394112444825 46821.031982421875 14.26708984375 3411.127018969688 15825
90 263.9 12443.157290951229 10424.738742478145 54578.703125 14.26708984375 4462.509358318561 18669
100 324.7 12491.536389434605 10831.78730293435 63449.069091796875 14.26708984375 5450.914177833185 21308
110 253.2 13692.700852139484 11938.06359136122 74541.42797851563 14.26708984375 6381.922132264862 24555
120 245.1 14250.28868996393 15319.141518993863 88486.20190429688 14.26708984375 7065.308691083577 27087
130 297.1 18042.331572058483 20367.323395629737 93511.8408203125 14.26708984375 7661.502948557196 29538
140 275.6 21563.565065425453 22972.078706171847 105452.41186523438 14.26708984375 8610.207671569971 32509
150 281.2 23487.25767749333 24849.257075689373 114643.8779296875 14.26708984375 9622.527336321586 35265
160 269.9 22952.859535559302 23325.508659598312 118022.953125 14.26708984375 10646.442605890485 38077
170 324.4 24493.531979260977 25107.91883111174 126268.93017578125 14.26708984375 11461.015376470634 40776
180 270.3 24158.56593106547 26264.80467930159 128174.10595703125 14.26708984375 12421.430729933876 44020
190 283.6 24710.771123587467 26021.748403906247 131572.82690429688 14.26708984375 13100.442703665414 46723
200 271.2 29241.297294324115 28571.00335179958 158568.99096679688 14.26708984375 13764.840520386875 49559
