0 6.675 6.675
10 991.3625 998.0375
20 2003.021875 3001.059375
30 2822.71328125 5823.77265625
40 3144.584375 8968.35703125
50 3164.86484375 12133.221875
60 2989.6390625 15122.8609375
70 3192.73359375 18315.59453125
80 3130.13359375 21445.728125
90 3177.93359375 24623.66171875
100 3187.28046875 27810.9421875
110 3059.0328125 30869.975
120 3125.16875 33995.14375
130 3108.99609375 37104.13984375
140 3019.97578125 40124.115625
150 2971.94375 43096.059375
160 3049.909375 46145.96875
170 3150.2109375 49296.1796875
180 3193.28984375 52489.46953125
190 3061.01484375 55550.484375
200 2937.5546875 58488.0390625
