10 0.1 0.98046875 0 0.98046875 0.98046875 0 0
20 0.1 0.8984375 0.0 0.98046875 0.8984375 0.98046875 1
30 0.1 0.921875 0.0 0.98046875 0.8984375 0.939453125 2
40 0.1 0.9296875 0.0 0.98046875 0.8984375 0.93359375 3
50 0.1 0.94140625 0.0 0.98046875 0.8984375 0.9326171875 4
60 0.1 0.94921875 0.0 0.98046875 0.8984375 0.934375 5
70 0.1 0.9609375 0.0 0.98046875 0.8984375 0.9368489583333334 6
80 0.1 0.9609375 0.0 0.98046875 0.8984375 0.9402901785714286 7
90 0.1 0.96875 0.0 0.98046875 0.8984375 0.94287109375 8
100 0.1 0.96875 0.0 0.98046875 0.8984375 0.9457465277777778 9
110 0.1 0.98046875 0.0 0.98046875 0.8984375 0.948046875 10
120 0.1 0.91015625 0.0 0.98046875 0.8984375 0.9509943181818182 11
130 0.1 0.921875 0.0 0.98046875 0.8984375 0.9475911458333334 12
140 0.1 0.9296875 0.0 0.98046875 0.8984375 0.9456129807692307 13
150 0.1 0.94140625 0.0 0.98046875 0.8984375 0.9444754464285714 14
160 0.1 0.94921875 0.0 0.98046875 0.8984375 0.9442708333333333 15
170 0.1 0.9609375 0.0 0.98046875 0.8984375 0.944580078125 16
180 0.1 0.96875 0.0 0.98046875 0.8984375 0.9455422794117647 17
190 0.1 0.96875 0.0 0.98046875 0.8984375 0.9468315972222222 18
200 0.1 0.98046875 0.0 0.98046875 0.8984375 0.947985197368421 19
