10 604.34609375 604.34609375
20 1578.675 2183.02109375
30 2131.57578125 4314.596875
40 2235.003125 6549.6
50 2164.1046875 8713.7046875
60 2277.49375 10991.1984375
70 2310.38671875 13301.58515625
80 2187.30703125 15488.8921875
90 2114.67578125 17603.56796875
100 2163.8296875 19767.39765625
110 2259.48828125 22026.8859375
120 2242.778125 24269.6640625
130 2166.4234375 26436.0875
140 2133.68515625 28569.77265625
150 2264.9453125 30834.71796875
160 2219.7421875 33054.46015625
170 2202.88515625 35257.3453125
180 2185.134375 37442.4796875
190 2172.91796875 39615.39765625
200 2072.52421875 41687.921875
