10 0.1 4.76953125 0 4.76953125 4.76953125 0 0
20 0.1 4.1796875 0.0 4.76953125 4.1796875 4.76953125 1
30 0.1 3.609375 0.0 4.76953125 3.609375 4.474609375 2
40 0.1 3.37109375 0.0 4.76953125 3.37109375 4.186197916666667 3
50 0.1 2.8515625 0.0 4.76953125 2.8515625 3.982421875 4
60 0.1 2.5703125 0.0 4.76953125 2.5703125 3.75625 5
70 0.1 2.171875 0.0 4.76953125 2.171875 3.55859375 6
80 0.1 1.91015625 0.0 4.76953125 1.91015625 3.3604910714285716 7
90 0.1 1.69921875 0.0 4.76953125 1.69921875 3.17919921875 8
100 0.1 1.51171875 0.0 4.76953125 1.51171875 3.0147569444444446 9
110 0.1 1.359375 0.0 4.76953125 1.359375 2.864453125 10
120 0.1 1.390625 0.0 4.76953125 1.359375 2.727627840909091 11
130 0.1 1.26171875 0.0 4.76953125 1.26171875 2.6162109375 12
140 0.1 1.30078125 0.0 4.76953125 1.26171875 2.512019230769231 13
150 0.1 1.171875 0.0 4.76953125 1.171875 2.425502232142857 14
160 0.1 1.30078125 0.0 4.76953125 1.171875 2.341927083333333 15
170 0.1 1.1015625 0.0 4.76953125 1.1015625 2.27685546875 16
180 0.1 1.23828125 0.0 4.76953125 1.1015625 2.207720588235294 17
190 0.1 1.4296875 0.0 4.76953125 1.1015625 2.1538628472222223 18
200 0.1 1.2109375 0.0 4.76953125 1.1015625 2.115748355263158 19
