10 92.6 23.88113779022678 17.666674035762426 243.572021484375 15.340087890625 0 0
20 182.2 30.734612440827387 32.40073427768817 1025.515869140625 15.340087890625 23.88113779022678 926
30 208.9 803.7504065893893 689.645522035333 5191.738037109375 15.340087890625 28.42518102654203 2748
40 30.7 3977.210938295248 1669.4620862759884 9159.02099609375 15.340087890625 363.27206880838776 4837
50 0 0 0 9159.02099609375 15.340087890625 578.956212068976 5144
60 0 0 0 9159.02099609375 15.340087890625 578.956212068976 5144
70 21.2 38223.76413136606 728.8359940393376 39431.2919921875 15.340087890625 578.956212068976 5144
80 0 0 0 39431.2919921875 15.340087890625 2069.004621122557 5356
90 0 0 0 39431.2919921875 15.340087890625 2069.004621122557 5356
100 11.6 66917.36506179279 1670.1834465975353 69121.73706054688 15.340087890625 2069.004621122557 5356
110 7.3 74389.78205265407 2752.1802147037647 79268.28491210938 15.340087890625 3443.7140164291627 5472
120 4.2 82619.6962948754 3071.112884347096 89210.64916992188 15.340087890625 4377.719961721213 5545
130 7.4 94654.4672092747 2167.954628331106 100256.06201171875 15.340087890625 4965.900202636279 5587
140 4.5 103245.84740125868 2917.00164043269 110282.09301757813 15.340087890625 6138.2997713505065 5661
150 5.9 110457.68728068724 11385.280580594477 119228.53198242188 15.340087890625 6904.132165908142 5706
160 5.2 121169.30581899789 12459.902107864886 130463.98901367188 15.340087890625 7963.9170317835915 5765
170 4 122893.25693969727 21365.416280568028 140559.9970703125 15.340087890625 8975.895752246914 5817
180 1.9 129107.14377312911 19577.75335890396 146893.0830078125 15.340087890625 9753.886950385553 5857
190 3.1 128641.77925749747 31920.58581705493 158298.44091796875 15.340087890625 10139.814771970327 5876
200 2.2 143205.95552201706 26968.494317929406 169962.88500976563 15.340087890625 10761.714365512114 5907
