10 0.1 2327.7578125 0 2327.7578125 2327.7578125 0 0
20 0.1 2326.16015625 0.0 2327.7578125 2326.16015625 2327.7578125 1
30 0.1 2321.8984375 0.0 2327.7578125 2321.8984375 2326.958984375 2
40 0.1 2321.71875 0.0 2327.7578125 2321.71875 2325.2721354166665 3
50 0.1 2322.87109375 0.0 2327.7578125 2321.71875 2324.3837890625 4
60 0.1 2323.46484375 0.0 2327.7578125 2321.71875 2324.08125 5
70 0.1 2323.13671875 0.0 2327.7578125 2321.71875 2323.978515625 6
80 0.1 2322.5078125 0.0 2327.7578125 2321.71875 2323.8582589285716 7
90 0.1 2321.8515625 0.0 2327.7578125 2321.71875 2323.689453125 8
100 0.1 2316.96875 0.0 2327.7578125 2316.96875 2323.4852430555557 9
110 0.1 2294.11328125 0.0 2327.7578125 2294.11328125 2322.83359375 10
120 0.1 2246.46484375 0.0 2327.7578125 2246.46484375 2320.22265625 11
140 0.1 2234.875 0.0 2327.7578125 2234.875 2314.076171875 12
150 0.1 2223.56640625 0.0 2327.7578125 2223.56640625 2307.9837740384614 13
160 0.1 2207.87109375 0.0 2327.7578125 2207.87109375 2301.9539620535716 14
170 0.1 2183.171875 0.0 2327.7578125 2183.171875 2295.6817708333333 15
190 0.1 2178.60546875 0.0 2327.7578125 2178.60546875 2288.64990234375 16
200 0.1 2171.80078125 0.0 2327.7578125 2171.80078125 2282.176700367647 17
