10 54 77.5779120551215 109.6501480097057 1164.116943359375 22.948974609375 0 0
20 78.1 1056.3200993067783 1052.9496021700427 5582.105224609375 22.948974609375 77.5779120551215 540
30 62.8 6484.896160927547 2829.4326245581697 14716.763916015625 22.948974609375 656.2286677277514 1321
40 95 10944.920648129122 4289.864832797134 22985.133056640625 22.948974609375 2534.3216311600095 1949
50 119 15246.320469857865 5989.140770166069 32487.48681640625 22.948974609375 5290.468256244748 2899
60 106.5 19581.31122565471 7618.857801931786 43606.052978515625 22.948974609375 8187.867164094982 4089
70 97 24916.802365898824 9643.156268770805 50464.238037109375 22.948974609375 10542.15857378864 5154
80 90.9 27227.450227005123 11428.613328328312 60656.19384765625 22.948974609375 12819.004504282906 6124
90 101.5 32473.43001077586 13385.820904674341 70939.73803710938 22.948974609375 14681.26487140284 7033
100 90.7 36011.2202939808 14217.514213252074 80709.84106445313 22.948974609375 16925.18231877655 8048
110 98.2 41913.952936797876 17420.21586557692 91078.15795898438 22.948974609375 18858.296382820132 8955
120 89.4 47197.85180418283 20323.12918482382 99054.38208007813 22.948974609375 21136.71589937504 9937
130 92 54628.602071745496 23805.61138014601 109394.05786132813 22.948974609375 23287.824338013965 10831
140 76.2 60144.92559349881 26233.28501514365 119371.9560546875 22.948974609375 25741.531725898654 11751
150 81 68994.49187282997 27982.063694465607 125475.625 22.948974609375 27836.583761950067 12513
160 76.1 73329.72791409589 30439.198193294775 136149.18994140625 22.948974609375 30338.865948380502 13323
170 80.3 79638.91908729721 32649.479146713744 146150.99389648438 22.948974609375 32661.78883647404 14084
180 79.1 84052.1457920774 32107.41370637741 158272.01806640625 22.948974609375 35195.720158527576 14887
190 71.7 90567.11623579427 33998.29239992775 169038.86596679688 22.948974609375 37660.66675095887 15678
200 73.6 95609.97022479514 37293.85257528707 181543.13818359375 22.948974609375 39974.416325867496 16395
200 4.3 95438.39184002543 38796.73315981248 181543.13818359375 22.948974609375 42364.68937878973 17131
