20 0.1 2616 0 2616 2616 0 0
30 0.1 4771.0 0.0 4771 2616 2616.0 1
40 0.1 6676.0 0.0 6676 2616 3693.5 2
50 0.1 7002.0 0.0 7002 2616 4687.666666666667 3
60 0.1 7521.0 0.0 7521 2616 5266.25 4
70 0.1 9127.0 0.0 9127 2616 5717.2 5
80 0.1 7514.0 0.0 9127 2616 6285.5 6
90 0.1 10286.0 0.0 10286 2616 6461.0 7
100 0.1 9865.0 0.0 10286 2616 6939.125 8
110 0.1 9137.0 0.0 10286 2616 7264.222222222223 9
120 0.1 12099.0 0.0 12099 2616 7451.5 10
130 0.1 10206.0 0.0 12099 2616 7874.0 11
140 0.1 13188.0 0.0 13188 2616 8068.333333333333 12
150 0.1 13393.0 0.0 13393 2616 8462.153846153846 13
160 0.1 12390.0 0.0 13393 2616 8814.357142857143 14
170 0.1 13956.0 0.0 13956 2616 9052.733333333334 15
180 0.1 13378.0 0.0 13956 2616 9359.1875 16
190 0.1 15639.0 0.0 15639 2616 9595.588235294117 17
200 0.1 15209.0 0.0 15639 2616 9931.333333333334 18
