10 55.3 81.295636637517 109.05217396963799 1165.751953125 24.199951171875 0 0
20 77.7 1099.0438469649894 1087.7084052550645 5583.85205078125 24.199951171875 81.295636637517 553
30 63.2 6571.159796219835 2837.262877051481 14718.16796875 24.199951171875 675.8748542498824 1330
40 95.6 10990.24411610879 4305.36518570364 22987.3701171875 24.199951171875 2574.86572240738 1962
50 118.8 15358.146830035379 6026.402758568507 32489.43994140625 24.199951171875 5331.925950090227 2918
60 107.1 19634.865142964725 7615.07069285994 43607.673095703125 24.199951171875 8232.839346430908 4106
70 97.7 25127.959196280077 9695.349613820108 50466.80517578125 24.199951171875 10591.651327904294 5177
80 90.4 27226.79018651914 11510.157179469898 60658.2001953125 24.199951171875 12899.414211785208 6154
90 101.4 32718.88977363782 13462.931023416428 72510.9091796875 24.199951171875 14734.487586843225 7058
100 91.5 36364.82861514902 14477.633180507459 80710.955078125 24.199951171875 16993.6778516363 8072
110 97.7 41842.99321528959 17494.27937601254 91080.11791992188 24.199951171875 18965.926983561767 8987
120 88.5 47261.56416374247 20391.316896328488 99416.15209960938 24.199951171875 21209.09174755194 9964
130 92.2 54966.499664240444 24036.093923380486 109395.85791015625 24.199951171875 23334.304955066793 10849
140 76 61030.82106194747 26318.021325448077 119375.16821289063 24.199951171875 25811.994490523262 11771
150 82.2 68676.68098631603 27980.650785334026 126318.10180664063 24.199951171875 27948.00184781976 12531
160 74.8 74465.99504701338 30475.795461967948 136150.69189453125 24.199951171875 30455.226759962643 13353
170 81.2 80368.19201720273 32481.40856583136 146152.92797851563 24.199951171875 32789.816837170925 14101
180 77.5 85078.19244896676 32161.616487397987 160053.0390625 24.199951171875 35380.418369135376 14913
190 73.1 91842.37079316635 33724.20681657518 169040.34814453125 24.199951171875 37835.52895760231 15688
200 73.1 96732.2819303206 37351.422051201094 181545.1669921875 24.199951171875 40239.99947235944 16419
200 4.4 103841.50556529652 29229.942639872363 181545.1669921875 24.199951171875 42647.921249430554 17150
