10 0.1 1960.12890625 0 1960.12890625 1960.12890625 0 0
20 0.1 1959.875 0.0 1960.12890625 1959.875 1960.12890625 1
30 0.1 1960.38671875 0.0 1960.38671875 1959.875 1960.001953125 2
40 0.1 1954.54296875 0.0 1960.38671875 1954.54296875 1960.1302083333333 3
50 0.1 1952.234375 0.0 1960.38671875 1952.234375 1958.7333984375 4
60 0.1 1950.62109375 0.0 1960.38671875 1950.62109375 1957.43359375 5
70 0.1 1952.85546875 0.0 1960.38671875 1950.62109375 1956.2981770833333 6
80 0.1 1948.48046875 0.0 1960.38671875 1948.48046875 1955.806361607143 7
90 0.1 1950.21484375 0.0 1960.38671875 1948.48046875 1954.890625 8
100 0.1 1943.3203125 0.0 1960.38671875 1943.3203125 1954.37109375 9
110 0.1 1939.7578125 0.0 1960.38671875 1939.7578125 1953.266015625 10
120 0.1 1941.20703125 0.0 1960.38671875 1939.7578125 1952.037997159091 11
130 0.1 1943.2734375 0.0 1960.38671875 1939.7578125 1951.1354166666667 12
140 0.1 1943.390625 0.0 1960.38671875 1939.7578125 1950.5306490384614 13
150 0.1 1943.0625 0.0 1960.38671875 1939.7578125 1950.0206473214287 14
160 0.1 1940.44921875 0.0 1960.38671875 1939.7578125 1949.5567708333333 15
170 0.1 1940.49609375 0.0 1960.38671875 1939.7578125 1948.987548828125 16
180 0.1 1941.03125 0.0 1960.38671875 1939.7578125 1948.4880514705883 17
190 0.1 1941.9609375 0.0 1960.38671875 1939.7578125 1948.0737847222222 18
200 0.1 1942.640625 0.0 1960.38671875 1939.7578125 1947.7520559210527 19
