10 0.1 3.01171875 0 3.01171875 3.01171875 0 0
20 0.1 3.01171875 0.0 3.01171875 3.01171875 3.01171875 1
30 0.1 2.921875 0.0 3.01171875 2.921875 3.01171875 2
40 0.1 3.16015625 0.0 3.16015625 2.921875 2.9817708333333335 3
50 0.1 2.75 0.0 3.16015625 2.75 3.0263671875 4
60 0.1 2.3203125 0.0 3.16015625 2.3203125 2.97109375 5
70 0.1 2.0390625 0.0 3.16015625 2.0390625 2.8626302083333335 6
80 0.1 2.01953125 0.0 3.16015625 2.01953125 2.7449776785714284 7
90 0.1 1.7109375 0.0 3.16015625 1.7109375 2.654296875 8
100 0.1 1.44921875 0.0 3.16015625 1.44921875 2.5494791666666665 9
110 0.1 1.21875 0.0 3.16015625 1.21875 2.439453125 10
120 0.1 1.0390625 0.0 3.16015625 1.0390625 2.3284801136363638 11
130 0.1 0.87890625 0.0 3.16015625 0.87890625 2.2210286458333335 12
140 0.1 0.73828125 0.0 3.16015625 0.73828125 2.1177884615384617 13
150 0.1 0.6484375 0.0 3.16015625 0.6484375 2.019252232142857 14
160 0.1 0.9296875 0.0 3.16015625 0.6484375 1.9278645833333334 15
170 0.1 0.78125 0.0 3.16015625 0.6484375 1.865478515625 16
180 0.1 0.66015625 0.0 3.16015625 0.6484375 1.8017003676470589 17
190 0.1 0.55859375 0.0 3.16015625 0.55859375 1.73828125 18
200 0.1 0.46875 0.0 3.16015625 0.46875 1.6761924342105263 19
