10 93 27.470837008568544 25.31325285080042 437.885986328125 17.944091796875 0 0
20 189.1 61.00779855648468 107.98864257313478 1248.277099609375 17.944091796875 27.470837008568544 930
30 169 1271.2409422383505 1354.3730092764565 5450.658935546875 17.944091796875 49.951657386842 2821
40 53.7 7071.799938805724 2874.0411741001794 14308.29296875 17.944091796875 507.49519349835816 4511
50 16.8 17348.88567243305 3000.404693573351 24032.199951171875 17.944091796875 1205.797817949637 5048
60 14.2 25085.69176558374 2294.8174435439996 30800.094970703125 17.944091796875 1725.7438991523236 5216
70 11.4 33338.00789816338 2911.95864826061 41465.197998046875 17.944091796875 2344.8391953511405 5358
80 13.4 46390.46132010845 3418.6158176438207 53661.06982421875 17.944091796875 2990.530209993062 5472
90 20.6 29728.829580362562 12822.117065754228 54038.337158203125 17.944091796875 4027.91707562907 5606
100 12.9 62161.44317201126 5114.610783274801 70833.44897460938 17.944091796875 4938.857883608268 5812
110 12.5 63896.0657109375 11749.971516862168 80956.1650390625 17.944091796875 6181.361418737704 5941
120 10.6 75881.41221301958 9267.927829809827 90301.31005859375 17.944091796875 7370.668711273968 6066
130 10.1 81747.75549195548 13168.303498311234 100373.33081054688 17.944091796875 8547.295219891115 6172
140 8.8 88483.81769353691 14646.93235976939 110270.5087890625 17.944091796875 9725.877475188183 6273
150 7 104851.69411272321 13947.784009393641 122469.25903320313 17.944091796875 10815.43866670126 6361
160 0.7 113401.9308733259 18295.191050670484 128495.96899414063 17.944091796875 11839.002324176232 6431
170 1.6 118773.99987792969 19676.563651721233 138489.55297851563 17.944091796875 11949.431106382513 6438
180 1.2 138768.7518310547 11186.543294366189 148522.95288085938 17.944091796875 12214.258050966455 6454
190 2.6 145657.65068171572 16840.647111887025 160501.07299804688 17.944091796875 12449.125654641224 6466
200 5.2 145535.0013380785 17957.748228923003 167354.337890625 17.944091796875 12982.61635869297 6492
