10 959.203125 959.203125
20 1958.25625 2917.459375
30 2340.990625 5258.45
40 932.5375 6190.9875
50 788.02109375 6979.00859375
60 866.20703125 7845.215625
70 443.26953125 8288.48515625
80 328.971875 8617.45703125
90 261.6796875 8879.13671875
100 1127.52421875 10006.6609375
110 729.71953125 10736.38046875
120 597.30625 11333.68671875
130 849.29609375 12182.9828125
140 605.89453125 12788.87734375
150 307.29921875 13096.1765625
160 13.60078125 13109.77734375
170 295.96640625 13405.74375
180 1.6625 13407.40625
190 543.2515625 13950.6578125
200 457.86015625 14408.51796875
