10 0.1 2.3425692695214106 0 2.3425692695214106 2.3425692695214106 0 0
20 0.1 14.367959949937422 0.0 14.367959949937422 2.3425692695214106 2.3425692695214106 1
30 0.1 24.556582563077693 0.0 24.556582563077693 2.3425692695214106 8.355264609729417 2
40 0.1 34.97870207967928 0.0 34.97870207967928 2.3425692695214106 13.755703927512178 3
50 0.1 43.76428752857506 0.0 43.76428752857506 2.3425692695214106 19.061453465553953 4
60 0.1 53.7612323491656 0.0 53.7612323491656 2.3425692695214106 24.002020278158177 5
70 0.1 62.69697752518729 0.0 62.69697752518729 2.3425692695214106 28.96188895665941 6
80 0.1 71.26288659793815 0.0 71.26288659793815 2.3425692695214106 33.781187323591965 7
90 0.1 81.00025779840165 0.0 81.00025779840165 2.3425692695214106 38.466399732885236 8
100 0.1 86.28745556119858 0.0 86.28745556119858 2.3425692695214106 43.19238396238706 9
110 0.1 90.61635220125787 0.0 90.61635220125787 2.3425692695214106 47.50189112226822 10
120 0.1 91.91447530105677 0.0 91.91447530105677 2.3425692695214106 51.42138758399455 11
130 0.1 92.18712894799334 0.0 92.18712894799334 2.3425692695214106 54.7958115604164 12
140 0.1 90.55079559363524 0.0 92.18712894799334 2.3425692695214106 57.67206674407616 13
150 0.1 89.1844416562108 0.0 92.18712894799334 2.3425692695214106 60.02054737618753 14
160 0.1 89.4351991931417 0.0 92.18712894799334 2.3425692695214106 61.96480699485574 15
170 0.1 91.21799473558268 0.0 92.18712894799334 2.3425692695214106 63.68170650724861 16
180 0.1 91.41205615194055 0.0 92.18712894799334 2.3425692695214106 65.30148816773885 17
190 0.1 89.518555667001 0.0 92.18712894799334 2.3425692695214106 66.75207527797228 18
200 0.1 90.79739217652958 0.0 92.18712894799334 2.3425692695214106 67.95031108792116 19
