10 92 12.323000965947683 1.8716818146364678 27.14794921875 9.100830078125 0 0
20 187 12.096129783589571 1.8418740782361607 34.02294921875 9.100830078125 12.323000965947683 920
30 284.9 12.30621472857801 1.9076384298438847 34.02294921875 8.926025390625 12.17094035268257 2790
40 377.8 12.801084648685647 2.4350644589210875 35.010009765625 8.7880859375 12.23928521824847 5639
50 473.1 13.767815763465048 6.456448022303003 221.409912109375 8.7880859375 12.464673160076192 9417
60 562.5 16.054032725694487 24.716958378621264 1016.843994140625 8.7880859375 12.900435646408724 14148
70 652.3 23.708868274399258 59.646141550955974 1055.7421875 8.7880859375 13.797567268872811 19773
80 753.4 48.70777575900708 112.73437635552537 1642.135986328125 8.7880859375 16.256169963543066 26296
90 816.7 70.17982510001187 144.44480192743592 1642.135986328125 8.7880859375 23.48319917025385 33830
100 883.1 260.07986138142627 352.15412049370934 3704.4541015625 8.7880859375 32.56411790179024 41997
110 883.6 766.8999645670078 732.8095399518779 7208.949951171875 8.7880859375 72.09334452232747 50828
120 897.4 1486.751802706736 1221.703054949756 14257.9228515625 8.7880859375 174.99142870566743 59664
130 921 2059.984566362776 2150.458398718743 19163.1298828125 8.7880859375 346.49609953357026 68638
140 877.6 3342.2313752917653 4217.636489310278 28792.14208984375 8.7880859375 549.2145865787993 77848
150 880.2 2794.099570654216 4213.966027799512 35093.017822265625 8.7880859375 832.1790691441968 86624
160 883.3 4039.804003060485 6279.04706009622 41654.492919921875 8.7880859375 1013.1446786666664 95426
170 905.7 2887.898155513127 4864.108605556433 47285.888916015625 8.7880859375 1269.5684100699084 104259
180 891.4 3888.67138113151 6719.462513955336 59706.113037109375 8.7880859375 1398.9165383525801 113316
190 864.5 3767.2098966052376 7621.774571199398 76637.62280273438 8.7880859375 1580.489594627892 122230
200 888.2 4860.936739981058 10333.48975653956 81171.02197265625 8.7880859375 1724.9342709266057 130875
