10 940.059375 940.059375
20 1892.56171875 2832.62109375
30 2941.834375 5774.45546875
40 3907.80625 9682.26171875
50 4799.5765625 14481.83828125
60 5818.828125 20300.66640625
70 6665.23046875 26965.896875
80 7773.49765625 34739.39453125
90 8482.4578125 43221.85234375
100 9217.85625 52439.70859375
110 9507.3703125 61947.07890625
120 9425.5375 71372.61640625
130 9455.95625 80828.57265625
140 9177.0640625 90005.63671875
150 9006.59609375 99012.2328125
160 9242.96171875 108255.19453125
170 9296.796875 117551.99140625
180 9280.27734375 126832.26875
190 9062.11484375 135894.38359375
200 9150.259375 145044.64296875
