10 0.1 2.194752774974773 0 2.194752774974773 2.194752774974773 0 0
20 0.1 14.436354506653275 0.0 14.436354506653275 2.194752774974773 2.194752774974773 1
30 0.1 23.27476445123504 0.0 23.27476445123504 2.194752774974773 8.315553640814024 2
40 0.1 33.03388090349076 0.0 33.03388090349076 2.194752774974773 13.301957244287697 3
50 0.1 42.552083333333336 0.0 42.552083333333336 2.194752774974773 18.234938159088465 4
60 0.1 53.42931937172774 0.0 53.42931937172774 2.194752774974773 23.09836719393744 5
70 0.1 55.71578395385423 0.0 55.71578395385423 2.194752774974773 28.153525890235823 6
80 0.1 68.79748493581347 0.0 68.79748493581347 2.194752774974773 32.090991327895594 7
90 0.1 80.44806517311609 0.0 80.44806517311609 2.194752774974773 36.67930302888533 8
100 0.1 86.87258687258688 0.0 86.87258687258688 2.194752774974773 41.54249882268875 9
110 0.1 91.77598385469223 0.0 91.77598385469223 2.194752774974773 46.07550762767856 10
120 0.1 93.98450244698205 0.0 93.98450244698205 2.194752774974773 50.23009637558889 11
130 0.1 94.08410548823949 0.0 94.08410548823949 2.194752774974773 53.876296881538316 12
140 0.1 93.90420899854863 0.0 94.08410548823949 2.194752774974773 56.96920523589995 13
150 0.1 93.56399709654004 0.0 94.08410548823949 2.194752774974773 59.607419790374855 14
160 0.1 93.88737701486288 0.0 94.08410548823949 2.194752774974773 61.871191610785864 15
180 0.1 94.02089353189598 0.0 94.08410548823949 2.194752774974773 63.872203198540674 16
190 0.1 92.96482412060301 0.0 94.08410548823949 2.194752774974773 65.64565557109098 17
200 0.1 93.99849962490623 0.0 94.08410548823949 2.194752774974773 67.163387157175 18
