0 7.4375 7.4375
10 888.68828125 896.12578125
20 1784.16328125 2680.2890625
30 2563.70625 5243.9953125
40 3505.57265625 8749.56796875
50 4297.3875 13046.95546875
60 4807.228125 17854.18359375
70 5517.1375 23371.32109375
80 6778.3515625 30149.67265625
90 7556.59296875 37706.265625
100 7954.2203125 45660.4859375
110 7710.73515625 53371.22109375
120 7902.80859375 61274.0296875
130 7675.3140625 68949.34375
140 7768.93359375 76718.27734375
150 7578.9984375 84297.27578125
160 7677.73125 91975.00703125
170 7589.68984375 99564.696875
180 7745.31953125 107310.01640625
190 7463.99609375 114774.0125
200 7684.70390625 122458.71640625
