0 8.3125 8.3125
10 990.50859375 998.82109375
20 1992.15859375 2990.9796875
30 2857.87890625 5848.85859375
40 3909.3125 9758.17109375
50 4793.0828125 14551.25390625
60 5360.528125 19911.78203125
70 6145.98203125 26057.7640625
80 7550.41953125 33608.18359375
90 8426.046875 42034.23046875
100 8901.30703125 50935.5375
110 8761.01640625 59696.55390625
120 8737.784375 68434.33828125
130 8557.7203125 76992.05859375
140 8622.8828125 85614.94140625
150 8606.43046875 94221.371875
160 8621.22890625 102842.60078125
170 8478.03671875 111320.6375
180 8341.47109375 119662.10859375
190 8553.03671875 128215.1453125
200 8585.89765625 136801.04296875
