10 0.1 1.1788312014045648 0 1.1788312014045648 1.1788312014045648 0 0
20 0.1 11.46998982706002 0.0 11.46998982706002 1.1788312014045648 1.1788312014045648 1
30 0.1 27.51135790005048 0.0 27.51135790005048 1.1788312014045648 6.324410514232293 2
40 0.1 43.90368852459016 0.0 43.90368852459016 1.1788312014045648 13.386726309505022 3
50 0.1 60.25967413441955 0.0 60.25967413441955 1.1788312014045648 21.015966863276304 4
60 0.1 74.10236822001528 0.0 74.10236822001528 1.1788312014045648 28.864708317504956 5
70 0.1 88.32134887180759 0.0 88.32134887180759 1.1788312014045648 36.40431830125667 6
80 0.1 91.25111308993766 0.0 91.25111308993766 1.1788312014045648 43.821036954192515 7
90 0.1 92.93547026571068 0.0 92.93547026571068 1.1788312014045648 49.749796471160664 8
100 0.1 92.22222222222223 0.0 92.93547026571068 1.1788312014045648 54.548204670555116 9
110 0.1 91.48792052382028 0.0 92.93547026571068 1.1788312014045648 58.31560642572183 10
130 0.1 92.01930215293245 0.0 92.93547026571068 1.1788312014045648 61.33127134373078 11
140 0.1 88.87917850120166 0.0 92.93547026571068 1.1788312014045648 63.88860724449759 12
150 0.1 75.62797012898847 0.0 92.93547026571068 1.1788312014045648 65.81095887962867 13
160 0.1 85.36523929471032 0.0 92.93547026571068 1.1788312014045648 66.51217396886865 14
170 0.1 86.9951923076923 0.0 92.93547026571068 1.1788312014045648 67.76904499059144 15
180 0.1 90.79046424090339 0.0 92.93547026571068 1.1788312014045648 68.97067919791024 16
190 0.1 87.93881644934804 0.0 92.93547026571068 1.1788312014045648 70.25419596514514 17
