10 0.1 2005.71484375 0 2005.71484375 2005.71484375 0 0
20 0.1 2005.3671875 0.0 2005.71484375 2005.3671875 2005.71484375 1
30 0.1 2005.4921875 0.0 2005.71484375 2005.3671875 2005.541015625 2
40 0.1 2005.5234375 0.0 2005.71484375 2005.3671875 2005.5247395833333 3
50 0.1 2005.65234375 0.0 2005.71484375 2005.3671875 2005.5244140625 4
60 0.1 2005.48828125 0.0 2005.71484375 2005.3671875 2005.55 5
70 0.1 2001.44921875 0.0 2005.71484375 2001.44921875 2005.5397135416667 6
80 0.1 1955.5625 0.0 2005.71484375 1955.5625 2004.955357142857 7
90 0.1 1918.89453125 0.0 2005.71484375 1918.89453125 1998.78125 8
100 0.1 1903.00390625 0.0 2005.71484375 1903.00390625 1989.9049479166667 9
110 0.1 1898.609375 0.0 2005.71484375 1898.609375 1981.21484375 10
130 0.1 1887.078125 0.0 2005.71484375 1887.078125 1973.7052556818182 11
140 0.1 1887.73828125 0.0 2005.71484375 1887.078125 1966.486328125 12
150 0.1 1898.484375 0.0 2005.71484375 1887.078125 1960.4287860576924 13
160 0.1 1900.89453125 0.0 2005.71484375 1887.078125 1956.004185267857 14
170 0.1 1903.52734375 0.0 2005.71484375 1887.078125 1952.3302083333333 15
180 0.1 1901.40625 0.0 2005.71484375 1887.078125 1949.280029296875 16
190 0.1 1901.96875 0.0 2005.71484375 1887.078125 1946.463924632353 17
