10 45.9 15.595745676742919 4.016648373736239 46.886962890625 10.376953125 0 0
20 138.2 16.949587257484637 14.287401142535918 277.748046875 10.376953125 15.595745676742919 459
30 245.2 19.60933736331314 35.89094225968394 1020.60009765625 10.376953125 16.612046092052562 1841
40 327.4 29.248923738045022 59.5514215975572 1025.132080078125 10.376953125 18.323986040138035 4293
50 420.8 64.29352804553828 132.66867525335718 1524.570068359375 10.376953125 23.050858780054448 7567
60 482.6 326.6289536009372 417.31130166461884 3829.4658203125 10.376953125 37.78964028911228 11775
70 461.5 1686.894455812403 1197.8660323856827 9071.826904296875 10.376953125 121.756782391568 16601
80 413.7 3945.600917654793 2212.5019831500313 18698.5888671875 10.376953125 462.21258757808545 21216
90 523.1 5942.654013669997 3642.65384841519 25187.81103515625 10.376953125 1030.6178067445485 25353
100 549.7 6676.187714072725 4790.841640926354 37185.29296875 10.376953125 1870.7584488589555 30584
110 477.5 6781.555028836711 5838.577918224953 41223.083984375 10.376953125 2602.8735418685756 36081
120 475.3 5779.571052832177 5990.803470613539 50623.030029296875 10.376953125 3091.2523381352894 40856
130 558.1 6695.20553714088 6494.15238685049 63280.8310546875 10.376953125 3371.407106951845 45609
140 448.9 6815.369268813785 7158.194415918978 63280.8310546875 10.376953125 3733.784896342058 51190
150 481 9451.317677862264 9585.825891623294 78836.583984375 10.376953125 3982.231029498644 55679
160 484.3 4075.5828636369647 8843.902891056354 90212.7099609375 10.376953125 4417.12508922238 60489
170 490.2 3030.198522187215 7804.139273709603 90212.7099609375 10.376953125 4391.806883771603 65332
180 465.4 2777.966727053095 6353.999830713569 103177.67309570313 10.376953125 4296.773079795086 70234
190 488.1 3498.279735237722 6461.820106243734 103177.67309570313 10.376953125 4202.385130248279 74888
200 503.3 3508.5208052633866 6082.151078192682 107091.77197265625 10.376953125 4159.301495840846 79769
200 2.9 2633.4117389547414 1829.246530932862 107091.77197265625 10.376953125 4120.677651878717 84802
