10 0.1 2.187182095625636 0 2.187182095625636 2.187182095625636 0 0
20 0.1 22.815040650406505 0.0 22.815040650406505 2.187182095625636 2.187182095625636 1
30 0.1 42.41718426501035 0.0 42.41718426501035 2.187182095625636 12.501111373016071 2
40 0.1 67.15858514874678 0.0 67.15858514874678 2.187182095625636 22.4731356703475 3
50 0.1 75.07700205338809 0.0 75.07700205338809 2.187182095625636 33.64449803994732 4
60 0.1 75.48722390645301 0.0 75.48722390645301 2.187182095625636 41.930998842635475 5
70 0.1 75.5406256560991 0.0 75.5406256560991 2.187182095625636 47.52370301993839 6
80 0.1 74.44420461903735 0.0 75.5406256560991 2.187182095625636 51.52612053938992 7
100 0.1 75.03798567397439 0.0 75.5406256560991 2.187182095625636 54.39088104934585 8
110 0.1 74.82911137917169 0.0 75.5406256560991 2.187182095625636 56.68500378541569 9
120 0.1 74.78720956981827 0.0 75.5406256560991 2.187182095625636 58.499414544791286 10
130 0.1 73.63409657673998 0.0 75.5406256560991 2.187182095625636 59.9801231834301 11
140 0.1 75.19563670856058 0.0 75.5406256560991 2.187182095625636 61.11795429953926 12
160 0.1 74.20727814428602 0.0 75.5406256560991 2.187182095625636 62.20085294638705 13
170 0.1 71.97245848521668 0.0 75.5406256560991 2.187182095625636 63.058454746236976 14
180 0.1 58.72861586314152 0.0 75.5406256560991 2.187182095625636 63.65272166216895 15
190 0.1 74.83488954680027 0.0 75.5406256560991 2.187182095625636 63.34496504972974 16
200 0.1 69.00927281600781 0.0 75.5406256560991 2.187182095625636 64.02084296132212 17
