20 0.1 3866 0 3866 3866 0 0
30 0.1 7205.0 0.0 7205 3866 3866.0 1
40 0.1 11641.0 0.0 11641 3866 5535.5 2
50 0.1 15297.0 0.0 15297 3866 7570.666666666667 3
60 0.1 18928.0 0.0 18928 3866 9502.25 4
70 0.1 15039.0 0.0 18928 3866 11387.4 5
80 0.1 15120.0 0.0 18928 3866 11996.0 6
100 0.1 18728.0 0.0 18928 3866 12442.285714285714 7
110 0.1 17532.0 0.0 18928 3866 13228.0 8
120 0.1 17850.0 0.0 18928 3866 13706.222222222223 9
130 0.1 18785.0 0.0 18928 3866 14120.6 10
140 0.1 16367.0 0.0 18928 3866 14544.636363636364 11
160 0.1 18843.0 0.0 18928 3866 14696.5 12
170 0.1 18758.0 0.0 18928 3866 15015.461538461539 13
180 0.1 24321.0 0.0 24321 3866 15282.785714285714 14
190 0.1 17843.0 0.0 24321 3866 15885.333333333334 15
200 0.1 18086.0 0.0 24321 3866 16007.6875 16
