10 869.7 0.9543014057918683 0.4757838488690776 6.169921875 0.199951171875 0 0
20 1843.2 0.9608593649334374 0.4581634617947165 6.375 0.199951171875 0.9543014057918683 8697
30 2793.8 0.9867764006740372 0.4631821570508629 10.822021484375 0.180908203125 0.9587570179743078 27129
40 3805.9 1.0372182661193021 0.5161651853067694 17.4619140625 0.180908203125 0.9729725284227623 55067
50 4629.2 1.1115275321768574 0.5984370450691706 17.4619140625 0.175048828125 0.999228660233348 93126
60 5385.6 1.281073114097083 5.507041809758302 999.610107421875 0.175048828125 1.0365160935633981 139418
70 6438.9 1.4060965101703577 5.1623172393986225 999.610107421875 0.1669921875 1.1046621602762625 193274
80 7365.7 1.6073344965409662 3.3773310904377802 999.610107421875 0.1669921875 1.1799894535055229 257663
90 8302.3 2.583485739762046 12.462210905160783 1213.388916015625 0.1669921875 1.274994143336688 331320
100 8972 6.320403987427078 16.632202762121405 1213.388916015625 0.1669921875 1.5371800564811662 414343
110 9069.6 68.08680586601633 125.69963663344858 2015.98095703125 0.1669921875 2.388563417458796 504063
120 9368.4 206.08086156977365 319.4348493393156 7624.303955078125 0.1669921875 12.40702097272803 594759
130 8884.5 357.83309164111904 654.8426155191954 12726.508056640625 0.1669921875 38.76234753207081 688443
140 7830.9 136.39889998887276 507.1956033920437 15029.7509765625 0.1669921875 75.23253652298331 777288
150 9517.5 333.2405711107809 704.4735260474288 15029.7509765625 0.1669921875 80.8308225813149 855597
160 9375.5 291.36758313254467 638.1256936556517 15596.06689453125 0.1669921875 106.0977612546161 950772
170 8930.3 238.5465375450187 768.5690240236578 27006.0791015625 0.1669921875 122.72727121478486 1044527
180 9304.6 296.91667142724725 682.8788180669346 28357.3388671875 0.1669921875 131.84945702843316 1133830
190 9470.6 324.5950315977855 826.2656595929529 31168.219970703125 0.1669921875 144.3681174561798 1226876
200 9244.6 339.862609542411 929.6069136373525 55324.208984375 0.1669921875 157.28337366479562 1321582
