10 0.1 1.6838401608444333 0 1.6838401608444333 1.6838401608444333 0 0
20 0.1 13.186274509803923 0.0 13.186274509803923 1.6838401608444333 1.6838401608444333 1
30 0.1 22.338049143708115 0.0 22.338049143708115 1.6838401608444333 7.435057335324178 2
40 0.1 25.400400400400404 0.0 25.400400400400404 1.6838401608444333 12.402721271452156 3
50 0.1 25.506376594148538 0.0 25.506376594148538 1.6838401608444333 15.652141053689217 4
60 0.1 25.469571750563485 0.0 25.506376594148538 1.6838401608444333 17.62298816178108 5
70 0.1 25.38847117794486 0.0 25.506376594148538 1.6838401608444333 18.930752093244816 6
80 0.1 25.37575150300601 0.0 25.506376594148538 1.6838401608444333 19.853283391059108 7
90 0.1 25.544158118588946 0.0 25.544158118588946 1.6838401608444333 20.54359190505247 8
100 0.1 25.469101826369776 0.0 25.544158118588946 1.6838401608444333 21.099210373223187 9
110 0.1 25.457278877474316 0.0 25.544158118588946 1.6838401608444333 21.536199518537845 10
120 0.1 25.41948409717005 0.0 25.544158118588946 1.6838401608444333 21.89266127844116 11
130 0.1 25.469571750563485 0.0 25.544158118588946 1.6838401608444333 22.1865631800019 12
140 0.1 25.469571750563485 0.0 25.544158118588946 1.6838401608444333 22.439102300814334 13
150 0.1 25.456821026282856 0.0 25.544158118588946 1.6838401608444333 22.655564404367844 14
160 0.1 25.501002004008015 0.0 25.544158118588946 1.6838401608444333 22.842314845828845 15
170 0.1 25.575575575575577 0.0 25.575575575575577 1.6838401608444333 23.00848279321504 16
180 0.1 25.475951903807616 0.0 25.575575575575577 1.6838401608444333 23.159488251000955 17
190 0.1 25.41990473802958 0.0 25.575575575575577 1.6838401608444333 23.28818067615688 18
200 0.1 25.53191489361702 0.0 25.575575575575577 1.6838401608444333 23.400376679413338 19
