10 55 29.950552201704554 45.969432064836916 1024.19189453125 17.56591796875 0 0
20 141 124.28541268423096 175.0950282116083 1278.0888671875 17.27001953125 29.950552201704554 550
30 156.2 1073.2393736308118 1033.7392432148054 6167.403076171875 17.27001953125 97.81389571209344 1960
40 119.8 4719.817751468913 2431.3310491215225 16546.009033203125 17.27001953125 530.4131565039838 3522
50 120.1 9542.034587672706 4256.148278288034 22626.57080078125 17.27001953125 1593.7408481921163 4720
60 140.1 13614.112835488608 6161.7412905511665 32341.2138671875 17.27001953125 3205.9517553220253 5921
70 135.2 18091.60317776471 9235.546961610276 42513.472900390625 17.27001953125 5197.4614075090485 7322
80 152.3 20408.13101615077 11279.171834702523 51550.9609375 17.27001953125 7207.246935914128 8674
90 131.9 23767.01226052378 13062.107529047109 60162.090087890625 17.27001953125 9178.900015663114 10197
100 128.7 24841.54555622329 15553.892912049247 70422.43017578125 17.27001953125 10849.768377157661 11516
110 126.4 27130.99502621421 17633.90100381948 82543.87890625 17.27001953125 12256.26819981309 12803
120 118.9 32219.309174020316 21024.665902242392 91017.45190429688 17.27001953125 13592.847051634448 14067
130 144.1 34566.436359095824 23891.16395820942 98748.46313476563 17.27001953125 15044.529239856576 15256
140 128.4 40869.36247410286 27044.067812314977 107738.60693359375 17.27001953125 16729.32699746715 16697
150 111.2 39834.55811425075 28291.979476612734 120168.22290039063 17.27001953125 18453.135770727826 17981
160 116.6 44673.56883279002 32826.66093821517 128551.18188476563 17.27001953125 19698.416326219234 19093
170 128.2 48440.5084546546 34884.26314167463 140104.1640625 17.27001953125 21135.852913546423 20259
180 130.3 51153.926719964096 36846.94032227442 149574.4541015625 17.27001953125 22760.87349772082 21541
190 127.2 52485.2798362108 37830.364982558225 151803.76098632813 17.27001953125 24380.386207779608 22844
200 132.5 55897.513325840235 38392.576039826265 167140.35913085938 17.27001953125 25862.780663550235 24116
