10 392.5 0.9664805185111459 0.2948044167352282 4.782958984375 0.4150390625 0 0
20 1341.3 0.9500943471643654 0.47652247591414937 18.973876953125 0.383056640625 0.9664805185111459 3925
30 2303.7 1.1208609065884452 0.7769089176136853 19.52197265625 0.322021484375 0.9538038709004428 17338
40 3141.1 5.252982299256725 14.282629233168286 1005.22607421875 0.322021484375 1.0491225812693472 40375
50 3764.1 46.36798116944882 38.17783996214446 1082.076904296875 0.322021484375 2.888582052499135 71786
60 3854.6 197.11462256667568 177.67713104852052 3218.427001953125 0.322021484375 17.844745176418304 109427
70 3727.7 424.0924702805583 577.062209454409 7247.925048828125 0.322021484375 64.54337731799049 147973
80 3618.5 380.0637238337376 679.8953314070301 15261.842041015625 0.322021484375 136.8937769852814 185250
90 3722.3 363.0947901047822 681.4272391650838 15268.76513671875 0.322021484375 176.63051474901067 221435
100 3604 428.94265402943324 744.2760716508552 31284.30908203125 0.322021484375 203.4642477925194 258658
110 3841.2 391.8306988620094 761.2762081659312 31284.30908203125 0.322021484375 231.03905916137285 294698
120 3655.1 447.0106068083814 716.9123589116111 31284.30908203125 0.322021484375 249.58046729736648 333110
130 3523.6 410.18598929500445 640.345092528853 31284.30908203125 0.322021484375 269.1017828520696 369661
140 3791.7 348.01511272771603 568.2263583989985 31284.30908203125 0.322021484375 281.3795796700832 404897
150 3794.9 388.2768051789609 650.1571973614051 31284.30908203125 0.322021484375 287.0854053823377 442814
160 3555.8 486.75256439660495 894.5263855704582 31295.673095703125 0.322021484375 295.07294275705675 480763
170 3617.3 392.66004147900264 720.4365207150785 31295.673095703125 0.322021484375 308.27353693443683 516321
180 3816 333.541286572469 627.5841322332816 31295.673095703125 0.322021484375 313.79850739364645 552494
190 3559 340.791035717382 545.7336645443 31295.673095703125 0.322021484375 315.0740163269033 590654
200 3752.6 461.62447207175904 856.6092131871982 31295.673095703125 0.322021484375 316.535537267794 626244
