10 39.1 20.88649146819054 3.495746385573674 38.93310546875 14.77685546875 0 0
20 134.2 21.781180505425695 5.787255262839234 104.739990234375 13.239013671875 20.88649146819054 391
30 230.3 29.572103641988697 16.727722818286594 347.830078125 13.239013671875 21.579320486061043 1733
40 305 104.57308753842213 122.27866838352683 1121.462890625 13.239013671875 26.140118208583683 4036
50 346.8 809.1954130988905 409.41132918211895 2607.4951171875 13.239013671875 59.89972256308654 7086
60 308.9 3283.070249745817 1023.1260206703848 8458.02783203125 13.239013671875 306.11513423431717 10554
70 276.7 7017.932920355981 1967.870138398804 17084.43701171875 13.239013671875 980.1468246114354 13643
80 371.2 10274.963863898967 3381.7563213648646 21945.3359375 13.239013671875 1998.218374088898 16410
90 376.6 10797.380952726697 4549.072641043562 36806.611083984375 13.239013671875 3525.0685509189834 20122
100 371.4 10707.249667051086 4540.07649900938 41139.549072265625 13.239013671875 4671.565892898549 23888
110 379 10845.324228927906 5012.018906516458 50222.3720703125 13.239013671875 5483.700141764665 27602
120 343.4 10998.498902007048 4677.255422023209 57617.625 13.239013671875 6131.016505499015 31392
130 379.8 11233.627699817365 4439.570199084135 57617.625 13.239013671875 6610.972129159744 34826
140 384.2 11164.92880441245 5597.69698321624 79615.87890625 13.239013671875 7065.5300687143645 38624
150 334.9 10132.460153683947 5008.102366881038 79615.87890625 13.239013671875 7436.412420302741 42466
160 360.3 11202.678776936107 4590.695722888607 79615.87890625 13.239013671875 7633.489007863446 45815
170 383.5 11888.78381866494 5400.714852324944 79615.87890625 13.239013671875 7893.713839664992 49418
180 399.1 11120.863089656807 5987.820231678178 93564.56616210938 13.239013671875 8181.417694273461 53253
190 340.8 10943.507522797912 6173.358817970044 93564.56616210938 13.239013671875 8386.353173502288 57244
200 382.1 11605.985659086395 5951.084272402197 93564.56616210938 13.239013671875 8530.038163649348 60652
