10 558.5 0.9597821924658684 0.4093294381649785 22.26708984375 0.416015625 0 0
20 1139.3 39.01111089491628 197.93817676280585 3004.078125 0.369140625 0.9597821924658684 5585
30 1176.9 664.05710664753 1245.886182999831 7021.526123046875 0.369140625 26.49393155676187 16978
40 1282.5 1485.6571416986494 1954.0427504357633 15036.0048828125 0.369140625 287.5118119492637 28747
50 2365.5 1511.4451845313065 3205.5738608309844 15093.949951171875 0.369140625 657.1407413737771 41572
60 2329.5 1378.0487291377412 3078.2196590929166 31089.840087890625 0.369140625 966.9598592680749 65227
70 2356.6 1607.85656315599 3768.506994695646 31113.387939453125 0.369140625 1075.1399187291565 88522
80 2320.5 1951.5732192200837 4204.668006195924 31113.387939453125 0.369140625 1187.1412073823822 112088
90 2382.2 1777.2874123319746 4169.617037193771 31113.387939453125 0.369140625 1318.2540131793846 135293
100 2336.1 1987.0665568248082 4534.383581121158 31113.387939453125 0.369140625 1386.9784806061703 159115
110 2360.2 1854.8113206627888 3830.6785325117903 31113.387939453125 0.369140625 1463.8031454856261 182476
120 2325.6 2329.096542720598 4893.200624308572 31115.406005859375 0.369140625 1508.5850967396727 206078
130 2373.5 2327.603478831587 4977.022540579505 31115.406005859375 0.369140625 1591.790439984601 229334
140 2308.7 2464.68391582698 5448.735198614023 31119.45703125 0.369140625 1660.8013519375988 253069
150 2394.2 2651.4546205882248 5463.777440627228 31119.45703125 0.369140625 1728.00697757135 276156
160 2287.8 2702.432742235153 5469.428713839043 31122.084228515625 0.369140625 1801.680189219245 300098
170 2349.2 2607.0989475597703 5401.85436450916 31122.084228515625 0.369140625 1865.4849824791095 322976
180 2415.7 2711.209359696858 5481.103667321335 31122.084228515625 0.369140625 1915.7695549870318 346468
190 2295.8 3132.211439584478 6157.511135640347 31131.493896484375 0.369140625 1967.6155971114845 370625
200 2361.9 2935.126402296863 6023.303407279207 31149.899169921875 0.369140625 2035.5473709723856 393583
