10 0.1 664 0 664 664 0 0
20 0.1 3620.0 0.0 3620 664 664.0 1
30 0.1 6606.0 0.0 6606 664 2142.0 2
40 0.1 9318.0 0.0 9318 664 3630.0 3
50 0.1 9144.0 0.0 9318 664 5052.0 4
60 0.1 11884.0 0.0 11884 664 5870.4 5
70 0.1 11879.0 0.0 11884 664 6872.666666666667 6
80 0.1 13495.0 0.0 13495 664 7587.857142857143 7
90 0.1 11279.0 0.0 13495 664 8326.25 8
100 0.1 14180.0 0.0 14180 664 8654.333333333334 9
110 0.1 14696.0 0.0 14696 664 9206.9 10
120 0.1 15166.0 0.0 15166 664 9705.90909090909 11
130 0.1 13274.0 0.0 15166 664 10160.916666666666 12
140 0.1 15774.0 0.0 15774 664 10400.384615384615 13
150 0.1 14505.0 0.0 15774 664 10784.214285714286 14
160 0.1 17933.0 0.0 17933 664 11032.266666666666 15
170 0.1 14511.0 0.0 17933 664 11463.5625 16
180 0.1 18438.0 0.0 18438 664 11642.823529411764 17
190 0.1 16805.0 0.0 18438 664 12020.333333333334 18
200 0.1 17127.0 0.0 18438 664 12272.157894736842 19
