10 0.1 2.3839397741530743 0 2.3839397741530743 2.3839397741530743 0 0
20 0.1 13.315082130413142 0.0 13.315082130413142 2.3839397741530743 2.3839397741530743 1
30 0.1 21.81500872600349 0.0 21.81500872600349 2.3839397741530743 7.849510952283108 2
40 0.1 25.46273136568284 0.0 25.46273136568284 2.3839397741530743 12.50467687685657 3
50 0.1 25.381727158948685 0.0 25.46273136568284 2.3839397741530743 15.744190499063137 4
60 0.1 25.463194792188283 0.0 25.463194792188283 2.3839397741530743 17.671697831040245 5
70 0.1 25.45045045045045 0.0 25.463194792188283 2.3839397741530743 18.970280657898254 6
80 0.1 25.488232348522782 0.0 25.488232348522782 2.3839397741530743 19.896019199691427 7
90 0.1 25.494120590442833 0.0 25.494120590442833 2.3839397741530743 20.595045843295345 8
100 0.1 25.53776888444222 0.0 25.53776888444222 2.3839397741530743 21.13938748186729 9
110 0.1 25.494615577260205 0.0 25.53776888444222 2.3839397741530743 21.57922562212478 10
120 0.1 25.525525525525527 0.0 25.53776888444222 2.3839397741530743 21.93517016350073 11
130 0.1 25.544158118588946 0.0 25.544158118588946 2.3839397741530743 22.23436644366946 12
140 0.1 25.456821026282856 0.0 25.544158118588946 2.3839397741530743 22.488965803278653 13
150 0.1 25.50688360450563 0.0 25.544158118588946 2.3839397741530743 22.700955462064666 14
160 0.1 25.525525525525527 0.0 25.544158118588946 2.3839397741530743 22.888017338227396 15
170 0.1 25.501002004008015 0.0 25.544158118588946 2.3839397741530743 23.052861599933532 16
180 0.1 25.494615577260205 0.0 25.544158118588946 2.3839397741530743 23.196869858996735 17
190 0.1 25.53191489361702 0.0 25.544158118588946 2.3839397741530743 23.32452239890026 18
200 0.1 25.395232120451695 0.0 25.544158118588946 2.3839397741530743 23.440700951253774 19
