20 0.1 4737 0 4737 4737 0 0
30 0.1 6.4e3 0.0 6400 4737 4737.0 1
40 0.1 7794.0 0.0 7794 4737 5568.5 2
50 0.1 9.5e3 0.0 9500 4737 6310.333333333333 3
60 0.1 10054.0 0.0 10054 4737 7107.75 4
70 0.1 10002.0 0.0 10054 4737 7697.0 5
80 0.1 11940.0 0.0 11940 4737 8081.166666666667 6
90 0.1 11540.0 0.0 11940 4737 8632.42857142857 7
100 0.1 11433.0 0.0 11940 4737 8995.875 8
110 0.1 13217.0 0.0 13217 4737 9266.666666666666 9
120 0.1 11992.0 0.0 13217 4737 9661.7 10
130 0.1 12482.0 0.0 13217 4737 9873.545454545454 11
140 0.1 11395.0 0.0 13217 4737 10090.916666666666 12
150 0.1 13036.0 0.0 13217 4737 10191.23076923077 13
160 0.1 14120.0 0.0 14120 4737 10394.42857142857 14
170 0.1 11991.0 0.0 14120 4737 10642.8 15
180 0.1 13001.0 0.0 14120 4737 10727.0625 16
190 0.1 16113.0 0.0 16113 4737 10860.823529411764 17
200 0.1 14187.0 0.0 16113 4737 11152.611111111111 18
