0 0.8 21.323699951171875 8.088367845520231 33.934814453125 12.572021484375 0 0
10 96.5 14.96463882367228 3.154712602907165 33.934814453125 10.331787109375 21.323699951171875 8
20 189.7 26.39852746009325 15.510939629104753 96.078125 10.331787109375 15.01692298504946 973
30 195.3 1010.0349354858714 829.1298284745144 3555.078857421875 10.331787109375 22.539885942944256 2870
40 218.3 4240.0996840822545 832.192898414063 6673.5849609375 10.331787109375 422.4108856852907 4823
50 224.2 6044.366515623257 1564.1260617840585 14620.965087890625 10.331787109375 1611.9647890396402 7006
60 229.8 8374.346423222982 3735.5842521783616 20939.822021484375 10.331787109375 2686.5154671322516 9248
70 221.1 9572.909575436022 6026.750460877615 36117.56689453125 10.331787109375 3818.564275126059 11546
80 222.9 10429.227072577567 9295.086923623236 39166.5009765625 10.331787109375 4743.392177938105 13757
90 227.5 11591.83143908826 9795.847289633975 42971.01806640625 10.331787109375 5536.193753075811 15986
100 215.9 9282.776988677497 7669.58821511241 58669.782958984375 10.331787109375 6290.619892700056 18261
110 226.6 12966.117556727677 10626.887982101598 61780.926025390625 10.331787109375 6606.979695355066 20420
120 209.6 21891.823630762487 25285.54041912881 85094.86401367188 10.331787109375 7242.164672604045 22686
130 226.7 26043.45672346267 28144.050146533416 93605.41796875 10.331787109375 8481.196436638429 24782
140 223.9 25385.231917891986 28467.543135154745 97320.9619140625 10.331787109375 9953.104605895353 27049
150 221.2 31836.266486445555 33103.451988171684 110706.6708984375 10.331787109375 11132.855119810965 29288
160 225.5 31372.14686915361 33154.04853312065 115378.84301757813 10.331787109375 12586.694673556862 31500
170 217.3 34764.84382111875 34357.93899790122 115378.84301757813 10.331787109375 13841.655263130871 33755
180 215.6 44374.15704696742 36136.75444415857 126137.80810546875 10.331787109375 15107.13312820846 35928
190 218.5 30628.36865826567 32504.324974491996 130875.59008789063 10.331787109375 16763.989119408026 38084
200 221.4 39650.35981299752 39941.94332118578 164595.25903320313 10.331787109375 17516.27175102053 40269
