10 0.1 3.87109375 0 3.87109375 3.87109375 0 0
20 0.1 3.28125 0.0 3.87109375 3.28125 3.87109375 1
30 0.1 3.0 0.0 3.87109375 3.0 3.576171875 2
40 0.1 2.76953125 0.0 3.87109375 2.76953125 3.3841145833333335 3
50 0.1 2.71875 0.0 3.87109375 2.71875 3.23046875 4
60 0.1 2.69140625 0.0 3.87109375 2.69140625 3.128125 5
70 0.1 2.73828125 0.0 3.87109375 2.69140625 3.0553385416666665 6
80 0.1 2.8515625 0.0 3.87109375 2.69140625 3.010044642857143 7
90 0.1 2.87109375 0.0 3.87109375 2.69140625 2.990234375 8
100 0.1 3.109375 0.0 3.87109375 2.69140625 2.9769965277777777 9
110 0.1 2.94921875 0.0 3.87109375 2.69140625 2.990234375 10
120 0.1 2.890625 0.0 3.87109375 2.69140625 2.9865056818181817 11
130 0.1 2.62109375 0.0 3.87109375 2.62109375 2.978515625 12
140 0.1 2.671875 0.0 3.87109375 2.62109375 2.9510216346153846 13
150 0.1 2.6484375 0.0 3.87109375 2.62109375 2.9310825892857144 14
160 0.1 2.76953125 0.0 3.87109375 2.62109375 2.912239583333333 15
170 0.1 2.96875 0.0 3.87109375 2.62109375 2.9033203125 16
180 0.1 2.96875 0.0 3.87109375 2.62109375 2.907169117647059 17
190 0.1 2.96875 0.0 3.87109375 2.62109375 2.9105902777777777 18
200 0.1 2.8203125 0.0 3.87109375 2.62109375 2.913651315789474 19
