10 0.1 1.5849056603773584 0 1.5849056603773584 1.5849056603773584 0 0
20 0.1 8.199598796389168 0.0 8.199598796389168 1.5849056603773584 1.5849056603773584 1
30 0.1 16.587321473314958 0.0 16.587321473314958 1.5849056603773584 4.8922522283832635 2
40 0.1 23.62953692115144 0.0 23.62953692115144 1.5849056603773584 8.790608643360494 3
50 0.1 25.551102204408814 0.0 25.551102204408814 1.5849056603773584 12.500340712808232 4
60 0.1 25.407574617506896 0.0 25.551102204408814 1.5849056603773584 15.110493011128346 5
70 0.1 25.619214410808105 0.0 25.619214410808105 1.5849056603773584 16.826673278858106 6
80 0.1 25.575575575575577 0.0 25.619214410808105 1.5849056603773584 18.08275058342239 7
90 0.1 25.6128064032016 0.0 25.619214410808105 1.5849056603773584 19.01935370744154 8
100 0.1 25.61859535116221 0.0 25.619214410808105 1.5849056603773584 19.75195956252599 9
110 0.1 25.594195646735052 0.0 25.619214410808105 1.5849056603773584 20.33862314138961 10
120 0.1 25.469571750563485 0.0 25.619214410808105 1.5849056603773584 20.816402460057375 11
130 0.1 25.58838257386079 0.0 25.619214410808105 1.5849056603773584 21.204166567599554 12
140 0.1 25.663495242864297 0.0 25.663495242864297 1.5849056603773584 21.54141395269657 13
150 0.1 25.495111556781147 0.0 25.663495242864297 1.5849056603773584 21.835848330565693 14
160 0.1 25.569176882662 0.0 25.663495242864297 1.5849056603773584 22.07979921231339 15
170 0.1 25.600600600600597 0.0 25.663495242864297 1.5849056603773584 22.29788531671018 16
180 0.1 25.519659403956922 0.0 25.663495242864297 1.5849056603773584 22.49216268635079 17
190 0.1 25.569747057350362 0.0 25.663495242864297 1.5849056603773584 22.660356948440022 18
200 0.1 25.540372670807454 0.0 25.663495242864297 1.5849056603773584 22.813482743645828 19
