10 0.1 2.609375 0 2.609375 2.609375 0 0
20 0.1 2.2109375 0.0 2.609375 2.2109375 2.609375 1
30 0.1 1.87109375 0.0 2.609375 1.87109375 2.41015625 2
40 0.1 1.73828125 0.0 2.609375 1.73828125 2.23046875 3
50 0.1 1.62109375 0.0 2.609375 1.62109375 2.107421875 4
60 0.1 1.609375 0.0 2.609375 1.609375 2.01015625 5
70 0.1 1.58984375 0.0 2.609375 1.58984375 1.943359375 6
80 0.1 1.5 0.0 2.609375 1.5 1.8928571428571428 7
90 0.1 1.421875 0.0 2.609375 1.421875 1.84375 8
100 0.1 1.359375 0.0 2.609375 1.359375 1.796875 9
110 0.1 1.30078125 0.0 2.609375 1.30078125 1.753125 10
120 0.1 1.26171875 0.0 2.609375 1.26171875 1.7120028409090908 11
130 0.1 1.2890625 0.0 2.609375 1.26171875 1.6744791666666667 12
140 0.1 1.25 0.0 2.609375 1.25 1.6448317307692308 13
150 0.1 1.2109375 0.0 2.609375 1.2109375 1.6166294642857142 14
160 0.1 1.25 0.0 2.609375 1.2109375 1.5895833333333333 15
170 0.1 1.2109375 0.0 2.609375 1.2109375 1.568359375 16
180 0.1 1.1796875 0.0 2.609375 1.1796875 1.5473345588235294 17
190 0.1 1.1484375 0.0 2.609375 1.1484375 1.5269097222222223 18
200 0.1 1.12890625 0.0 2.609375 1.12890625 1.5069901315789473 19
