10 58.3 11.543815913781092 3.1100072214644396 33.343994140625 7.760986328125 0 0
20 158.9 14.84941762704531 7.6116526458210085 63.984130859375 7.616943359375 11.543815913781092 583
30 240.3 53.42943370754004 43.37090484243893 280.538818359375 7.616943359375 13.962140555759381 2172
40 242.5 852.0254537491935 735.6909257402768 2908.407958984375 7.616943359375 34.69217453253073 4575
50 247.3 4527.191265767952 975.0211286314984 7596.200927734375 7.616943359375 317.8397748325889 7000
60 271.8 6308.29499283567 1307.8350698583922 12721.251953125 7.616943359375 1416.7235747991417 9473
70 265.6 9062.01179780155 4210.50887281253 21951.766845703125 7.616943359375 2507.306063046479 12191
80 265.7 9402.392645017875 5463.340976287535 37242.6611328125 7.616943359375 3679.8862766592943 14847
90 258.4 11314.805739269907 8940.318422865748 38591.406005859375 7.616943359375 4548.527696947728 17504
100 279.2 13008.701704140043 9808.51270944799 40029.8740234375 7.616943359375 5418.901176704822 20088
110 257.9 12675.682854417591 9779.624613736933 40029.8740234375 7.616943359375 6345.069143164575 22880
120 261.1 11936.316665444896 8727.351699258752 47981.89501953125 7.616943359375 6986.3611326897535 25459
130 255 10708.392994983147 8081.09647514187 47981.89501953125 7.616943359375 7446.793405437302 28070
140 274.6 12131.241307402375 9088.77314201992 47981.89501953125 7.616943359375 7718.415840229657 30620
150 260.7 12072.837839867723 8810.971608036762 75559.73901367188 7.616943359375 8081.588493015614 33366
160 252.4 14156.857942850194 9148.542994636646 75559.73901367188 7.616943359375 8370.83840398338 35973
170 275.8 13170.73531880976 9670.638780132616 75559.73901367188 7.616943359375 8750.190387673014 38497
180 255.7 13490.778892329141 9405.167000967002 121804.48193359375 7.616943359375 9045.714879736404 41255
190 263.1 13796.44149709519 8686.010070102478 121804.48193359375 7.616943359375 9305.142175459028 43812
200 245.9 16948.54712162276 11300.74437296075 121804.48193359375 7.616943359375 9559.574673687495 46443
