10 583 1.1032551106212507 0.7946586924529132 26.381103515625 0.340087890625 0 0
20 1589 1.4412424652887068 0.9913730854378742 26.381103515625 0.14501953125 1.1032551106212507 5830
30 2416.1 5.34322116842803 5.187827061570641 215.94091796875 0.14501953125 1.3505211817845046 21720
40 2818.6 113.81021409849174 102.81366544101806 547.0830078125 0.14501953125 3.4530826860519404 45881
50 2741.7 536.2623149386111 349.94202814795256 3973.712890625 0.14501953125 45.44919574572802 74067
60 2695 712.4971526137103 887.0467533156416 10413.6650390625 0.14501953125 178.04766731672717 101484
70 2632.6 945.9804460107721 1968.5314984060624 17533.119873046875 0.14501953125 290.1940898275397 128434
80 2693.2 1042.0540436257882 2814.108294119624 32940.583984375 0.14501953125 401.74895938608046 154760
90 2654.1 1258.2082845990424 3747.539401889426 34493.550048828125 0.14501953125 496.6606590137129 181692
100 2666.6 1226.1680340287205 3569.71000790173 34493.550048828125 0.14501953125 593.7261362947405 208233
110 2670.2 1253.4421067348198 3703.23833625692 43020.9951171875 0.14501953125 665.521655411358 234899
120 2647.9 1121.7571226383923 3155.525078190629 43024.362060546875 0.14501953125 725.5315632146121 261601
130 2659.4 1096.8702409837197 2914.1525914320205 43024.362060546875 0.14501953125 761.9508099099129 288080
140 2624.6 1296.9820286510176 3802.68774395672 43024.362060546875 0.14501953125 790.255809210703 314674
150 2586.2 1260.9962815047363 3399.1554269794024 70064.51196289063 0.14501953125 829.2665341767668 340920
160 2636.8 1380.0105746185911 3715.279986505699 70064.51196289063 0.14501953125 859.7080354647143 366782
170 2625.4 1273.0691173603182 3493.666887190106 109656.01489257813 0.14501953125 894.6039717547039 393150
180 2609.2 1326.154280453617 3747.6517621268813 123640.10498046875 0.14501953125 918.2952668609256 419404
190 2618.7 1412.9157572668503 4060.7728831111017 123671.86206054688 0.14501953125 942.1829277662099 445496
200 2592.8 1563.198166623307 4592.066110625245 123671.86206054688 0.14501953125 968.3171759925256 471683
