20 0.1 2528 0 2528 2528 0 0
30 0.1 5107.0 0.0 5107 2528 2528.0 1
40 0.1 7520.0 0.0 7520 2528 3817.5 2
50 0.1 9393.0 0.0 9393 2528 5051.666666666667 3
60 0.1 11114.0 0.0 11114 2528 6137.0 4
70 0.1 11064.0 0.0 11114 2528 7132.4 5
80 0.1 10372.0 0.0 11114 2528 7787.666666666667 6
90 0.1 12557.0 0.0 12557 2528 8156.857142857143 7
100 0.1 12005.0 0.0 12557 2528 8706.875 8
110 0.1 12210.0 0.0 12557 2528 9073.333333333334 9
120 0.1 10965.0 0.0 12557 2528 9387.0 10
130 0.1 12407.0 0.0 12557 2528 9530.454545454546 11
140 0.1 14270.0 0.0 14270 2528 9770.166666666666 12
150 0.1 13610.0 0.0 14270 2528 10116.307692307691 13
160 0.1 13835.0 0.0 14270 2528 10365.857142857143 14
170 0.1 15483.0 0.0 15483 2528 10597.133333333333 15
180 0.1 13917.0 0.0 15483 2528 10902.5 16
190 0.1 15345.0 0.0 15483 2528 11079.823529411764 17
200 0.1 14229.0 0.0 15483 2528 11316.777777777777 18
