10 603.8515625 603.8515625
20 1648.8046875 2252.65625
30 2510.23359375 4762.88984375
40 3021.84609375 7784.7359375
50 2894.87890625 10679.61484375
60 2804.26015625 13483.875
70 2718.7609375 16202.6359375
80 2795.490625 18998.1265625
90 2769.64375 21767.7703125
100 2737.228125 24504.9984375
110 2786.503125 27291.5015625
120 2751.04140625 30042.54296875
130 2770.925 32813.46796875
140 2707.1140625 35520.58203125
150 2666.83515625 38187.4171875
160 2761.45703125 40948.87421875
170 2720.53046875 43669.4046875
180 2706.77578125 46376.18046875
190 2677.7828125 49053.96328125
200 2725.51171875 51779.475
