10 523.8 0.9148885603850467 0.23285312126943686 5.522216796875 0.43505859375 0 0
20 1267.4 3.5806810602660972 51.62894504135577 1004.326904296875 0.364990234375 0.9148885603850467 5238
30 1476.7 320.7925966451011 660.0529548671927 7022.89599609375 0.364990234375 2.801124276301328 17912
40 1470.9 926.4142879678268 1834.798090986331 15037.453857421875 0.364990234375 146.4952419809455 32679
50 1444.2 1864.1796975415073 3545.3505786617025 15054.205078125 0.364990234375 388.57824289723317 47388
60 1465.9 2363.3743230880987 4861.454775198575 31088.35498046875 0.35107421875 733.2432308961432 61830
70 1458 3816.3552876036865 7009.6960693393585 31102.448974609375 0.35107421875 1045.6553644113137 76489
80 1459.4 4133.106199314978 6178.869389789116 31104.458984375 0.35107421875 1489.2399528019273 91069
90 1422.4 4058.667544061342 6568.572805891266 31104.458984375 0.35107421875 1854.4064160067528 105663
100 1423.9 4051.6133860801233 6768.496968248476 31104.458984375 0.35107421875 2115.9311041334763 119887
110 1435.6 4996.542367955904 7748.504308130402 31104.458984375 0.35107421875 2321.425788330711 134126
120 1421.9 4633.947511345257 7443.3145421989375 31105.0009765625 0.35107421875 2580.0697560648423 148482
130 1410.6 5014.416667185929 7879.12670218833 31111.780029296875 0.35107421875 2759.565197410207 162701
140 1404.5 5001.4481218120445 8075.997973343452 31114.610107421875 0.35107421875 2939.461552377241 176807
150 1390 5066.611225744021 8302.396878839003 31114.610107421875 0.35107421875 3091.205319105972 190852
160 1409 5176.355907665989 8197.80155471159 31114.610107421875 0.35107421875 3225.3097093061606 204752
170 1356.7 5171.319165919051 8270.191540765883 31114.610107421875 0.35107421875 3350.926551296683 218842
180 1402.4 5235.664666619243 8501.81176241594 31114.610107421875 0.35107421875 3457.1929463269175 232409
190 1776.7 4726.133497610798 7813.775580034522 31114.610107421875 0.35107421875 3558.4021488500352 246433
200 1370.5 4988.466151367514 8253.13309187843 31114.610107421875 0.35107421875 3636.93009310981 264200
