20 0.1 2416 0 2416 2416 0 0
30 0.1 4654.0 0.0 4654 2416 2416.0 1
40 0.1 6578.0 0.0 6578 2416 3535.0 2
50 0.1 7717.0 0.0 7717 2416 4549.333333333333 3
60 0.1 5937.0 0.0 7717 2416 5341.25 4
70 0.1 8002.0 0.0 8002 2416 5460.4 5
80 0.1 8401.0 0.0 8401 2416 5884.0 6
90 0.1 8572.0 0.0 8572 2416 6243.571428571428 7
100 0.1 9291.0 0.0 9291 2416 6534.625 8
110 0.1 11659.0 0.0 11659 2416 6840.888888888889 9
120 0.1 9926.0 0.0 11659 2416 7322.7 10
130 0.1 10822.0 0.0 11659 2416 7559.363636363636 11
140 0.1 12057.0 0.0 12057 2416 7831.25 12
150 0.1 13607.0 0.0 13607 2416 8156.307692307692 13
160 0.1 14052.0 0.0 14052 2416 8545.642857142857 14
170 0.1 11917.0 0.0 14052 2416 8912.733333333334 15
180 0.1 14998.0 0.0 14998 2416 9100.5 16
190 0.1 14520.0 0.0 14998 2416 9447.411764705883 17
200 0.1 14594.0 0.0 14998 2416 9729.222222222223 18
