10 695.40625 695.40625
20 1665.46875 2360.875
30 1954.8671875 4315.7421875
40 1955.265625 6271.0078125
50 1910.375 8181.3828125
60 1934.1484375 10115.53125
70 1942.25 12057.78125
80 1936.9375 13994.71875
90 1866.1484375 15860.8671875
100 1880.890625 17741.7578125
110 1908.25 19650.0078125
120 1893.109375 21543.1171875
130 1869.734375 23412.8515625
140 1863.890625 25276.7421875
150 1847.421875 27124.1640625
160 1862.5625 28986.7265625
170 1802.3984375 30789.125
180 1834.9375 32624.0625
190 2380.265625 35004.328125
200 1820.4609375 36824.7890625
