10 542.6765625 542.6765625
20 1314.3671875 1857.04375
30 1533.21015625 3390.25390625
40 1523.82421875 4914.078125
50 1496.1609375 6410.2390625
60 1520.85703125 7931.09609375
70 1511.415625 9442.51171875
80 1513.5234375 10956.03515625
90 1474.6 12430.63515625
100 1476.57265625 13907.2078125
110 1488.828125 15396.0359375
120 1474.90703125 16870.94296875
130 1461.9609375 18332.90390625
140 1456.10546875 19789.009375
150 1441.646875 21230.65625
160 1460.7984375 22691.4546875
170 1407.15390625 24098.60859375
180 1454.8 25553.40859375
190 1842.74765625 27396.15625
200 1421.82734375 28817.98359375
