10 0.1 2613.16796875 0 2613.16796875 2613.16796875 0 0
20 0.1 2612.828125 0.0 2613.16796875 2612.828125 2613.16796875 1
30 0.1 2611.640625 0.0 2613.16796875 2611.640625 2612.998046875 2
40 0.1 2599.546875 0.0 2613.16796875 2599.546875 2612.5455729166665 3
50 0.1 2599.30078125 0.0 2613.16796875 2599.30078125 2609.2958984375 4
60 0.1 2599.12890625 0.0 2613.16796875 2599.12890625 2607.296875 5
70 0.1 2599.0234375 0.0 2613.16796875 2599.0234375 2605.935546875 6
80 0.1 2598.7421875 0.0 2613.16796875 2598.7421875 2604.9481026785716 7
90 0.1 2598.67578125 0.0 2613.16796875 2598.67578125 2604.17236328125 8
100 0.1 2598.66015625 0.0 2613.16796875 2598.66015625 2603.5616319444443 9
110 0.1 2598.25390625 0.0 2613.16796875 2598.25390625 2603.071484375 10
120 0.1 2597.9453125 0.0 2613.16796875 2597.9453125 2602.6335227272725 11
130 0.1 2597.8125 0.0 2613.16796875 2597.8125 2602.2428385416665 12
140 0.1 2597.28125 0.0 2613.16796875 2597.28125 2601.902043269231 13
150 0.1 2597.51171875 0.0 2613.16796875 2597.28125 2601.5719866071427 14
160 0.1 2596.76953125 0.0 2613.16796875 2596.76953125 2601.301302083333 15
170 0.1 2596.98046875 0.0 2613.16796875 2596.76953125 2601.01806640625 16
180 0.1 2596.8125 0.0 2613.16796875 2596.76953125 2600.780560661765 17
190 0.1 2596.484375 0.0 2613.16796875 2596.484375 2600.560112847222 18
200 0.1 2596.234375 0.0 2613.16796875 2596.234375 2600.3456003289475 19
