10 0.1 0.91015625 0 0.91015625 0.91015625 0 0
20 0.1 0.83984375 0.0 0.91015625 0.83984375 0.91015625 1
30 0.1 0.87109375 0.0 0.91015625 0.83984375 0.875 2
40 0.1 0.890625 0.0 0.91015625 0.83984375 0.8736979166666666 3
50 0.1 0.8984375 0.0 0.91015625 0.83984375 0.8779296875 4
60 0.1 0.921875 0.0 0.921875 0.83984375 0.88203125 5
70 0.1 0.9296875 0.0 0.9296875 0.83984375 0.888671875 6
80 0.1 0.94140625 0.0 0.94140625 0.83984375 0.89453125 7
90 0.1 0.94921875 0.0 0.94921875 0.83984375 0.900390625 8
100 0.1 0.9609375 0.0 0.9609375 0.83984375 0.9058159722222222 9
110 0.1 0.9609375 0.0 0.9609375 0.83984375 0.911328125 10
120 0.1 1.05078125 0.0 1.05078125 0.83984375 0.9158380681818182 11
130 0.1 1.0390625 0.0 1.05078125 0.83984375 0.9270833333333334 12
140 0.1 1.0390625 0.0 1.05078125 0.83984375 0.9356971153846154 13
150 0.1 1.03125 0.0 1.05078125 0.83984375 0.9430803571428571 14
160 0.1 1.03125 0.0 1.05078125 0.83984375 0.9489583333333333 15
170 0.1 1.01953125 0.0 1.05078125 0.83984375 0.9541015625 16
180 0.1 1.01953125 0.0 1.05078125 0.83984375 0.9579503676470589 17
190 0.1 1.01953125 0.0 1.05078125 0.83984375 0.9613715277777778 18
200 0.1 1.08984375 0.0 1.08984375 0.83984375 0.9644325657894737 19
