10 85.6 17.705891546802007 6.927820200115073 67.51904296875 10.51513671875 0 0
20 191.2 84.91044916767456 54.26892472497806 298.9580078125 10.51513671875 17.705891546802007 856
30 150.1 2206.070871209558 1444.477437841817 4597.153076171875 10.51513671875 64.12753683983247 2768
40 193.6 5527.435020005416 993.4650024549784 8456.09814453125 10.51513671875 817.2446473783563 4269
50 194 7379.967385329412 2463.516095458873 20227.694091796875 10.51513671875 2286.8544074760175 6205
60 181.5 10416.731760341316 5357.6236743792415 20659.631103515625 10.51513671875 3499.9470013416512 8145
70 187.1 10464.912591001443 7886.95330490965 37481.721923828125 10.51513671875 4760.385187846108 9960
80 177.8 13813.481274908378 10476.120784199093 47367.43505859375 10.51513671875 5662.521167163463 11831
90 188.9 12259.170861732395 9082.412144881466 47367.43505859375 10.51513671875 6727.434612058052 13609
100 179.5 14023.96275107721 11350.580212812463 66329.2880859375 10.51513671875 7401.679661460222 15498
110 169.6 13046.305926053037 10518.193103625863 66329.2880859375 10.51513671875 8089.067514687684 17293
120 180.7 10666.85052284196 8119.923869397304 75304.26220703125 10.51513671875 8531.822601615677 18989
130 179.2 13771.501028060917 11271.304473031585 77073.88598632813 10.51513671875 8717.338828469681 20796
140 163.9 12153.709893757852 9143.587249799724 77073.88598632813 10.51513671875 9118.306539717578 22588
150 175 13329.601317103794 9676.709835402531 77073.88598632813 10.51513671875 9323.657020473429 24227
160 177.1 12484.879602416087 9755.729551504977 96647.962890625 10.51513671875 9593.526617390053 25977
170 157.5 12851.641174355163 10201.866390938787 97347.662109375 10.51513671875 9778.065544032734 27748
180 181.2 13084.734814776486 11045.172132502525 122630.31713867188 10.51513671875 9943.153755257978 29323
190 174.8 12759.684770317872 11305.254981129177 146947.01806640625 10.51513671875 10125.988021512918 31135
200 163.5 13417.190597524843 10759.106245955885 146947.01806640625 10.51513671875 10265.99051267586 32883
