20 0.1 4932 0 4932 4932 0 0
30 0.1 8874.0 0.0 8874 4932 4932.0 1
40 0.1 11351.0 0.0 11351 4932 6903.0 2
50 0.1 14747.0 0.0 14747 4932 8385.666666666666 3
60 0.1 12447.0 0.0 14747 4932 9976.0 4
70 0.1 16307.0 0.0 16307 4932 10470.2 5
80 0.1 13343.0 0.0 16307 4932 11443.0 6
90 0.1 14410.0 0.0 16307 4932 11714.42857142857 7
100 0.1 16524.0 0.0 16524 4932 12051.375 8
110 0.1 16562.0 0.0 16562 4932 12548.333333333334 9
120 0.1 14506.0 0.0 16562 4932 12949.7 10
130 0.1 15655.0 0.0 16562 4932 13091.181818181818 11
140 0.1 18036.0 0.0 18036 4932 13304.833333333334 12
150 0.1 16794.0 0.0 18036 4932 13668.76923076923 13
160 0.1 20410.0 0.0 20410 4932 13892.0 14
170 0.1 19905.0 0.0 20410 4932 14326.533333333333 15
180 0.1 19964.0 0.0 20410 4932 14675.1875 16
190 0.1 19710.0 0.0 20410 4932 14986.29411764706 17
200 0.1 19045.0 0.0 20410 4932 15248.722222222223 18
