10 887.74921875 887.74921875
20 1986.86328125 2874.6125
30 2113.646875 4988.259375
40 2007.8921875 6996.1515625
50 1967.71875 8963.8703125
60 1893.89921875 10857.76953125
70 1950.30859375 12808.078125
80 1878.25078125 14686.32890625
90 1892.2734375 16578.60234375
100 1836.83046875 18415.4328125
110 1853.80234375 20269.23515625
120 1802.78046875 22072.015625
130 1846.5046875 23918.5203125
140 1796.8484375 25715.36875
150 1809.35390625 27524.72265625
160 1737.934375 29262.65703125
170 1770.0515625 31032.70859375
180 1806.33203125 32839.040625
190 1758.671875 34597.7125
200 1754.671875 36352.384375
