0 0.1 1.828833911789681 0 1.828833911789681 1.828833911789681 0 0
10 0.1 1.0280842527582748 0.0 1.828833911789681 1.0280842527582748 1.828833911789681 1
20 0.1 11.24729632299928 0.0 11.24729632299928 1.0280842527582748 1.428459082273978 2
30 0.1 18.998562529947293 0.0 18.998562529947293 1.0280842527582748 4.701404829182412 3
40 0.1 24.442811658094538 0.0 24.442811658094538 1.0280842527582748 8.275694254373633 4
50 0.1 36.679151061173535 0.0 36.679151061173535 1.0280842527582748 11.509117735117815 5
60 0.1 43.21619734698627 0.0 43.21619734698627 1.0280842527582748 15.704123289460435 6
70 0.1 44.85624438454627 0.0 44.85624438454627 1.0280842527582748 19.634419583392695 7
80 0.1 45.76149425287356 0.0 45.76149425287356 1.0280842527582748 22.787147683536894 8
100 0.1 43.75131274942239 0.0 45.76149425287356 1.0280842527582748 25.339852857907633 9
110 0.1 44.32757325319309 0.0 45.76149425287356 1.0280842527582748 27.180998847059108 10
120 0.1 44.69235970250169 0.0 45.76149425287356 1.0280842527582748 28.73977833852583 11
130 0.1 45.140500128899205 0.0 45.76149425287356 1.0280842527582748 30.069160118857152 12
140 0.1 44.79806848112379 0.0 45.76149425287356 1.0280842527582748 31.22849396578346 13
150 0.1 44.1736304549675 0.0 45.76149425287356 1.0280842527582748 32.19774928830777 14
160 0.1 45.062429057888764 0.0 45.76149425287356 1.0280842527582748 32.996141366085084 15
170 0.1 44.60431654676259 0.0 45.76149425287356 1.0280842527582748 33.75028434682281 16
190 0.1 44.94734483531257 0.0 45.76149425287356 1.0280842527582748 34.38875682917221 17
200 0.1 44.80507368028353 0.0 45.76149425287356 1.0280842527582748 34.97534505173556 18
