0 0.1 2985.94921875 0 2985.94921875 2985.94921875 0 0
10 0.1 2985.26953125 0.0 2985.94921875 2985.26953125 2985.94921875 1
20 0.1 2984.91015625 0.0 2985.94921875 2984.91015625 2985.609375 2
30 0.1 2984.3515625 0.0 2985.94921875 2984.3515625 2985.3763020833335 3
40 0.1 2983.0625 0.0 2985.94921875 2983.0625 2985.1201171875 4
50 0.1 2979.6953125 0.0 2985.94921875 2979.6953125 2984.70859375 5
60 0.1 2968.47265625 0.0 2985.94921875 2968.47265625 2983.873046875 6
70 0.1 2945.64453125 0.0 2985.94921875 2945.64453125 2981.6729910714284 7
80 0.1 2936.29296875 0.0 2985.94921875 2936.29296875 2977.16943359375 8
100 0.1 2917.90625 0.0 2985.94921875 2917.90625 2972.6276041666665 9
110 0.1 2914.35546875 0.0 2985.94921875 2914.35546875 2967.15546875 10
120 0.1 2901.421875 0.0 2985.94921875 2901.421875 2962.35546875 11
130 0.1 2891.671875 0.0 2985.94921875 2891.671875 2957.2776692708335 12
140 0.1 2883.55859375 0.0 2985.94921875 2883.55859375 2952.2310697115386 13
150 0.1 2882.515625 0.0 2985.94921875 2882.515625 2947.3258928571427 14
160 0.1 2875.46484375 0.0 2985.94921875 2875.46484375 2943.0052083333335 15
170 0.1 2878.08203125 0.0 2985.94921875 2875.46484375 2938.783935546875 16
190 0.1 2884.984375 0.0 2985.94921875 2875.46484375 2935.2132352941176 17
200 0.1 2879.98046875 0.0 2985.94921875 2875.46484375 2932.4227430555557 18
