0 0.1 1.01953125 0 1.01953125 1.01953125 0 0
10 0.1 0.94140625 0.0 1.01953125 0.94140625 1.01953125 1
20 0.1 0.80078125 0.0 1.01953125 0.80078125 0.98046875 2
30 0.1 0.6796875 0.0 1.01953125 0.6796875 0.9205729166666666 3
40 0.1 0.5703125 0.0 1.01953125 0.5703125 0.8603515625 4
50 0.1 0.94921875 0.0 1.01953125 0.5703125 0.80234375 5
60 0.1 1.12109375 0.0 1.12109375 0.5703125 0.8268229166666666 6
70 0.1 1.48046875 0.0 1.48046875 0.5703125 0.8688616071428571 7
80 0.1 1.66015625 0.0 1.66015625 0.5703125 0.9453125 8
100 0.1 1.890625 0.0 1.890625 0.5703125 1.0247395833333333 9
110 0.1 1.98046875 0.0 1.98046875 0.5703125 1.111328125 10
120 0.1 1.91015625 0.0 1.98046875 0.5703125 1.1903409090909092 11
130 0.1 1.921875 0.0 1.98046875 0.5703125 1.2503255208333333 12
140 0.1 2.08984375 0.0 2.08984375 0.5703125 1.3019831730769231 13
150 0.1 2.37890625 0.0 2.37890625 0.5703125 1.3582589285714286 14
160 0.1 2.55078125 0.0 2.55078125 0.5703125 1.4263020833333333 15
170 0.1 2.55078125 0.0 2.55078125 0.5703125 1.49658203125 16
190 0.1 2.4609375 0.0 2.55078125 0.5703125 1.55859375 17
200 0.1 2.359375 0.0 2.55078125 0.5703125 1.6087239583333333 18
