10 392.4 1.9616065224619332 0.6833785790356695 15.841064453125 1.043212890625 0 0
20 1341.3 2.052495822324868 0.8642005668808995 26.432861328125 0.920166015625 1.9616065224619332 3924
30 2303.5 2.8112952796865076 3.0885133958154394 299.968017578125 0.916015625 2.031924234814794 17337
40 3131.5 11.29994114585412 18.326086323848077 1012.12890625 0.916015625 2.476608967268473 40372
50 3731.5 91.20016153911364 57.60848935004366 1171.510009765625 0.916015625 6.330901198390008 71687
60 3767.2 391.264229227466 252.8555999208463 5007.243896484375 0.916015625 35.384463973514336 109002
70 3722.1 890.107059071578 888.7713610825914 13634.903076171875 0.916015625 126.7892290760333 146674
80 3616.8 1052.797258450909 1331.5677817404712 17481.777099609375 0.916015625 281.2874642116496 183895
90 3678.3 1097.1061622174238 1480.808597952651 27515.576904296875 0.916015625 408.08736350433185 220063
100 3689.4 1088.4983525503833 1369.3822265243148 31504.3740234375 0.916015625 506.76197191973904 256846
110 3707.3 1045.062377768345 1465.8736808172432 44069.718994140625 0.916015625 579.8285683212744 293740
120 3667.1 1080.7396438464225 1368.8302091175506 44069.718994140625 0.916015625 631.965615588556 330813
130 3675.9 1208.3969267956097 1572.945641896997 44069.718994140625 0.916015625 676.748496993581 367484
140 3716.1 1008.9109472876992 1531.3413958206913 61465.219970703125 0.916015625 725.0928458903902 404243
150 3670.5 963.2664323701539 1416.6522417352492 62520.322021484375 0.916015625 748.9869756808439 441404
160 3627.2 1243.61871339237 1774.1324260036297 67848.08911132813 0.916015625 765.4374659618909 478109
170 3675.1 1107.1468176859687 1807.7370306567202 69605.64819335938 0.916015625 799.1568105854254 514381
180 3714.7 1077.8819773401817 1769.8424553267234 69605.64819335938 0.916015625 819.69443269946 551132
190 3660.4 1134.5807723023568 1982.7511437240348 69605.64819335938 0.916015625 835.9977389891097 588279
200 3697.1 1165.1946394838485 1785.6472189095193 90149.69580078125 0.916015625 853.4879465181962 624883
