10 42 23.024929664248518 3.833673829348585 40.639892578125 16.19482421875 0 0
20 135.9 23.76590830372748 5.84971787003286 107.802001953125 14.716064453125 23.024929664248518 420
30 235 31.558916535073138 16.65137178749667 349.242919921875 14.716064453125 23.59097236860597 1779
40 306.3 122.09398106877956 140.55102839138823 1123.2939453125 14.716064453125 28.12588852050664 4129
50 345.9 848.2084988464194 436.8113909785908 2608.718017578125 14.716064453125 68.1459479581262 7192
60 307.2 3376.2351039250693 1033.96535332506 8460.2470703125 14.716064453125 321.47768803160346 10651
70 274.4 7135.908704307272 1997.0695517818035 17086.865966796875 14.716064453125 1005.3088314860032 13723
80 374.6 10279.558419801451 3423.003992643934 21947.029052734375 14.716064453125 2026.8893289063933 16467
90 374.1 10798.609652358356 4551.741785994645 36809.1171875 14.716064453125 3556.325751727988 20213
100 375.1 10730.604158031807 4569.025493597569 45571.77001953125 14.716064453125 4687.384617564934 23954
110 373.7 10847.694713613955 4992.932821695061 50224.43896484375 14.716064453125 5505.580484603059 27705
120 343.1 10989.731160968013 4660.110875335864 57619.099853515625 14.716064453125 6140.510860336591 31442
130 379.2 11240.051717830593 4459.4941409023495 57619.099853515625 14.716064453125 6617.604166087929 34873
140 385.4 11180.671012716106 5598.095549663331 79618.61401367188 14.716064453125 7070.942356084261 38665
150 332.2 10134.498315782459 5146.651035300159 81401.19482421875 14.716064453125 7443.455685246732 42519
160 365.6 11209.124508179508 4614.987131143878 81401.19482421875 14.716064453125 7638.46983455935 45841
170 389.1 11878.756924345123 5595.296534052864 81401.19482421875 14.716064453125 7902.2093235537395 49497
180 393.5 11151.582178975223 5832.1442275567015 93565.91918945313 14.716064453125 8192.026262091975 53388
190 345.1 10960.324294022521 6265.217601972507 93565.91918945313 14.716064453125 8395.188213366953 57323
200 380.1 11627.179581134069 5831.889984573773 93565.91918945313 14.716064453125 8540.84728820722 60774
