10 391.1796875 391.1796875
20 1338.5296875 1729.709375
30 2300.3921875 4030.1015625
40 3131.4828125 7161.584375
50 3755.9046875 10917.4890625
60 3847.796875 14765.2859375
70 3717.5296875 18482.815625
80 3608.8859375 22091.7015625
90 3712.0828125 25803.784375
100 3594.24375 29398.028125
110 3831.76875 33229.796875
120 3647.1140625 36876.9109375
130 3514.8875 40391.7984375
140 3782.1234375 44173.921875
150 3786.0671875 47959.9890625
160 3547.696875 51507.6859375
170 3630.2734375 55137.959375
180 3784.45 58922.409375
190 3549.803125 62472.2125
200 3742.696875 66214.909375
