10 0.1 2.21886031265759 0 2.21886031265759 2.21886031265759 0 0
20 0.1 15.257171117705242 0.0 15.257171117705242 2.21886031265759 2.21886031265759 1
30 0.1 24.288567149276087 0.0 24.288567149276087 2.21886031265759 8.738015715181415 2
40 0.1 37.60640961442163 0.0 37.60640961442163 2.21886031265759 13.921532859879639 3
50 0.1 29.745177423196 0.0 37.60640961442163 2.21886031265759 19.842752048515138 4
60 0.1 41.115598182735994 0.0 41.115598182735994 2.21886031265759 21.82323712345131 5
70 0.1 42.175000000000004 0.0 42.175000000000004 2.21886031265759 25.03863063333209 6
80 0.1 49.81684981684982 0.0 49.81684981684982 2.21886031265759 27.486683399998935 7
90 0.1 40.73694984646878 0.0 49.81684981684982 2.21886031265759 30.277954202105295 8
100 0.1 43.50808427241548 0.0 49.81684981684982 2.21886031265759 31.440064829256794 9
110 0.1 50.23427866831073 0.0 50.23427866831073 2.21886031265759 32.64686677357266 10
120 0.1 39.83392048314041 0.0 50.23427866831073 2.21886031265759 34.24572240036703 11
130 0.1 44.625246548323474 0.0 50.23427866831073 2.21886031265759 34.71140557393148 12
140 0.1 50.24119633381573 0.0 50.24119633381573 2.21886031265759 35.47400872580779 13
150 0.1 50.61499187746576 0.0 50.61499187746576 2.21886031265759 36.5288078406655 14
160 0.1 50.5950991831972 0.0 50.61499187746576 2.21886031265759 37.46788677645218 15
170 0.1 34.18008048289739 0.0 50.61499187746576 2.21886031265759 38.28833755187375 16
180 0.1 25.463194792188283 0.0 50.61499187746576 2.21886031265759 38.046675371345735 17
190 0.1 50.07334963325183 0.0 50.61499187746576 2.21886031265759 37.3475931169481 18
200 0.1 50.236494896689074 0.0 50.61499187746576 2.21886031265759 38.01736977570092 19
