10 0.1 2577.71484375 0 2577.71484375 2577.71484375 0 0
20 0.1 2581.4453125 0.0 2581.4453125 2577.71484375 2577.71484375 1
30 0.1 2577.87109375 0.0 2581.4453125 2577.71484375 2579.580078125 2
40 0.1 2583.41015625 0.0 2583.41015625 2577.71484375 2579.0104166666665 3
50 0.1 2590.12109375 0.0 2590.12109375 2577.71484375 2580.1103515625 4
60 0.1 2593.8671875 0.0 2593.8671875 2577.71484375 2582.1125 5
70 0.1 2599.52734375 0.0 2599.52734375 2577.71484375 2584.0716145833335 6
80 0.1 2601.609375 0.0 2601.609375 2577.71484375 2586.2795758928573 7
90 0.1 2603.25 0.0 2603.25 2577.71484375 2588.19580078125 8
100 0.1 2611.57421875 0.0 2611.57421875 2577.71484375 2589.8684895833335 9
110 0.1 2611.6796875 0.0 2611.6796875 2577.71484375 2592.0390625 10
120 0.1 2611.26953125 0.0 2611.6796875 2577.71484375 2593.8245738636365 11
130 0.1 2611.13671875 0.0 2611.6796875 2577.71484375 2595.2783203125 12
140 0.1 2605.2265625 0.0 2611.6796875 2577.71484375 2596.4981971153848 13
150 0.1 2597.96875 0.0 2611.6796875 2577.71484375 2597.121651785714 14
160 0.1 2597.359375 0.0 2611.6796875 2577.71484375 2597.178125 15
170 0.1 2596.46484375 0.0 2611.6796875 2577.71484375 2597.189453125 16
180 0.1 2596.0625 0.0 2611.6796875 2577.71484375 2597.1468290441176 17
190 0.1 2594.78125 0.0 2611.6796875 2577.71484375 2597.0865885416665 18
200 0.1 2591.8359375 0.0 2611.6796875 2577.71484375 2596.9652549342104 19
