10 559.8953125 559.8953125
20 1434.42890625 1994.32421875
30 2432.50703125 4426.83125
40 1746.940625 6173.771875
50 3122.14765625 9295.91953125
60 2416.38125 11712.30078125
70 3365.85546875 15078.15625
80 3280.70234375 18358.85859375
90 2388.60859375 20747.4671875
100 3401.0109375 24148.478125
110 3303.65078125 27452.12890625
120 2467.5875 29919.71640625
130 3411.515625 33331.23203125
140 3413.60625 36744.83828125
150 3431.6796875 40176.51796875
160 3208.321875 43384.83984375
170 1524.64609375 44909.4859375
180 2495.040625 47404.5265625
190 3337.27734375 50741.80390625
200 3421.5046875 54163.30859375
