10 597.85859375 597.85859375
20 1570.48203125 2168.340625
30 2024.3078125 4192.6484375
40 1336.03515625 5528.68359375
50 647.2171875 6175.90078125
60 278.39765625 6454.2984375
70 934.07734375 7388.37578125
80 416.42265625 7804.7984375
90 707.446875 8512.2453125
100 736.82109375 9249.06640625
110 610.20546875 9859.271875
120 895.61796875 10754.88984375
130 871.32578125 11626.215625
140 848.41171875 12474.62734375
150 743.7171875 13218.34453125
160 549.446875 13767.79140625
170 751.88359375 14519.675
180 403.96640625 14923.64140625
190 193.68671875 15117.328125
200 849.6578125 15966.9859375
