10 676.721875 676.721875
20 1733.3875 2410.109375
30 2089.1796875 4499.2890625
40 981.38125 5480.6703125
50 534.559375 6015.2296875
60 187.1875 6202.4171875
70 779.4359375 6981.853125
80 395.1671875 7377.0203125
90 575.278125 7952.2984375
100 526.878125 8479.1765625
110 365.365625 8844.5421875
120 440.6203125 9285.1625
130 522.21875 9807.38125
140 555.98125 10363.3625
150 481.8765625 10845.2390625
160 270.3234375 11115.5625
170 544.5703125 11660.1328125
180 332.0875 11992.2203125
190 62.3796875 12054.6
200 495.1984375 12549.7984375
