10 0.1 1.1812013068610203 0 1.1812013068610203 1.1812013068610203 0 0
20 0.1 11.158262606090865 0.0 11.158262606090865 1.1812013068610203 1.1812013068610203 1
30 0.1 20.21382396817504 0.0 20.21382396817504 1.1812013068610203 6.1697319564759425 2
40 0.1 25.156132900324756 0.0 25.156132900324756 1.1812013068610203 10.85109596037564 3
50 0.1 25.494120590442833 0.0 25.494120590442833 1.1812013068610203 14.427355195362919 4
60 0.1 25.425851703406817 0.0 25.494120590442833 1.1812013068610203 16.640708274378902 5
70 0.1 25.569176882662 0.0 25.569176882662 1.1812013068610203 18.104898845883557 6
80 0.1 25.475475475475474 0.0 25.569176882662 1.1812013068610203 19.171224279709048 7
90 0.1 25.438596491228072 0.0 25.569176882662 1.1812013068610203 19.95925567917985 8
100 0.1 25.450901803607213 0.0 25.569176882662 1.1812013068610203 20.568071324962986 9
110 0.1 25.48774387193597 0.0 25.569176882662 1.1812013068610203 21.05635437282741 10
120 0.1 25.525525525525527 0.0 25.569176882662 1.1812013068610203 21.459207963655462 11
130 0.1 25.469571750563485 0.0 25.569176882662 1.1812013068610203 21.798067760477966 12
140 0.1 25.488232348522782 0.0 25.569176882662 1.1812013068610203 22.0804911443307 13
150 0.1 25.51420176297747 0.0 25.569176882662 1.1812013068610203 22.323901230344422 14
160 0.1 25.53191489361702 0.0 25.569176882662 1.1812013068610203 22.536587932519957 15
170 0.1 25.431789737171464 0.0 25.569176882662 1.1812013068610203 22.72379586758852 16
180 0.1 25.519139354515886 0.0 25.569176882662 1.1812013068610203 22.883089624622812 17
190 0.1 25.519659403956922 0.0 25.569176882662 1.1812013068610203 23.029536831839096 18
200 0.1 25.444527923866765 0.0 25.569176882662 1.1812013068610203 23.16059591458214 19
