10 0.1 878.3125 0 878.3125 878.3125 0 0
20 0.1 878.4453125 0.0 878.4453125 878.3125 878.3125 1
30 0.1 878.59375 0.0 878.59375 878.3125 878.37890625 2
40 0.1 876.6875 0.0 878.59375 876.6875 878.4505208333334 3
50 0.1 873.6328125 0.0 878.59375 873.6328125 878.009765625 4
60 0.1 873.7578125 0.0 878.59375 873.6328125 877.134375 5
70 0.1 873.5390625 0.0 878.59375 873.5390625 876.5716145833334 6
80 0.1 873.52734375 0.0 878.59375 873.52734375 876.1383928571429 7
90 0.1 873.5703125 0.0 878.59375 873.52734375 875.81201171875 8
100 0.1 873.43359375 0.0 878.59375 873.43359375 875.5629340277778 9
110 0.1 873.265625 0.0 878.59375 873.265625 875.35 10
120 0.1 872.60546875 0.0 878.59375 872.60546875 875.1605113636364 11
130 0.1 872.87109375 0.0 878.59375 872.60546875 874.9475911458334 12
140 0.1 872.73046875 0.0 878.59375 872.60546875 874.7878605769231 13
150 0.1 872.50390625 0.0 878.59375 872.50390625 874.6409040178571 14
160 0.1 872.07421875 0.0 878.59375 872.07421875 874.4984375 15
170 0.1 872.01953125 0.0 878.59375 872.01953125 874.346923828125 16
180 0.1 871.98828125 0.0 878.59375 871.98828125 874.2100183823529 17
190 0.1 871.625 0.0 878.59375 871.625 874.0865885416666 18
200 0.1 871.38671875 0.0 878.59375 871.38671875 873.95703125 19
