10 77.8 12.065171739436053 3.844876733634039 46.885986328125 8.037109375 0 0
20 170.5 18.20109455186951 9.480016978517352 54.8359375 7.88818359375 12.065171739436053 778
30 221.1 685.5596228728518 587.8587340254395 2699.15283203125 7.88818359375 16.278521878461042 2483
40 231.3 2800.2735673283473 800.9995842324872 4388.3359375 7.88818359375 331.5278858108424 4694
50 258.4 4929.414566559688 1276.240154476883 10938.39013671875 7.88818359375 1146.457065395542 7007
60 237.8 6757.0862195245145 3013.3398118555124 19603.537841796875 7.88818359375 2165.6586275901154 9591
70 264 9509.911873557337 5849.779345047926 24230.22021484375 7.88818359375 3077.8831086344803 11969
80 254.5 9105.536706662899 8044.621302442497 35788.126953125 7.88818359375 4240.218377263158 14609
90 235.1 9301.37382467734 8185.472677411246 36315.282958984375 7.88818359375 4962.046239471525 17154
100 248.2 8176.013882374978 5807.737603086499 45711.384033203125 7.88818359375 5485.079264481465 19505
110 254.4 10621.529754734624 8933.424722429105 60708.412109375 7.88818359375 5788.845113465487 21987
120 240.6 11001.678587953938 9432.02447568834 60708.412109375 7.88818359375 6290.021165293325 24531
130 245.4 9305.193132346114 7842.860632934783 73180.8779296875 7.88818359375 6710.864160390086 26937
140 251.1 10659.645317050295 7830.7282523599615 73180.8779296875 7.88818359375 6927.477521527172 29391
150 236 8796.261473057642 7312.90336176678 73180.8779296875 7.88818359375 7221.235697646492 31902
160 246.1 12297.929545241708 10253.653859817583 116162.15014648438 7.88818359375 7329.725010295208 34262
170 252.9 11237.446109890894 9085.029456653623 116162.15014648438 7.88818359375 7662.670340483465 36723
180 232.4 14028.118433625688 11850.628943953467 116162.15014648438 7.88818359375 7892.992564085609 39252
190 246.3 12739.6587930076 9834.570815441024 133783.7861328125 7.88818359375 8235.931579883452 41576
200 239.4 10491.6316209632 8615.751817449987 133783.7861328125 7.88818359375 8487.814686355552 44039
200 2.6 4951.763070913461 1744.6239934697735 133783.7861328125 7.88818359375 8591.127798613014 46433
