20 0.1 3393 0 3393 3393 0 0
30 0.1 7489.0 0.0 7489 3393 3393.0 1
40 0.1 11223.0 0.0 11223 3393 5441.0 2
50 0.1 15223.0 0.0 15223 3393 7368.333333333333 3
60 0.1 19381.0 0.0 19381 3393 9332.0 4
70 0.1 21795.0 0.0 21795 3393 11341.8 5
80 0.1 26166.0 0.0 26166 3393 13084.0 6
90 0.1 28235.0 0.0 28235 3393 14952.857142857143 7
100 0.1 31307.0 0.0 31307 3393 16613.125 8
110 0.1 39252.0 0.0 39252 3393 18245.777777777777 9
120 0.1 39020.0 0.0 39252 3393 20346.4 10
130 0.1 41152.0 0.0 41152 3393 22044.0 11
140 0.1 34923.0 0.0 41152 3393 23636.333333333332 12
150 0.1 36124.0 0.0 41152 3393 24504.53846153846 13
160 0.1 36476.0 0.0 41152 3393 25334.5 14
170 0.1 36251.0 0.0 41152 3393 26077.266666666666 15
180 0.1 39901.0 0.0 41152 3393 26713.125 16
190 0.1 34365.0 0.0 41152 3393 27488.882352941175 17
200 0.1 36830.0 0.0 41152 3393 27870.88888888889 18
