20 0.1 2309 0 2309 2309 0 0
30 0.1 5050.0 0.0 5050 2309 2309.0 1
40 0.1 7462.0 0.0 7462 2309 3679.5 2
50 0.1 10049.0 0.0 10049 2309 4940.333333333333 3
60 0.1 12745.0 0.0 12745 2309 6217.5 4
70 0.1 14251.0 0.0 14251 2309 7523.0 5
80 0.1 17051.0 0.0 17051 2309 8644.333333333334 6
90 0.1 18460.0 0.0 18460 2309 9845.285714285714 7
100 0.1 20556.0 0.0 20556 2309 10922.125 8
110 0.1 25659.0 0.0 25659 2309 11992.555555555555 9
120 0.1 25518.0 0.0 25659 2309 13359.2 10
130 0.1 27018.0 0.0 27018 2309 14464.545454545454 11
140 0.1 22927.0 0.0 27018 2309 15510.666666666666 12
150 0.1 23857.0 0.0 27018 2309 16081.153846153846 13
160 0.1 24140.0 0.0 27018 2309 16636.571428571428 14
170 0.1 24311.0 0.0 27018 2309 17136.8 15
180 0.1 26727.0 0.0 27018 2309 17585.1875 16
190 0.1 23140.0 0.0 27018 2309 18122.941176470587 17
200 0.1 2.5e4 0.0 27018 2309 18401.666666666668 18
