10 475.4421875 475.4421875
20 1403.17734375 1878.61953125
30 2273.8296875 4152.44921875
40 3091.025 7243.47421875
50 4131.06640625 11374.540625
60 4695.01484375 16069.55546875
70 5706.88671875 21776.4421875
80 6112.60234375 27889.04453125
90 6671.9953125 34561.03984375
100 8019.85625 42580.89609375
110 8320.8890625 50901.78515625
120 7940.18203125 58841.9671875
130 7820.7171875 66662.684375
140 7741.41484375 74404.09921875
150 7892.39609375 82296.4953125
160 7663.87890625 89960.37421875
170 7651.60703125 97611.98125
180 7760.93828125 105372.91953125
190 7667.78359375 113040.703125
200 8027.1078125 121067.8109375
