10 0.1 2.76953125 0 2.76953125 2.76953125 0 0
20 0.1 2.33984375 0.0 2.76953125 2.33984375 2.76953125 1
30 0.1 2.21875 0.0 2.76953125 2.21875 2.5546875 2
40 0.1 1.94921875 0.0 2.76953125 1.94921875 2.4427083333333335 3
50 0.1 1.73046875 0.0 2.76953125 1.73046875 2.3193359375 4
60 0.1 1.609375 0.0 2.76953125 1.609375 2.2015625 5
70 0.1 1.91015625 0.0 2.76953125 1.609375 2.1028645833333335 6
80 0.1 1.9296875 0.0 2.76953125 1.609375 2.0753348214285716 7
90 0.1 2.08984375 0.0 2.76953125 1.609375 2.05712890625 8
100 0.1 2.23828125 0.0 2.76953125 1.609375 2.060763888888889 9
110 0.1 2.51171875 0.0 2.76953125 1.609375 2.078515625 10
120 0.1 2.8203125 0.0 2.8203125 1.609375 2.117897727272727 11
130 0.1 3.078125 0.0 3.078125 1.609375 2.1764322916666665 12
140 0.1 3.0703125 0.0 3.078125 1.609375 2.245793269230769 13
160 0.1 3.30078125 0.0 3.30078125 1.609375 2.3046875 14
170 0.1 3.44921875 0.0 3.44921875 1.609375 2.37109375 15
180 0.1 3.5390625 0.0 3.5390625 1.609375 2.4384765625 16
190 0.1 3.6796875 0.0 3.6796875 1.609375 2.503216911764706 17
200 0.1 3.75 0.0 3.75 1.609375 2.568576388888889 18
