10 94.2 1.0828193939921733 0.26157971069803454 4.35009765625 0.575927734375 0 0
20 179.5 1.0085937500000002 0.2450787225729295 4.35009765625 0.510986328125 1.0828193939921733 942
30 287.3 0.991903079995867 0.2924413531683919 4.35009765625 0.510986328125 1.0341401718635834 2737
40 372.8 0.9900376479513141 0.2911737779453539 4.35009765625 0.447021484375 1.0125096611798134 5610
50 464.9 1.4712256458042055 20.708913760222707 999.77001953125 0.421142578125 1.003538182778031 9338
60 545.5 7.843889189247251 79.84818014341322 1526.767822265625 0.421142578125 1.1589881731697294 13987
70 613.6 234.0631343438699 488.81101375149683 7007.429931640625 0.421142578125 3.03462519830618 19442
80 760.8 564.4327015199906 860.1821358124175 7379.93115234375 0.421142578125 58.45689950111246 25578
90 764 797.3085644147783 1298.2447560372786 15664.318115234375 0.421142578125 174.45352162368297 33186
100 662.5 707.7314639224629 1604.6179365585315 31076.468994140625 0.421142578125 291.0119041966504 40826
110 645.2 658.3221571390751 1156.7796802379867 31076.468994140625 0.421142578125 349.1933352135627 47451
120 621.8 637.949083644198 1319.04457598183 31076.468994140625 0.421142578125 386.19497072667707 53903
130 715.2 644.1756971047746 1136.2532037112596 31090.5458984375 0.421142578125 412.2325794511019 60121
140 676.9 747.8871807741402 1435.9919525568114 31670.5419921875 0.421142578125 436.8911672568943 67273
150 763.2 627.6470781882122 1126.4787869120644 31670.5419921875 0.421142578125 465.32276034592803 74042
160 718 670.3580045482234 1305.8068808364426 31844.365966796875 0.421142578125 480.4911027042344 81674
170 667.8 603.4808664381883 1199.927909084484 31844.365966796875 0.421142578125 495.83362364014994 88854
180 697.7 582.2983949564751 963.576836511632 31844.365966796875 0.421142578125 503.3585188313455 95532
190 703.2 626.0193538730845 1141.5676565536737 31844.365966796875 0.421142578125 508.7313496630289 102509
200 705.8 653.8114123670069 1266.0098609846177 31844.365966796875 0.421142578125 516.2606696948445 109541
200 15.1 1043.608999896523 837.8573242070097 31844.365966796875 0.421142578125 524.5869258529601 116599
