10 1132.37578125 1132.37578125
20 2096.38046875 3228.75625
30 3348.58046875 6577.33671875
40 4356.11328125 10933.45
50 5463.26015625 16396.71015625
60 6015.25703125 22411.9671875
70 5180.58671875 27592.55390625
80 4218.50625 31811.06015625
90 3677.32109375 35488.38125
100 4482.57109375 39970.95234375
110 4226.725 44197.67734375
120 4582.49140625 48780.16875
130 4179.81796875 52959.98671875
140 4460.73203125 57420.71875
150 3540.725 60961.44375
160 4282.028125 65243.471875
170 4727.42109375 69970.89296875
180 4058.49609375 74029.3890625
190 4134.42421875 78163.81328125
200 4305.3140625 82469.12734375
200 137.3765625 82606.50390625
